"","occurrenceID","basisOfRecord","typeStatus","associatedReferences","institutionCode","taxonRank","collectionCode","recordedBy","recordNumber","identifiedBy","lifeForm","datasetID","matchCodeEpig","matchedNameEpig","decimalLatitude","decimalLongitude","eventDate","changes","discardReason","verbatimtypeStatus","verbatimrecordedBy","verbatimidentifiedBy"
"1","HEM2025_0001","PreservedSpecimen","Coleccion",NA,"UNICACH","SPECIES","HEM","M.M.I. | L.D.L.R. | H.C.O. | C.S.R.","201","M.M.I.","NV","HEM2025",0,"",16.5566666666667,-92.0861111111111,"1995-04-21","change1: Filled coordinateUncertaintyInMeters from decimal-place precision (conservative). | epi_taxo: acceptedName(match1); authorship_epig(match1); genus_from_scientificName; family_WFO; order_majorGroup_WCVP [2026-03-11] | CoordinateCleaner QA applied without sea test (validity, equal, zeros, capitals, centroids, gbif, institutions) [2026-03-29]","standardized authors names in recordedBy","Colección","M.M.I. & L.D.L.R. & H.C.O. & C.S.R.","M.M.I."
"2","HEM2025_0002","PreservedSpecimen","Coleccion",NA,"UNICACH","SPECIES","HEM","J.M.M.","1135","J.M.M.","HE","HEM2025",0,"",15.8063333333333,-92.9828333333333,"2005-08-27","change1: Filled coordinateUncertaintyInMeters from decimal-place precision (conservative). | epi_taxo: acceptedName(match1); authorship_epig(match1); genus_from_scientificName; family_WFO; order_majorGroup_WCVP [2026-03-11] | CoordinateCleaner QA applied without sea test (validity, equal, zeros, capitals, centroids, gbif, institutions) [2026-03-29]","","Colección","J.M.M.","J.M.M."
"3","HEM2025_0003","PreservedSpecimen","Coleccion",NA,"UNICACH","GENUS","HEM","Perez-Farrera, M.A.","2568","M.E.L.M.","HE","HEM2025",NA,"",15.7769444444444,-93.09,"2001-07-18","change1: Genus placeholder (sp./spp.): moved to 'genus', set taxonRank=GENUS, cleared scientificName; kept original in verbatim. | change2: Filled coordinateUncertaintyInMeters from decimal-place precision (conservative). | epi_taxo: acceptedName(match1); authorship_epig(match1); genus_from_scientificName; family_WFO; order_majorGroup_WCVP [2026-03-11] | CoordinateCleaner QA applied without sea test (validity, equal, zeros, capitals, centroids, gbif, institutions) [2026-03-29]","standardized authors names in recordedBy","Colección","M.A. Pérez-Farrera","M.E.L.M."
"4","HEM2025_0004","PreservedSpecimen","Coleccion",NA,"UNICACH","SPECIES","HEM","P.J.S. | R.J.H. | A.R.G. | M.H.","260","ND","HE","HEM2025",0,"",15.3127777777778,-92.2347222222222,"1990-02-07","change1: Filled coordinateUncertaintyInMeters from decimal-place precision (conservative). | epi_taxo: acceptedName(match1); authorship_epig(match1); genus_from_scientificName; family_WFO; order_majorGroup_WCVP [2026-03-11] | CoordinateCleaner QA applied without sea test (validity, equal, zeros, capitals, centroids, gbif, institutions) [2026-03-29]","standardized authors names in recordedBy","Colección","P.J.S. & R.J.H. & A.R.G. & M.H.","ND"
"5","HEM2025_0005","PreservedSpecimen","Coleccion",NA,"UNICACH","SPECIES","HEM","P.J.S. | R.J.H. | A.R.G. | M.H.","282","T.B.C.","HE","HEM2025",1,"Anthurium andicola",15.3127777777778,-92.2347222222222,"1990-02-07","change1: Filled coordinateUncertaintyInMeters from decimal-place precision (conservative). | epi_taxo: acceptedName(match1); authorship_epig(match1); genus_from_scientificName; family_WFO; order_majorGroup_WCVP [2026-03-11] | CoordinateCleaner QA applied without sea test (validity, equal, zeros, capitals, centroids, gbif, institutions) [2026-03-29]","standardized authors names in recordedBy","Colección","P.J.S. & R.J.H. & A.R.G. & M.H.","T.B.C."
"6","HEM2025_0006","PreservedSpecimen","Coleccion",NA,"UNICACH","SPECIES","HEM","N.M.M.","562","Perez-Farrera, M.A.","HE","HEM2025",1,"Anthurium andicola",15.6608333333333,-92.8275,"2004-11-11","change1: Filled coordinateUncertaintyInMeters from decimal-place precision (conservative). | epi_taxo: acceptedName(match1); authorship_epig(match1); genus_from_scientificName; family_WFO; order_majorGroup_WCVP [2026-03-11] | CoordinateCleaner QA applied without sea test (validity, equal, zeros, capitals, centroids, gbif, institutions) [2026-03-29]","standardized authors names in identifiedBy","Colección","N.M.M.","M.A. Pérez-Farrera"
"7","HEM2025_0007","PreservedSpecimen","Coleccion",NA,"UNICACH","SPECIES","HEM","H.G.D.","1030","H.G.D.","HE","HEM2025",1,"Anthurium andicola",15.5991388888889,-92.6927777777778,"2005-06-13","change1: Filled coordinateUncertaintyInMeters from decimal-place precision (conservative). | epi_taxo: acceptedName(match1); authorship_epig(match1); genus_from_scientificName; family_WFO; order_majorGroup_WCVP [2026-03-11] | CoordinateCleaner QA applied without sea test (validity, equal, zeros, capitals, centroids, gbif, institutions) [2026-03-29]","","Colección","H.G.D.","H.G.D."
"8","HEM2025_0008","PreservedSpecimen","Coleccion",NA,"UNICACH","SPECIES","HEM","F.E.P.C.","128","F.E.P.C.","HE","HEM2025",1,"Anthurium andicola",15.8244444444444,-93.0630555555556,"1999-02-11","change1: Filled coordinateUncertaintyInMeters from decimal-place precision (conservative). | epi_taxo: acceptedName(match1); authorship_epig(match1); genus_from_scientificName; family_WFO; order_majorGroup_WCVP [2026-03-11] | CoordinateCleaner QA applied without sea test (validity, equal, zeros, capitals, centroids, gbif, institutions) [2026-03-29]","","Colección","F.E.P.C.","F.E.P.C."
"9","HEM2025_0009","PreservedSpecimen","Coleccion",NA,"UNICACH","SPECIES","HEM","J.C.R.","176","Perez-Farrera, M.A.","HE","HEM2025",1,"Anthurium andicola",15.8505555555556,-93.2016666666667,"1999-11-17","change1: Filled coordinateUncertaintyInMeters from decimal-place precision (conservative). | epi_taxo: acceptedName(match1); authorship_epig(match1); genus_from_scientificName; family_WFO; order_majorGroup_WCVP [2026-03-11] | CoordinateCleaner QA applied without sea test (validity, equal, zeros, capitals, centroids, gbif, institutions) [2026-03-29]","standardized authors names in identifiedBy","Colección","J.C.R.","M.A. Pérez-Farrera"
"10","HEM2025_0010","PreservedSpecimen","Coleccion",NA,"UNICACH","SPECIES","HEM","N.M.M.","25","Perez-Farrera, M.A.","HE","HEM2025",1,"Anthurium andicola",15.7344444444444,-92.9341666666667,"2001-03-22","change1: Filled coordinateUncertaintyInMeters from decimal-place precision (conservative). | epi_taxo: acceptedName(match1); authorship_epig(match1); genus_from_scientificName; family_WFO; order_majorGroup_WCVP [2026-03-11] | CoordinateCleaner QA applied without sea test (validity, equal, zeros, capitals, centroids, gbif, institutions) [2026-03-29]","standardized authors names in identifiedBy","Colección","N.M.M.","M.A. Pérez-Farrera"
"11","HEM2025_0011","PreservedSpecimen","Coleccion",NA,"UNICACH","SPECIES","HEM","J.M.M.","1360","Perez-Farrera, M.A.","HE","HEM2025",1,"Anthurium cerrobaulense",16.2086111111111,-93.7144444444445,"2006-06-04","change1: Filled coordinateUncertaintyInMeters from decimal-place precision (conservative). | epi_taxo: acceptedName(match1); authorship_epig(match1); genus_from_scientificName; family_WFO; order_majorGroup_WCVP [2026-03-11] | CoordinateCleaner QA applied without sea test (validity, equal, zeros, capitals, centroids, gbif, institutions) [2026-03-29]","standardized authors names in identifiedBy","Colección","J.M.M.","M.A. Pérez-Farrera"
"12","HEM2025_0012","PreservedSpecimen","Coleccion",NA,"UNICACH","SPECIES","HEM","Perez-Farrera, M.A.","1593","Perez-Farrera, M.A.","HE","HEM2025",1,"Anthurium cerrobaulense",15.8530555555556,-93.1511111111111,"1998-01-22","change1: Filled coordinateUncertaintyInMeters from decimal-place precision (conservative). | epi_taxo: acceptedName(match1); authorship_epig(match1); genus_from_scientificName; family_WFO; order_majorGroup_WCVP [2026-03-11] | CoordinateCleaner QA applied without sea test (validity, equal, zeros, capitals, centroids, gbif, institutions) [2026-03-29]","standardized authors names in recordedBy / standardized authors names in identifiedBy","Colección","M.A. Pérez-Farrera","M.A. Pérez-Farrera"
"13","HEM2025_0013","PreservedSpecimen","Coleccion",NA,"UNICACH","SPECIES","HEM","M.D.R.S.","47-bis","Perez-Farrera, M.A.","HE","HEM2025",1,"Anthurium chamulense",15.7697222222222,-92.9361111111111,"2005-04-21","change1: Filled coordinateUncertaintyInMeters from decimal-place precision (conservative). | epi_taxo: acceptedName(match1); authorship_epig(match1); genus_from_scientificName; family_WFO; order_majorGroup_WCVP [2026-03-11] | CoordinateCleaner QA applied without sea test (validity, equal, zeros, capitals, centroids, gbif, institutions) [2026-03-29]","standardized authors names in identifiedBy","Colección","M.D.R.S.","M.A. Pérez-Farrera"
"14","HEM2025_0014","PreservedSpecimen","Coleccion",NA,"UNICACH","SPECIES","HEM","Perez-Farrera, M.A.","491-bis2","Perez-Farrera, M.A.","HE","HEM2025",1,"Anthurium chiapasense",15.9416666666667,-93.2916666666667,"1995-07-11","change1: Filled coordinateUncertaintyInMeters from decimal-place precision (conservative). | epi_taxo: acceptedName(match1); authorship_epig(match1); genus_from_scientificName; family_WFO; order_majorGroup_WCVP [2026-03-11] | CoordinateCleaner QA applied without sea test (validity, equal, zeros, capitals, centroids, gbif, institutions) [2026-03-29]","standardized authors names in recordedBy / standardized authors names in identifiedBy","Colección","M.A. Pérez-Farrera","M.A. Pérez-Farrera"
"15","HEM2025_0015","PreservedSpecimen","Coleccion",NA,"UNICACH","SPECIES","HEM","A.R.A.","277","A.R.A.","HE","HEM2025",1,"Anthurium chiapasense",15.7994444444444,-93.0639166666667,"2005-04-20","change1: Filled coordinateUncertaintyInMeters from decimal-place precision (conservative). | epi_taxo: acceptedName(match1); authorship_epig(match1); genus_from_scientificName; family_WFO; order_majorGroup_WCVP [2026-03-11] | CoordinateCleaner QA applied without sea test (validity, equal, zeros, capitals, centroids, gbif, institutions) [2026-03-29]","","Colección","A.R.A.","A.R.A."
"16","HEM2025_0016","PreservedSpecimen","Coleccion",NA,"UNICACH","SPECIES","HEM","A.R.R.","286","A.R.R.","HE","HEM2025",1,"Anthurium chiapasense",15.8022222222222,-93.035,"2005-04-29","change1: Filled coordinateUncertaintyInMeters from decimal-place precision (conservative). | epi_taxo: acceptedName(match1); authorship_epig(match1); genus_from_scientificName; family_WFO; order_majorGroup_WCVP [2026-03-11] | CoordinateCleaner QA applied without sea test (validity, equal, zeros, capitals, centroids, gbif, institutions) [2026-03-29]","","Colección","A.R.R.","A.R.R."
"17","HEM2025_0017","PreservedSpecimen","Coleccion",NA,"UNICACH","SPECIES","HEM","H.G.D.","912","T.B.C.","HE","HEM2025",1,"Anthurium chiapasense",15.6358666666667,-92.6445,"2005-01-18","change1: Filled coordinateUncertaintyInMeters from decimal-place precision (conservative). | epi_taxo: acceptedName(match1); authorship_epig(match1); genus_from_scientificName; family_WFO; order_majorGroup_WCVP [2026-03-11] | CoordinateCleaner QA applied without sea test (validity, equal, zeros, capitals, centroids, gbif, institutions) [2026-03-29]","","Colección","H.G.D.","T.B.C."
"18","HEM2025_0018","PreservedSpecimen","Coleccion",NA,"UNICACH","SPECIES","HEM","M.D.R.S.","41","R.R.S.","HE","HEM2025",1,"Anthurium chiapasense",15.7227777777778,-92.9436111111111,"2005-04-21","change1: Filled coordinateUncertaintyInMeters from decimal-place precision (conservative). | epi_taxo: acceptedName(match1); authorship_epig(match1); genus_from_scientificName; family_WFO; order_majorGroup_WCVP [2026-03-11] | CoordinateCleaner QA applied without sea test (validity, equal, zeros, capitals, centroids, gbif, institutions) [2026-03-29]","","Colección","M.D.R.S.","R.R.S."
"19","HEM2025_0019","PreservedSpecimen","Coleccion",NA,"UNICACH","SPECIES","HEM","M.D.R.S.","107","R.R.S.","HE","HEM2025",1,"Anthurium chiapasense",15.8128611111111,-93.1461944444444,"","change1: Filled coordinateUncertaintyInMeters from decimal-place precision (conservative). | epi_taxo: acceptedName(match1); authorship_epig(match1); genus_from_scientificName; family_WFO; order_majorGroup_WCVP [2026-03-11] | CoordinateCleaner QA applied without sea test (validity, equal, zeros, capitals, centroids, gbif, institutions) [2026-03-29]","","Colección","M.D.R.S.","R.R.S."
"20","HEM2025_0020","PreservedSpecimen","Coleccion",NA,"UNICACH","SPECIES","HEM","N.M.M.","938","N.M.M.","HE","HEM2025",1,"Anthurium chiapasense",15.4168888888889,-92.6390833333333,"2005-07-22","change1: Filled coordinateUncertaintyInMeters from decimal-place precision (conservative). | epi_taxo: acceptedName(match1); authorship_epig(match1); genus_from_scientificName; family_WFO; order_majorGroup_WCVP [2026-03-11] | CoordinateCleaner QA applied without sea test (validity, equal, zeros, capitals, centroids, gbif, institutions) [2026-03-29]","","Colección","N.M.M.","N.M.M."
"21","HEM2025_0021","PreservedSpecimen","Coleccion",NA,"UNICACH","SPECIES","HEM","M.E.L.M.","334","M.E.L.M.","HE","HEM2025",1,"Anthurium chiapasense",15.7097222222222,-92.9819444444445,"1999-04-16","change1: Filled coordinateUncertaintyInMeters from decimal-place precision (conservative). | epi_taxo: acceptedName(match1); authorship_epig(match1); genus_from_scientificName; family_WFO; order_majorGroup_WCVP [2026-03-11] | CoordinateCleaner QA applied without sea test (validity, equal, zeros, capitals, centroids, gbif, institutions) [2026-03-29]","","Colección","M.E.L.M.","M.E.L.M."
"22","HEM2025_0022","PreservedSpecimen","Coleccion",NA,"UNICACH","SPECIES","HEM","C.A.P.B.","78","C.A.P.B.","HE","HEM2025",1,"Anthurium chiapasense",15.8220555555556,-93.0455555555556,"2005-07-17","change1: Filled coordinateUncertaintyInMeters from decimal-place precision (conservative). | epi_taxo: acceptedName(match1); authorship_epig(match1); genus_from_scientificName; family_WFO; order_majorGroup_WCVP [2026-03-11] | CoordinateCleaner QA applied without sea test (validity, equal, zeros, capitals, centroids, gbif, institutions) [2026-03-29]","","Colección","C.A.P.B.","C.A.P.B."
"23","HEM2025_0023","PreservedSpecimen","Coleccion",NA,"UNICACH","SPECIES","HEM","Chagala, J.L.","33","Chagala, J.L.","HE","HEM2025",1,"Anthurium chiapasense",15.8213333333333,-93.0480277777778,"2005-08-13","change1: Filled coordinateUncertaintyInMeters from decimal-place precision (conservative). | epi_taxo: acceptedName(match1); authorship_epig(match1); genus_from_scientificName; family_WFO; order_majorGroup_WCVP [2026-03-11] | CoordinateCleaner QA applied without sea test (validity, equal, zeros, capitals, centroids, gbif, institutions) [2026-03-29]","standardized authors names in recordedBy / standardized authors names in identifiedBy","Colección","J.L. Chagala","J.L. Chagala"
"24","HEM2025_0024","PreservedSpecimen","Coleccion",NA,"UNICACH","SPECIES","HEM","J.M.M.","686","Perez-Farrera, M.A.","HE","HEM2025",1,"Anthurium chiapasense",15.8213333333333,-93.0480277777778,"2004-12-16","change1: Filled coordinateUncertaintyInMeters from decimal-place precision (conservative). | epi_taxo: acceptedName(match1); authorship_epig(match1); genus_from_scientificName; family_WFO; order_majorGroup_WCVP [2026-03-11] | CoordinateCleaner QA applied without sea test (validity, equal, zeros, capitals, centroids, gbif, institutions) [2026-03-29]","standardized authors names in identifiedBy","Colección","J.M.M.","M.A. Pérez-Farrera"
"25","HEM2025_0025","PreservedSpecimen","Coleccion",NA,"UNICACH","SPECIES","HEM","J.M.M.","916","Perez-Farrera, M.A.","HE","HEM2025",1,"Anthurium chiapasense",15.8105555555556,-93.0543611111111,"2005-06-07","change1: Filled coordinateUncertaintyInMeters from decimal-place precision (conservative). | epi_taxo: acceptedName(match1); authorship_epig(match1); genus_from_scientificName; family_WFO; order_majorGroup_WCVP [2026-03-11] | CoordinateCleaner QA applied without sea test (validity, equal, zeros, capitals, centroids, gbif, institutions) [2026-03-29]","standardized authors names in identifiedBy","Colección","J.M.M.","M.A. Pérez-Farrera"
"26","HEM2025_0026","PreservedSpecimen","Coleccion",NA,"UNICACH","SPECIES","HEM","J.M.M.","915","J.M.M.","HE","HEM2025",1,"Anthurium chiapasense",15.8105555555556,-93.0543611111111,"2005-06-07","change1: Filled coordinateUncertaintyInMeters from decimal-place precision (conservative). | epi_taxo: acceptedName(match1); authorship_epig(match1); genus_from_scientificName; family_WFO; order_majorGroup_WCVP [2026-03-11] | CoordinateCleaner QA applied without sea test (validity, equal, zeros, capitals, centroids, gbif, institutions) [2026-03-29]","","Colección","J.M.M.","J.M.M."
"27","HEM2025_0027","PreservedSpecimen","Coleccion",NA,"UNICACH","SPECIES","HEM","J.M.M.","945","Perez-Farrera, M.A.","HE","HEM2025",1,"Anthurium chiapasense",15.8129166666667,-93.0569722222222,"2005-06-08","change1: Filled coordinateUncertaintyInMeters from decimal-place precision (conservative). | epi_taxo: acceptedName(match1); authorship_epig(match1); genus_from_scientificName; family_WFO; order_majorGroup_WCVP [2026-03-11] | CoordinateCleaner QA applied without sea test (validity, equal, zeros, capitals, centroids, gbif, institutions) [2026-03-29]","standardized authors names in identifiedBy","Colección","J.M.M.","M.A. Pérez-Farrera"
"28","HEM2025_0028","PreservedSpecimen","Coleccion",NA,"UNICACH","SPECIES","HEM","H.R.E.","48","H.R.E.","HE","HEM2025",1,"Anthurium chiapasense",15.5490833333333,-92.6077222222222,"2005-06-21","change1: Filled coordinateUncertaintyInMeters from decimal-place precision (conservative). | epi_taxo: acceptedName(match1); authorship_epig(match1); genus_from_scientificName; family_WFO; order_majorGroup_WCVP [2026-03-11] | CoordinateCleaner QA applied without sea test (validity, equal, zeros, capitals, centroids, gbif, institutions) [2026-03-29]","","Colección","H.R.E.","H.R.E."
"29","HEM2025_0029","PreservedSpecimen","Coleccion",NA,"UNICACH","SPECIES","HEM","H.R.E.","ND","H.R.E.","HE","HEM2025",1,"Anthurium chiapasense",15.7063333333333,-92.9908055555556,"2005-04-22","change1: Filled coordinateUncertaintyInMeters from decimal-place precision (conservative). | epi_taxo: acceptedName(match1); authorship_epig(match1); genus_from_scientificName; family_WFO; order_majorGroup_WCVP [2026-03-11] | CoordinateCleaner QA applied without sea test (validity, equal, zeros, capitals, centroids, gbif, institutions) [2026-03-29]","","Colección","H.R.E.","H.R.E."
"30","HEM2025_0030","PreservedSpecimen","Coleccion",NA,"UNICACH","SPECIES","HEM","Camilo, R.M.","19","Perez-Farrera, M.A.","HE","HEM2025",1,"Anthurium chiapasense",15.7363888888889,-92.9361111111111,"2001-01-24","change1: Filled coordinateUncertaintyInMeters from decimal-place precision (conservative). | epi_taxo: acceptedName(match1); authorship_epig(match1); genus_from_scientificName; family_WFO; order_majorGroup_WCVP [2026-03-11] | CoordinateCleaner QA applied without sea test (validity, equal, zeros, capitals, centroids, gbif, institutions) [2026-03-29]","standardized authors names in recordedBy / standardized authors names in identifiedBy","Colección","R.M. Camilo","M.A. Pérez-Farrera"
"31","HEM2025_0031","PreservedSpecimen","Coleccion",NA,"UNICACH","SPECIES","HEM","H.G.D.","1265","H.G.D.","HE","HEM2025",1,"Anthurium chiapasense",15.8138888888889,-93.0305555555556,"2006-04-20","change1: Filled coordinateUncertaintyInMeters from decimal-place precision (conservative). | epi_taxo: acceptedName(match1); authorship_epig(match1); genus_from_scientificName; family_WFO; order_majorGroup_WCVP [2026-03-11] | CoordinateCleaner QA applied without sea test (validity, equal, zeros, capitals, centroids, gbif, institutions) [2026-03-29]","","Colección","H.G.D.","H.G.D."
"32","HEM2025_0032","PreservedSpecimen","Coleccion",NA,"UNICACH","SPECIES","HEM","H.G.D.","1416","H.G.D.","HE","HEM2025",1,"Anthurium chiapasense",15.5768055555556,-92.7096111111111,"2006-08-08","change1: Filled coordinateUncertaintyInMeters from decimal-place precision (conservative). | epi_taxo: acceptedName(match1); authorship_epig(match1); genus_from_scientificName; family_WFO; order_majorGroup_WCVP [2026-03-11] | CoordinateCleaner QA applied without sea test (validity, equal, zeros, capitals, centroids, gbif, institutions) [2026-03-29]","","Colección","H.G.D.","H.G.D."
"33","HEM2025_0033","PreservedSpecimen","Coleccion",NA,"UNICACH","SPECIES","HEM","Chagala, J.L.","78","Chagala, J.L.","HE","HEM2025",1,"Anthurium chiapasense",15.7304444444444,-92.9659722222222,"","change1: Filled coordinateUncertaintyInMeters from decimal-place precision (conservative). | epi_taxo: acceptedName(match1); authorship_epig(match1); genus_from_scientificName; family_WFO; order_majorGroup_WCVP [2026-03-11] | CoordinateCleaner QA applied without sea test (validity, equal, zeros, capitals, centroids, gbif, institutions) [2026-03-29]","standardized authors names in recordedBy / standardized authors names in identifiedBy","Colección","J.L. Chagala","J.L. Chagala"
"34","HEM2025_0034","PreservedSpecimen","Coleccion",NA,"UNICACH","SPECIES","HEM","H.G.D.","1562","H.G.D.","HE","HEM2025",1,"Anthurium chiapasense",15.4221944444444,-92.6244166666667,"2006-11-16","change1: Filled coordinateUncertaintyInMeters from decimal-place precision (conservative). | epi_taxo: acceptedName(match1); authorship_epig(match1); genus_from_scientificName; family_WFO; order_majorGroup_WCVP [2026-03-11] | CoordinateCleaner QA applied without sea test (validity, equal, zeros, capitals, centroids, gbif, institutions) [2026-03-29]","","Colección","H.G.D.","H.G.D."
"35","HEM2025_0035","PreservedSpecimen","Coleccion",NA,"UNICACH","SPECIES","HEM","Perez-Farrera, M.A.","2605","Perez-Farrera, M.A.","HE","HEM2025",1,"Anthurium chiapasense",15.7769444444444,-93.09,"2001-07-18","change1: Filled coordinateUncertaintyInMeters from decimal-place precision (conservative). | epi_taxo: acceptedName(match1); authorship_epig(match1); genus_from_scientificName; family_WFO; order_majorGroup_WCVP [2026-03-11] | CoordinateCleaner QA applied without sea test (validity, equal, zeros, capitals, centroids, gbif, institutions) [2026-03-29]","standardized authors names in recordedBy / standardized authors names in identifiedBy","Colección","M.A. Pérez-Farrera","M.A. Pérez-Farrera"
"36","HEM2025_0036","PreservedSpecimen","Coleccion",NA,"UNICACH","SPECIES","HEM","R.C.M.","4","J.M.M.","HE","HEM2025",1,"Anthurium chiapasense",16.9058333333333,-92.0916666666667,"2002-10-28","change1: Filled coordinateUncertaintyInMeters from decimal-place precision (conservative). | epi_taxo: acceptedName(match1); authorship_epig(match1); genus_from_scientificName; family_WFO; order_majorGroup_WCVP [2026-03-11] | CoordinateCleaner QA applied without sea test (validity, equal, zeros, capitals, centroids, gbif, institutions) [2026-03-29]","","Colección","R.C.M.","J.M.M."
"37","HEM2025_0037","PreservedSpecimen","Coleccion",NA,"UNICACH","SPECIES","HEM","M.M.M. | N.M.M. | R.J.R.V. | E.C.N.","4330","Perez-Farrera, M.A.","HE","HEM2025",1,"Anthurium chiapasense",15.096,-92.1404722222222,"2014-06-18","change1: Filled coordinateUncertaintyInMeters from decimal-place precision (conservative). | epi_taxo: acceptedName(match1); authorship_epig(match1); genus_from_scientificName; family_WFO; order_majorGroup_WCVP [2026-03-11] | CoordinateCleaner QA applied without sea test (validity, equal, zeros, capitals, centroids, gbif, institutions) [2026-03-29]","standardized authors names in recordedBy / standardized authors names in identifiedBy","Colección","M.M.M. & N.M.M. & R.J.R.V. & E.C.N.","M.A. Pérez-Farrera"
"38","HEM2025_0038","PreservedSpecimen","Coleccion",NA,"UNICACH","SPECIES","HEM","M.M.M. | Camilo, R.M. | E.A.M.A. | M.I.L.R. | N.A.F.R.","4732","N.M.M.","HE","HEM2025",1,"Anthurium chiapasense",15.0926111111111,-92.1466944444444,"2014-07-07","change1: Filled coordinateUncertaintyInMeters from decimal-place precision (conservative). | epi_taxo: acceptedName(match1); authorship_epig(match1); genus_from_scientificName; family_WFO; order_majorGroup_WCVP [2026-03-11] | CoordinateCleaner QA applied without sea test (validity, equal, zeros, capitals, centroids, gbif, institutions) [2026-03-29]","standardized authors names in recordedBy","Colección","M.M.M. & R.M. Camilo & E.A.M.A. & M.I.L.R. & N.A.F.R.","N.M.M."
"39","HEM2025_0039","PreservedSpecimen","Coleccion",NA,"UNICACH","SPECIES","HEM","M.M.M. | A.L.C.","5016","N.M.M.","HE","HEM2025",1,"Anthurium chiapasense",15.1135833333333,-92.1829444444444,"2014-08-19","change1: Filled coordinateUncertaintyInMeters from decimal-place precision (conservative). | epi_taxo: acceptedName(match1); authorship_epig(match1); genus_from_scientificName; family_WFO; order_majorGroup_WCVP [2026-03-11] | CoordinateCleaner QA applied without sea test (validity, equal, zeros, capitals, centroids, gbif, institutions) [2026-03-29]","standardized authors names in recordedBy","Colección","M.M.M. & A.L.C.","N.M.M."
"40","HEM2025_0040","PreservedSpecimen","Coleccion",NA,"UNICACH","SPECIES","HEM","E.M.S. | A.M.G. | G.U. | M.R.","19785","T.B.C.","HE","HEM2025",1,"Anthurium chiapasense",15.0638888888889,-92.0722222222222,"1987-02-08","change1: Filled coordinateUncertaintyInMeters from decimal-place precision (conservative). | epi_taxo: acceptedName(match1); authorship_epig(match1); genus_from_scientificName; family_WFO; order_majorGroup_WCVP [2026-03-11] | CoordinateCleaner QA applied without sea test (validity, equal, zeros, capitals, centroids, gbif, institutions) [2026-03-29]","standardized authors names in recordedBy","Colección","E.M.S. & A.M.G. & G.U. & M.R.","T.B.C."
"41","HEM2025_0041","PreservedSpecimen","Coleccion",NA,"UNICACH","SPECIES","HEM","P.C. | V.M.","56","Perez-Farrera, M.A.","HE","HEM2025",1,"Anthurium chiapasense",15.3944444444444,-92.6166666666667,"1998-11-11","change1: Filled coordinateUncertaintyInMeters from decimal-place precision (conservative). | epi_taxo: acceptedName(match1); authorship_epig(match1); genus_from_scientificName; family_WFO; order_majorGroup_WCVP [2026-03-11] | CoordinateCleaner QA applied without sea test (validity, equal, zeros, capitals, centroids, gbif, institutions) [2026-03-29]","standardized authors names in recordedBy / standardized authors names in identifiedBy","Colección","P.C. & V.M.","M.A. Pérez-Farrera"
"42","HEM2025_0042","PreservedSpecimen","Coleccion",NA,"UNICACH","SPECIES","HEM","Perez-Farrera, M.A.","2694","Perez-Farrera, M.A.","HE","HEM2025",1,"Anthurium chiapasense",15.7011111111111,-92.9816666666667,"2002-04-12","change1: Filled coordinateUncertaintyInMeters from decimal-place precision (conservative). | epi_taxo: acceptedName(match1); authorship_epig(match1); genus_from_scientificName; family_WFO; order_majorGroup_WCVP [2026-03-11] | CoordinateCleaner QA applied without sea test (validity, equal, zeros, capitals, centroids, gbif, institutions) [2026-03-29]","standardized authors names in recordedBy / standardized authors names in identifiedBy","Colección","M.A. Pérez-Farrera","M.A. Pérez-Farrera"
"43","HEM2025_0043","PreservedSpecimen","Coleccion",NA,"UNICACH","SPECIES","HEM","Perez-Farrera, M.A.","2391","T.B.C.","HE","HEM2025",1,"Anthurium chiapasense",17.1916666666667,-92.2658333333333,"2000-04-10","change1: Filled coordinateUncertaintyInMeters from decimal-place precision (conservative). | epi_taxo: acceptedName(match1); authorship_epig(match1); genus_from_scientificName; family_WFO; order_majorGroup_WCVP [2026-03-11] | CoordinateCleaner QA applied without sea test (validity, equal, zeros, capitals, centroids, gbif, institutions) [2026-03-29]","standardized authors names in recordedBy","Colección","M.A. Pérez-Farrera","T.B.C."
"44","HEM2025_0044","PreservedSpecimen","Coleccion",NA,"UNICACH","SPECIES","HEM","Perez-Farrera, M.A.","2391","T.B.C.","HE","HEM2025",1,"Anthurium chiapasense",17.1916666666667,-92.2658333333333,"2000-04-10","change1: Filled coordinateUncertaintyInMeters from decimal-place precision (conservative). | epi_taxo: acceptedName(match1); authorship_epig(match1); genus_from_scientificName; family_WFO; order_majorGroup_WCVP [2026-03-11] | CoordinateCleaner QA applied without sea test (validity, equal, zeros, capitals, centroids, gbif, institutions) [2026-03-29]","standardized authors names in recordedBy","Colección","M.A. Pérez-Farrera","T.B.C."
"45","HEM2025_0045","PreservedSpecimen","Coleccion",NA,"UNICACH","SPECIES","HEM","Perez-Farrera, M.A.","2238","T.B.C.","HE","HEM2025",1,"Anthurium chiapasense",16.8858333333333,-94.1188888888889,"2000-01-20","change1: Filled coordinateUncertaintyInMeters from decimal-place precision (conservative). | epi_taxo: acceptedName(match1); authorship_epig(match1); genus_from_scientificName; family_WFO; order_majorGroup_WCVP [2026-03-11] | CoordinateCleaner QA applied without sea test (validity, equal, zeros, capitals, centroids, gbif, institutions) [2026-03-29]","standardized authors names in recordedBy","Colección","M.A. Pérez-Farrera","T.B.C."
"46","HEM2025_0046","PreservedSpecimen","Coleccion",NA,"UNICACH","SPECIES","HEM","Perez-Farrera, M.A.","712","Perez-Farrera, M.A.","HE","HEM2025",1,"Anthurium chiapasense",15.425,-92.6333333333333,"1995-08-28","change1: Filled coordinateUncertaintyInMeters from decimal-place precision (conservative). | epi_taxo: acceptedName(match1); authorship_epig(match1); genus_from_scientificName; family_WFO; order_majorGroup_WCVP [2026-03-11] | CoordinateCleaner QA applied without sea test (validity, equal, zeros, capitals, centroids, gbif, institutions) [2026-03-29]","standardized authors names in recordedBy / standardized authors names in identifiedBy","Colección","M.A. Pérez-Farrera","M.A. Pérez-Farrera"
"47","HEM2025_0047","PreservedSpecimen","Coleccion",NA,"UNICACH","SPECIES","HEM","O.F.S.","543","Perez-Farrera, M.A.","HE","HEM2025",1,"Anthurium chiapasense",15.7,-92.9361111111111,"","change1: Filled coordinateUncertaintyInMeters from decimal-place precision (conservative). | epi_taxo: acceptedName(match1); authorship_epig(match1); genus_from_scientificName; family_WFO; order_majorGroup_WCVP [2026-03-11] | CoordinateCleaner QA applied without sea test (validity, equal, zeros, capitals, centroids, gbif, institutions) [2026-03-29]","standardized authors names in identifiedBy","Colección","O.F.S.","M.A. Pérez-Farrera"
"48","HEM2025_0048","PreservedSpecimen","Coleccion",NA,"UNICACH","SPECIES","HEM","H.G.D.","934","H.G.D.","HE","HEM2025",1,"Anthurium chiapasense",15.8804444444444,-93.1959722222222,"2005-03-31","change1: Filled coordinateUncertaintyInMeters from decimal-place precision (conservative). | epi_taxo: acceptedName(match1); authorship_epig(match1); genus_from_scientificName; family_WFO; order_majorGroup_WCVP [2026-03-11] | CoordinateCleaner QA applied without sea test (validity, equal, zeros, capitals, centroids, gbif, institutions) [2026-03-29]","","Colección","H.G.D.","H.G.D."
"49","HEM2025_0049","PreservedSpecimen","Coleccion",NA,"UNICACH","SPECIES","HEM","M.M.M. | M.C.R.M.","3323","Perez-Farrera, M.A.","HE","HEM2025",1,"Anthurium cordatotriangulum",15.1348888888889,-92.1380555555556,"2013-12-15","change1: Filled coordinateUncertaintyInMeters from decimal-place precision (conservative). | epi_taxo: acceptedName(match1); authorship_epig(match1); genus_from_scientificName; family_WFO; order_majorGroup_WCVP [2026-03-11] | CoordinateCleaner QA applied without sea test (validity, equal, zeros, capitals, centroids, gbif, institutions) [2026-03-29]","standardized authors names in recordedBy / standardized authors names in identifiedBy","Colección","M.M.M. & M.C.R.M.","M.A. Pérez-Farrera"
"50","HEM2025_0050","PreservedSpecimen","Coleccion",NA,"UNICACH","SPECIES","HEM","M.M.M. | S.H.J. | V.E.G.J.","5936","N.M.M.","HE","HEM2025",1,"Anthurium cordatotriangulum",15.2297777777778,-92.317,"2015-05-30","change1: Filled coordinateUncertaintyInMeters from decimal-place precision (conservative). | epi_taxo: acceptedName(match1); authorship_epig(match1); genus_from_scientificName; family_WFO; order_majorGroup_WCVP [2026-03-11] | CoordinateCleaner QA applied without sea test (validity, equal, zeros, capitals, centroids, gbif, institutions) [2026-03-29]","standardized authors names in recordedBy","Colección","M.M.M. & S.H.J. & V.E.G.J.","N.M.M."
"51","HEM2025_0051","PreservedSpecimen","Coleccion",NA,"UNICACH","SPECIES","HEM","M.M.M. | S.H.J. | V.E.G.J.","5975","N.M.M.","HE","HEM2025",1,"Anthurium cordatotriangulum",15.2297777777778,-92.317,"2015-05-30","change1: Filled coordinateUncertaintyInMeters from decimal-place precision (conservative). | epi_taxo: acceptedName(match1); authorship_epig(match1); genus_from_scientificName; family_WFO; order_majorGroup_WCVP [2026-03-11] | CoordinateCleaner QA applied without sea test (validity, equal, zeros, capitals, centroids, gbif, institutions) [2026-03-29]","standardized authors names in recordedBy","Colección","M.M.M. & S.H.J. & V.E.G.J.","N.M.M."
"52","HEM2025_0052","PreservedSpecimen","Coleccion",NA,"UNICACH","SPECIES","HEM","M.M.M. | Camilo, R.M.","1183","Perez-Farrera, M.A.","HE","HEM2025",1,"Anthurium cordatum",15.1126388888889,-92.0980555555555,"2013-04-04","change1: Filled coordinateUncertaintyInMeters from decimal-place precision (conservative). | epi_taxo: acceptedName(match1); authorship_epig(match1); genus_from_scientificName; family_WFO; order_majorGroup_WCVP [2026-03-11] | CoordinateCleaner QA applied without sea test (validity, equal, zeros, capitals, centroids, gbif, institutions) [2026-03-29]","standardized authors names in recordedBy / standardized authors names in identifiedBy","Colección","M.M.M. & R.M. Camilo","M.A. Pérez-Farrera"
"53","HEM2025_0053","PreservedSpecimen","Coleccion",NA,"UNICACH","SPECIES","HEM","Perez-Farrera, M.A.","1222","Perez-Farrera, M.A.","HE","HEM2025",1,"Anthurium flexile",17.2108333333333,-92.2441666666667,"1996-11-07","change1: Filled coordinateUncertaintyInMeters from decimal-place precision (conservative). | epi_taxo: acceptedName(match1); authorship_epig(match1); genus_from_scientificName; family_WFO; order_majorGroup_WCVP [2026-03-11] | CoordinateCleaner QA applied without sea test (validity, equal, zeros, capitals, centroids, gbif, institutions) [2026-03-29]","standardized authors names in recordedBy / standardized authors names in identifiedBy","Colección","M.A. Pérez-Farrera","M.A. Pérez-Farrera"
"54","HEM2025_0054","PreservedSpecimen","Coleccion",NA,"UNICACH","SPECIES","HEM","Perez-Farrera, M.A.","1222","Perez-Farrera, M.A.","HE","HEM2025",1,"Anthurium flexile",17.2108333333333,-92.2441666666667,"1996-11-07","change1: Filled coordinateUncertaintyInMeters from decimal-place precision (conservative). | epi_taxo: acceptedName(match1); authorship_epig(match1); genus_from_scientificName; family_WFO; order_majorGroup_WCVP [2026-03-11] | CoordinateCleaner QA applied without sea test (validity, equal, zeros, capitals, centroids, gbif, institutions) [2026-03-29]","standardized authors names in recordedBy / standardized authors names in identifiedBy","Colección","M.A. Pérez-Farrera","M.A. Pérez-Farrera"
"55","HEM2025_0055","PreservedSpecimen","Coleccion",NA,"UNICACH","SPECIES","HEM","Perez-Farrera, M.A.","1976","Perez-Farrera, M.A.","HE","HEM2025",1,"Anthurium flexile",16.9441666666667,-92.5275,"1999-05-26","change1: Filled coordinateUncertaintyInMeters from decimal-place precision (conservative). | epi_taxo: acceptedName(match1); authorship_epig(match1); genus_from_scientificName; family_WFO; order_majorGroup_WCVP [2026-03-11] | CoordinateCleaner QA applied without sea test (validity, equal, zeros, capitals, centroids, gbif, institutions) [2026-03-29]","standardized authors names in recordedBy / standardized authors names in identifiedBy","Colección","M.A. Pérez-Farrera","M.A. Pérez-Farrera"
"56","HEM2025_0056","PreservedSpecimen","Coleccion",NA,"UNICACH","SPECIES","HEM","Perez-Farrera, M.A.","1976","Perez-Farrera, M.A.","HE","HEM2025",1,"Anthurium flexile",16.9441666666667,-92.5275,"1999-05-26","change1: Filled coordinateUncertaintyInMeters from decimal-place precision (conservative). | epi_taxo: acceptedName(match1); authorship_epig(match1); genus_from_scientificName; family_WFO; order_majorGroup_WCVP [2026-03-11] | CoordinateCleaner QA applied without sea test (validity, equal, zeros, capitals, centroids, gbif, institutions) [2026-03-29]","standardized authors names in recordedBy / standardized authors names in identifiedBy","Colección","M.A. Pérez-Farrera","M.A. Pérez-Farrera"
"57","HEM2025_0057","PreservedSpecimen","Coleccion",NA,"UNICACH","SPECIES","HEM","N.M.M.","1255","Perez-Farrera, M.A.","HE","HEM2025",1,"Anthurium flexile",16.9270555555556,-93.4764166666667,"2006-02-11","change1: Filled coordinateUncertaintyInMeters from decimal-place precision (conservative). | epi_taxo: acceptedName(match1); authorship_epig(match1); genus_from_scientificName; family_WFO; order_majorGroup_WCVP [2026-03-11] | CoordinateCleaner QA applied without sea test (validity, equal, zeros, capitals, centroids, gbif, institutions) [2026-03-29]","standardized authors names in identifiedBy","Colección","N.M.M.","M.A. Pérez-Farrera"
"58","HEM2025_0058","PreservedSpecimen","Coleccion",NA,"UNICACH","SPECIES","HEM","N.M.M.","1560","N.M.M.","HE","HEM2025",1,"Anthurium flexile",16.9243055555556,-93.4726666666667,"2006-06-01","change1: Filled coordinateUncertaintyInMeters from decimal-place precision (conservative). | epi_taxo: acceptedName(match1); authorship_epig(match1); genus_from_scientificName; family_WFO; order_majorGroup_WCVP [2026-03-11] | CoordinateCleaner QA applied without sea test (validity, equal, zeros, capitals, centroids, gbif, institutions) [2026-03-29]","","Colección","N.M.M.","N.M.M."
"59","HEM2025_0059","PreservedSpecimen","Coleccion",NA,"UNICACH","SPECIES","HEM","M.M.M. | M.C.R.M.","3014","N.M.M.","HE","HEM2025",1,"Anthurium flexile",15.1627222222222,-92.1505277777778,"2013-12-02","change1: Filled coordinateUncertaintyInMeters from decimal-place precision (conservative). | epi_taxo: acceptedName(match1); authorship_epig(match1); genus_from_scientificName; family_WFO; order_majorGroup_WCVP [2026-03-11] | CoordinateCleaner QA applied without sea test (validity, equal, zeros, capitals, centroids, gbif, institutions) [2026-03-29]","standardized authors names in recordedBy","Colección","M.M.M. & M.C.R.M.","N.M.M."
"60","HEM2025_0060","PreservedSpecimen","Coleccion",NA,"UNICACH","SPECIES","HEM","M.N.L.P.","57","Perez-Farrera, M.A.","HE","HEM2025",1,"Anthurium flexile",16.7661111111111,-93.3647222222222,"2002-03-08","change1: Filled coordinateUncertaintyInMeters from decimal-place precision (conservative). | epi_taxo: acceptedName(match1); authorship_epig(match1); genus_from_scientificName; family_WFO; order_majorGroup_WCVP [2026-03-11] | CoordinateCleaner QA applied without sea test (validity, equal, zeros, capitals, centroids, gbif, institutions) [2026-03-29]","standardized authors names in identifiedBy","Colección","M.N.L.P.","M.A. Pérez-Farrera"
"61","HEM2025_0061","PreservedSpecimen","Coleccion",NA,"UNICACH","SPECIES","HEM","M.N.L.P.","57","Perez-Farrera, M.A.","HE","HEM2025",1,"Anthurium flexile",16.7661111111111,-93.3647222222222,"2002-03-08","change1: Filled coordinateUncertaintyInMeters from decimal-place precision (conservative). | epi_taxo: acceptedName(match1); authorship_epig(match1); genus_from_scientificName; family_WFO; order_majorGroup_WCVP [2026-03-11] | CoordinateCleaner QA applied without sea test (validity, equal, zeros, capitals, centroids, gbif, institutions) [2026-03-29]","standardized authors names in identifiedBy","Colección","M.N.L.P.","M.A. Pérez-Farrera"
"62","HEM2025_0062","PreservedSpecimen","Coleccion",NA,"UNICACH","SPECIES","HEM","N.M.M. | M.M.M. | E.C.N.","4071","N.M.M. | Camilo, R.M.","HE","HEM2025",1,"Anthurium flexile",15.1065277777778,-92.1586388888889,"2015-03-14","change1: Filled coordinateUncertaintyInMeters from decimal-place precision (conservative). | epi_taxo: acceptedName(match1); authorship_epig(match1); genus_from_scientificName; family_WFO; order_majorGroup_WCVP [2026-03-11] | CoordinateCleaner QA applied without sea test (validity, equal, zeros, capitals, centroids, gbif, institutions) [2026-03-29]","standardized authors names in recordedBy / standardized authors names in identifiedBy","Colección","N.M.M. & M.M.M. & E.C.N.","N.M.M. & R.M. Camilo"
"63","HEM2025_0063","PreservedSpecimen","Coleccion",NA,"UNICACH","SPECIES","HEM","M.M.M. | D.A.J.L. | R.J.R.V.","5476","N.M.M.","HE","HEM2025",1,"Anthurium flexile",15.1071944444444,-92.1756666666667,"2015-03-25","change1: Filled coordinateUncertaintyInMeters from decimal-place precision (conservative). | epi_taxo: acceptedName(match1); authorship_epig(match1); genus_from_scientificName; family_WFO; order_majorGroup_WCVP [2026-03-11] | CoordinateCleaner QA applied without sea test (validity, equal, zeros, capitals, centroids, gbif, institutions) [2026-03-29]","standardized authors names in recordedBy","Colección","M.M.M. & D.A.J.L. & R.J.R.V.","N.M.M."
"64","HEM2025_0064","PreservedSpecimen","Coleccion",NA,"UNICACH","SPECIES","HEM","M.M.M. | S.H.J. | V.E.G.J.","6059","N.M.M.","HE","HEM2025",1,"Anthurium flexile",15.2342222222222,-92.3172777777778,"2015-06-01","change1: Filled coordinateUncertaintyInMeters from decimal-place precision (conservative). | epi_taxo: acceptedName(match1); authorship_epig(match1); genus_from_scientificName; family_WFO; order_majorGroup_WCVP [2026-03-11] | CoordinateCleaner QA applied without sea test (validity, equal, zeros, capitals, centroids, gbif, institutions) [2026-03-29]","standardized authors names in recordedBy","Colección","M.M.M. & S.H.J. & V.E.G.J.","N.M.M."
"65","HEM2025_0065","PreservedSpecimen","Coleccion",NA,"UNICACH","SPECIES","HEM","M.M.M. | D.A.J.L. | R.J.R.V.","5627","N.M.M.","HE","HEM2025",1,"Anthurium flexile",15.0997777777778,-92.1679444444444,"2015-03-27","change1: Filled coordinateUncertaintyInMeters from decimal-place precision (conservative). | epi_taxo: acceptedName(match1); authorship_epig(match1); genus_from_scientificName; family_WFO; order_majorGroup_WCVP [2026-03-11] | CoordinateCleaner QA applied without sea test (validity, equal, zeros, capitals, centroids, gbif, institutions) [2026-03-29]","standardized authors names in recordedBy","Colección","M.M.M. & D.A.J.L. & R.J.R.V.","N.M.M."
"66","HEM2025_0066","PreservedSpecimen","Coleccion",NA,"UNICACH","SPECIES","HEM","Perez-Farrera, M.A.","2380","Perez-Farrera, M.A.","HE","HEM2025",1,"Anthurium flexile",17.1916666666667,-92.2658333333333,"2000-04-10","change1: Filled coordinateUncertaintyInMeters from decimal-place precision (conservative). | epi_taxo: acceptedName(match1); authorship_epig(match1); genus_from_scientificName; family_WFO; order_majorGroup_WCVP [2026-03-11] | CoordinateCleaner QA applied without sea test (validity, equal, zeros, capitals, centroids, gbif, institutions) [2026-03-29]","standardized authors names in recordedBy / standardized authors names in identifiedBy","Colección","M.A. Pérez-Farrera","M.A. Pérez-Farrera"
"67","HEM2025_0067","PreservedSpecimen","Coleccion",NA,"UNICACH","SPECIES","HEM","Perez-Farrera, M.A.","2380","Perez-Farrera, M.A.","HE","HEM2025",1,"Anthurium flexile",17.1916666666667,-92.2658333333333,"2000-04-10","change1: Filled coordinateUncertaintyInMeters from decimal-place precision (conservative). | epi_taxo: acceptedName(match1); authorship_epig(match1); genus_from_scientificName; family_WFO; order_majorGroup_WCVP [2026-03-11] | CoordinateCleaner QA applied without sea test (validity, equal, zeros, capitals, centroids, gbif, institutions) [2026-03-29]","standardized authors names in recordedBy / standardized authors names in identifiedBy","Colección","M.A. Pérez-Farrera","M.A. Pérez-Farrera"
"68","HEM2025_0068","PreservedSpecimen","Coleccion",NA,"UNICACH","SPECIES","HEM","M.M.M. | M.A.D.V.","800","N.M.M.","HE","HEM2025",1,"Anthurium huixtlense",15.2487777777778,-92.2863333333333,"2013-03-01","change1: Filled coordinateUncertaintyInMeters from decimal-place precision (conservative). | epi_taxo: acceptedName(match1); authorship_epig(match1); genus_from_scientificName; family_WFO; order_majorGroup_WCVP [2026-03-11] | CoordinateCleaner QA applied without sea test (validity, equal, zeros, capitals, centroids, gbif, institutions) [2026-03-29]","standardized authors names in recordedBy","Colección","M.M.M. & M.A.D.V.","N.M.M."
"69","HEM2025_0069","PreservedSpecimen","Coleccion",NA,"UNICACH","SPECIES","HEM","Perez-Farrera, M.A.","818","Perez-Farrera, M.A.","HE","HEM2025",1,"Anthurium huixtlense",16.8583333333333,-93.1441666666667,"1995-11-01","change1: Filled coordinateUncertaintyInMeters from decimal-place precision (conservative). | epi_taxo: acceptedName(match1); authorship_epig(match1); genus_from_scientificName; family_WFO; order_majorGroup_WCVP [2026-03-11] | CoordinateCleaner QA applied without sea test (validity, equal, zeros, capitals, centroids, gbif, institutions) [2026-03-29]","standardized authors names in recordedBy / standardized authors names in identifiedBy","Colección","M.A. Pérez-Farrera","M.A. Pérez-Farrera"
"70","HEM2025_0070","PreservedSpecimen","Coleccion",NA,"UNICACH","SPECIES","HEM","M.M.M. | M.C.R.M.","2885","N.M.M.","HE","HEM2025",1,"Anthurium huixtlense",15.1515555555556,-92.1447222222222,"2013-11-30","change1: Filled coordinateUncertaintyInMeters from decimal-place precision (conservative). | epi_taxo: acceptedName(match1); authorship_epig(match1); genus_from_scientificName; family_WFO; order_majorGroup_WCVP [2026-03-11] | CoordinateCleaner QA applied without sea test (validity, equal, zeros, capitals, centroids, gbif, institutions) [2026-03-29]","standardized authors names in recordedBy","Colección","M.M.M. & M.C.R.M.","N.M.M."
"71","HEM2025_0071","PreservedSpecimen","Coleccion",NA,"UNICACH","SPECIES","HEM","M.M.M. | M.C.R.M.","5359","N.M.M.","HE","HEM2025",1,"Anthurium huixtlense",15.0995277777778,-92.1861111111111,"2014-09-23","change1: Filled coordinateUncertaintyInMeters from decimal-place precision (conservative). | epi_taxo: acceptedName(match1); authorship_epig(match1); genus_from_scientificName; family_WFO; order_majorGroup_WCVP [2026-03-11] | CoordinateCleaner QA applied without sea test (validity, equal, zeros, capitals, centroids, gbif, institutions) [2026-03-29]","standardized authors names in recordedBy","Colección","M.M.M. & M.C.R.M.","N.M.M."
"72","HEM2025_0072","PreservedSpecimen","Coleccion",NA,"UNICACH","SPECIES","HEM","F.E.P.C. | P.C.","73","Perez-Farrera, M.A.","HE","HEM2025",1,"Anthurium huixtlense",15.4805555555556,-92.6055555555556,"1999-01-27","change1: Filled coordinateUncertaintyInMeters from decimal-place precision (conservative). | epi_taxo: acceptedName(match1); authorship_epig(match1); genus_from_scientificName; family_WFO; order_majorGroup_WCVP [2026-03-11] | CoordinateCleaner QA applied without sea test (validity, equal, zeros, capitals, centroids, gbif, institutions) [2026-03-29]","standardized authors names in recordedBy / standardized authors names in identifiedBy","Colección","F.E.P.C. & P.C.","M.A. Pérez-Farrera"
"73","HEM2025_0073","PreservedSpecimen","Coleccion",NA,"UNICACH","SPECIES","HEM","Perez-Farrera, M.A.","1716","Perez-Farrera, M.A.","HE","HEM2025",1,"Anthurium huixtlense",17.2833333333333,-92.7883333333333,"1998-11-17","change1: Filled coordinateUncertaintyInMeters from decimal-place precision (conservative). | epi_taxo: acceptedName(match1); authorship_epig(match1); genus_from_scientificName; family_WFO; order_majorGroup_WCVP [2026-03-11] | CoordinateCleaner QA applied without sea test (validity, equal, zeros, capitals, centroids, gbif, institutions) [2026-03-29]","standardized authors names in recordedBy / standardized authors names in identifiedBy","Colección","M.A. Pérez-Farrera","M.A. Pérez-Farrera"
"74","HEM2025_0074","PreservedSpecimen","Coleccion",NA,"UNICACH","SPECIES","HEM","Perez-Farrera, M.A.","1716","Perez-Farrera, M.A.","HE","HEM2025",1,"Anthurium huixtlense",17.2833333333333,-92.7883333333333,"1998-11-17","change1: Filled coordinateUncertaintyInMeters from decimal-place precision (conservative). | epi_taxo: acceptedName(match1); authorship_epig(match1); genus_from_scientificName; family_WFO; order_majorGroup_WCVP [2026-03-11] | CoordinateCleaner QA applied without sea test (validity, equal, zeros, capitals, centroids, gbif, institutions) [2026-03-29]","standardized authors names in recordedBy / standardized authors names in identifiedBy","Colección","M.A. Pérez-Farrera","M.A. Pérez-Farrera"
"75","HEM2025_0075","PreservedSpecimen","Coleccion",NA,"UNICACH","SPECIES","HEM","Perez-Farrera, M.A.","2392","Perez-Farrera, M.A.","HE","HEM2025",1,"Anthurium huixtlense",17.1916666666667,-92.2658333333333,"2000-04-10","change1: Filled coordinateUncertaintyInMeters from decimal-place precision (conservative). | epi_taxo: acceptedName(match1); authorship_epig(match1); genus_from_scientificName; family_WFO; order_majorGroup_WCVP [2026-03-11] | CoordinateCleaner QA applied without sea test (validity, equal, zeros, capitals, centroids, gbif, institutions) [2026-03-29]","standardized authors names in recordedBy / standardized authors names in identifiedBy","Colección","M.A. Pérez-Farrera","M.A. Pérez-Farrera"
"76","HEM2025_0076","PreservedSpecimen","Coleccion",NA,"UNICACH","SPECIES","HEM","Perez-Farrera, M.A.","2392","Perez-Farrera, M.A.","HE","HEM2025",1,"Anthurium huixtlense",17.1916666666667,-92.2658333333333,"2000-04-10","change1: Filled coordinateUncertaintyInMeters from decimal-place precision (conservative). | epi_taxo: acceptedName(match1); authorship_epig(match1); genus_from_scientificName; family_WFO; order_majorGroup_WCVP [2026-03-11] | CoordinateCleaner QA applied without sea test (validity, equal, zeros, capitals, centroids, gbif, institutions) [2026-03-29]","standardized authors names in recordedBy / standardized authors names in identifiedBy","Colección","M.A. Pérez-Farrera","M.A. Pérez-Farrera"
"77","HEM2025_0077","PreservedSpecimen","Coleccion",NA,"UNICACH","SPECIES","HEM","Perez-Farrera, M.A.","2369","Perez-Farrera, M.A.","HE","HEM2025",1,"Anthurium huixtlense",17.4108333333333,-92.4775,"2000-04-13","change1: Filled coordinateUncertaintyInMeters from decimal-place precision (conservative). | epi_taxo: acceptedName(match1); authorship_epig(match1); genus_from_scientificName; family_WFO; order_majorGroup_WCVP [2026-03-11] | CoordinateCleaner QA applied without sea test (validity, equal, zeros, capitals, centroids, gbif, institutions) [2026-03-29]","standardized authors names in recordedBy / standardized authors names in identifiedBy","Colección","M.A. Pérez-Farrera","M.A. Pérez-Farrera"
"78","HEM2025_0078","PreservedSpecimen","Coleccion",NA,"UNICACH","SPECIES","HEM","Perez-Farrera, M.A.","2369","Perez-Farrera, M.A.","HE","HEM2025",1,"Anthurium huixtlense",17.4108333333333,-92.4775,"2000-04-13","change1: Filled coordinateUncertaintyInMeters from decimal-place precision (conservative). | epi_taxo: acceptedName(match1); authorship_epig(match1); genus_from_scientificName; family_WFO; order_majorGroup_WCVP [2026-03-11] | CoordinateCleaner QA applied without sea test (validity, equal, zeros, capitals, centroids, gbif, institutions) [2026-03-29]","standardized authors names in recordedBy / standardized authors names in identifiedBy","Colección","M.A. Pérez-Farrera","M.A. Pérez-Farrera"
"79","HEM2025_0079","PreservedSpecimen","Coleccion",NA,"UNICACH","SPECIES","HEM","Perez-Farrera, M.A.","1230","Perez-Farrera, M.A.","HE","HEM2025",1,"Anthurium huixtlense",17.4427777777778,-93.0563888888889,"1996-11-07","change1: Filled coordinateUncertaintyInMeters from decimal-place precision (conservative). | epi_taxo: acceptedName(match1); authorship_epig(match1); genus_from_scientificName; family_WFO; order_majorGroup_WCVP [2026-03-11] | CoordinateCleaner QA applied without sea test (validity, equal, zeros, capitals, centroids, gbif, institutions) [2026-03-29]","standardized authors names in recordedBy / standardized authors names in identifiedBy","Colección","M.A. Pérez-Farrera","M.A. Pérez-Farrera"
"80","HEM2025_0080","PreservedSpecimen","Coleccion",NA,"UNICACH","SPECIES","HEM","Perez-Farrera, M.A.","1230","Perez-Farrera, M.A.","HE","HEM2025",1,"Anthurium huixtlense",17.4427777777778,-93.0563888888889,"1996-11-07","change1: Filled coordinateUncertaintyInMeters from decimal-place precision (conservative). | epi_taxo: acceptedName(match1); authorship_epig(match1); genus_from_scientificName; family_WFO; order_majorGroup_WCVP [2026-03-11] | CoordinateCleaner QA applied without sea test (validity, equal, zeros, capitals, centroids, gbif, institutions) [2026-03-29]","standardized authors names in recordedBy / standardized authors names in identifiedBy","Colección","M.A. Pérez-Farrera","M.A. Pérez-Farrera"
"81","HEM2025_0081","PreservedSpecimen","Coleccion",NA,"UNICACH","SPECIES","HEM","H.R.E.","65","H.R.E.","HE","HEM2025",1,"Anthurium lucens",15.5490833333333,-92.6077222222222,"2005-07-21","change1: Filled coordinateUncertaintyInMeters from decimal-place precision (conservative). | epi_taxo: acceptedName(match1); authorship_epig(match1); genus_from_scientificName; family_WFO; order_majorGroup_WCVP [2026-03-11] | CoordinateCleaner QA applied without sea test (validity, equal, zeros, capitals, centroids, gbif, institutions) [2026-03-29]","","Colección","H.R.E.","H.R.E."
"82","HEM2025_0082","PreservedSpecimen","Coleccion",NA,"UNICACH","SPECIES","HEM","N.M.M.","1446","T.B.C.","HE","HEM2025",1,"Anthurium lucens",15.5516666666667,-92.6333333333333,"2006-03-25","change1: Filled coordinateUncertaintyInMeters from decimal-place precision (conservative). | epi_taxo: acceptedName(match1); authorship_epig(match1); genus_from_scientificName; family_WFO; order_majorGroup_WCVP [2026-03-11] | CoordinateCleaner QA applied without sea test (validity, equal, zeros, capitals, centroids, gbif, institutions) [2026-03-29]","","Colección","N.M.M.","T.B.C."
"83","HEM2025_0083","PreservedSpecimen","Coleccion",NA,"UNICACH","SPECIES","HEM","O.F.S.","265-bis","Perez-Farrera, M.A.","HE","HEM2025",1,"Anthurium lucens",15.7227777777778,-92.9436111111111,"2003-06-07","change1: Filled coordinateUncertaintyInMeters from decimal-place precision (conservative). | epi_taxo: acceptedName(match1); authorship_epig(match1); genus_from_scientificName; family_WFO; order_majorGroup_WCVP [2026-03-11] | CoordinateCleaner QA applied without sea test (validity, equal, zeros, capitals, centroids, gbif, institutions) [2026-03-29]","standardized authors names in identifiedBy","Colección","O.F.S.","M.A. Pérez-Farrera"
"84","HEM2025_0084","PreservedSpecimen","Coleccion",NA,"UNICACH","SPECIES","HEM","Camilo, R.M. | M.I.L.R. | N.A.F.R.","2276","N.M.M.","HE","HEM2025",1,"Anthurium lucens",15.0988888888889,-92.1424444444445,"2014-07-05","change1: Filled coordinateUncertaintyInMeters from decimal-place precision (conservative). | epi_taxo: acceptedName(match1); authorship_epig(match1); genus_from_scientificName; family_WFO; order_majorGroup_WCVP [2026-03-11] | CoordinateCleaner QA applied without sea test (validity, equal, zeros, capitals, centroids, gbif, institutions) [2026-03-29]","standardized authors names in recordedBy","Colección","R.M. Camilo & M.I.L.R. & N.A.F.R.","N.M.M."
"85","HEM2025_0085","PreservedSpecimen","Coleccion",NA,"UNICACH","SPECIES","HEM","Camilo, R.M. | M.I.L.R. | N.A.F.R.","2345","Camilo, R.M.","HE","HEM2025",1,"Anthurium lucens",15.0905833333333,-92.1476388888889,"2014-07-06","change1: Filled coordinateUncertaintyInMeters from decimal-place precision (conservative). | epi_taxo: acceptedName(match1); authorship_epig(match1); genus_from_scientificName; family_WFO; order_majorGroup_WCVP [2026-03-11] | CoordinateCleaner QA applied without sea test (validity, equal, zeros, capitals, centroids, gbif, institutions) [2026-03-29]","standardized authors names in recordedBy / standardized authors names in identifiedBy","Colección","R.M. Camilo & M.I.L.R. & N.A.F.R.","R.M. Camilo"
"86","HEM2025_0086","PreservedSpecimen","Coleccion",NA,"UNICACH","SPECIES","HEM","M.M.M. | E.A.M.A.","4720","N.M.M.","HE","HEM2025",1,"Anthurium lucens",15.0869166666667,-92.1446111111111,"2014-07-06","change1: Filled coordinateUncertaintyInMeters from decimal-place precision (conservative). | epi_taxo: acceptedName(match1); authorship_epig(match1); genus_from_scientificName; family_WFO; order_majorGroup_WCVP [2026-03-11] | CoordinateCleaner QA applied without sea test (validity, equal, zeros, capitals, centroids, gbif, institutions) [2026-03-29]","standardized authors names in recordedBy","Colección","M.M.M. & E.A.M.A.","N.M.M."
"87","HEM2025_0087","PreservedSpecimen","Coleccion",NA,"UNICACH","SPECIES","HEM","M.M.M. | A.L.C.","4906","N.M.M.","HE","HEM2025",1,"Anthurium lucens",15.0976111111111,-92.168,"2014-08-16","change1: Filled coordinateUncertaintyInMeters from decimal-place precision (conservative). | epi_taxo: acceptedName(match1); authorship_epig(match1); genus_from_scientificName; family_WFO; order_majorGroup_WCVP [2026-03-11] | CoordinateCleaner QA applied without sea test (validity, equal, zeros, capitals, centroids, gbif, institutions) [2026-03-29]","standardized authors names in recordedBy","Colección","M.M.M. & A.L.C.","N.M.M."
"88","HEM2025_0088","PreservedSpecimen","Coleccion",NA,"UNICACH","SPECIES","HEM","M.M.M. | M.C.R.M.","5073","N.M.M.","HE","HEM2025",1,"Anthurium lucens",15.0993611111111,-92.1659722222222,"2014-09-16","change1: Filled coordinateUncertaintyInMeters from decimal-place precision (conservative). | epi_taxo: acceptedName(match1); authorship_epig(match1); genus_from_scientificName; family_WFO; order_majorGroup_WCVP [2026-03-11] | CoordinateCleaner QA applied without sea test (validity, equal, zeros, capitals, centroids, gbif, institutions) [2026-03-29]","standardized authors names in recordedBy","Colección","M.M.M. & M.C.R.M.","N.M.M."
"89","HEM2025_0089","PreservedSpecimen","Coleccion",NA,"UNICACH","SPECIES","HEM","Camilo, R.M. | N.M.M.","2572","Camilo, R.M.","HE","HEM2025",1,"Anthurium lucens",15.0969444444444,-92.1347222222222,"2014-08-15","change1: Filled coordinateUncertaintyInMeters from decimal-place precision (conservative). | epi_taxo: acceptedName(match1); authorship_epig(match1); genus_from_scientificName; family_WFO; order_majorGroup_WCVP [2026-03-11] | CoordinateCleaner QA applied without sea test (validity, equal, zeros, capitals, centroids, gbif, institutions) [2026-03-29]","standardized authors names in recordedBy / standardized authors names in identifiedBy","Colección","R.M. Camilo & N.M.M.","R.M. Camilo"
"90","HEM2025_0090","PreservedSpecimen","Coleccion",NA,"UNICACH","SPECIES","HEM","M.M.M. | D.A.J.L. | R.J.R.V.","5494","N.M.M.","HE","HEM2025",1,"Anthurium lucens",15.1071944444444,-92.1756666666667,"2015-03-25","change1: Filled coordinateUncertaintyInMeters from decimal-place precision (conservative). | epi_taxo: acceptedName(match1); authorship_epig(match1); genus_from_scientificName; family_WFO; order_majorGroup_WCVP [2026-03-11] | CoordinateCleaner QA applied without sea test (validity, equal, zeros, capitals, centroids, gbif, institutions) [2026-03-29]","standardized authors names in recordedBy","Colección","M.M.M. & D.A.J.L. & R.J.R.V.","N.M.M."
"91","HEM2025_0091","PreservedSpecimen","Coleccion",NA,"UNICACH","SPECIES","HEM","M.M.M. | D.A.J.L. | R.J.R.V.","5609","N.M.M.","HE","HEM2025",1,"Anthurium lucens",15.0997777777778,-92.1679444444444,"2015-03-27","change1: Filled coordinateUncertaintyInMeters from decimal-place precision (conservative). | epi_taxo: acceptedName(match1); authorship_epig(match1); genus_from_scientificName; family_WFO; order_majorGroup_WCVP [2026-03-11] | CoordinateCleaner QA applied without sea test (validity, equal, zeros, capitals, centroids, gbif, institutions) [2026-03-29]","standardized authors names in recordedBy","Colección","M.M.M. & D.A.J.L. & R.J.R.V.","N.M.M."
"92","HEM2025_0092","PreservedSpecimen","Coleccion",NA,"UNICACH","SPECIES","HEM","P.C. | V.M.","23","Perez-Farrera, M.A.","HE","HEM2025",1,"Anthurium lucens",15.4805555555556,-92.6055555555556,"1998-10-13","change1: Filled coordinateUncertaintyInMeters from decimal-place precision (conservative). | epi_taxo: acceptedName(match1); authorship_epig(match1); genus_from_scientificName; family_WFO; order_majorGroup_WCVP [2026-03-11] | CoordinateCleaner QA applied without sea test (validity, equal, zeros, capitals, centroids, gbif, institutions) [2026-03-29]","standardized authors names in recordedBy / standardized authors names in identifiedBy","Colección","P.C. & V.M.","M.A. Pérez-Farrera"
"93","HEM2025_0093","PreservedSpecimen","Coleccion",NA,"UNICACH","SPECIES","HEM","Perez-Farrera, M.A.","2236","T.B.C.","HE","HEM2025",1,"Anthurium lucens",16.8858333333333,-94.1188888888889,"2000-01-20","change1: Filled coordinateUncertaintyInMeters from decimal-place precision (conservative). | epi_taxo: acceptedName(match1); authorship_epig(match1); genus_from_scientificName; family_WFO; order_majorGroup_WCVP [2026-03-11] | CoordinateCleaner QA applied without sea test (validity, equal, zeros, capitals, centroids, gbif, institutions) [2026-03-29]","standardized authors names in recordedBy","Colección","M.A. Pérez-Farrera","T.B.C."
"94","HEM2025_0094","PreservedSpecimen","Coleccion",NA,"UNICACH","SPECIES","HEM","Perez-Farrera, M.A.","491","Perez-Farrera, M.A.","HE","HEM2025",1,"Anthurium lucens",15.9416666666667,-93.2916666666667,"1995-07-11","change1: Filled coordinateUncertaintyInMeters from decimal-place precision (conservative). | epi_taxo: acceptedName(match1); authorship_epig(match1); genus_from_scientificName; family_WFO; order_majorGroup_WCVP [2026-03-11] | CoordinateCleaner QA applied without sea test (validity, equal, zeros, capitals, centroids, gbif, institutions) [2026-03-29]","standardized authors names in recordedBy / standardized authors names in identifiedBy","Colección","M.A. Pérez-Farrera","M.A. Pérez-Farrera"
"95","HEM2025_0095","PreservedSpecimen","Coleccion",NA,"UNICACH","SPECIES","HEM","T.B.C.","47180","T.B.C.","HE","HEM2025",1,"Anthurium microspadix",15.0925,-92.1244444444444,"1979-02-10","change1: Filled coordinateUncertaintyInMeters from decimal-place precision (conservative). | epi_taxo: acceptedName(match1); authorship_epig(match1); genus_from_scientificName; family_WFO; order_majorGroup_WCVP [2026-03-11] | CoordinateCleaner QA applied without sea test (validity, equal, zeros, capitals, centroids, gbif, institutions) [2026-03-29]","","Colección","T.B.C.","T.B.C."
"96","HEM2025_0096","PreservedSpecimen","Coleccion",NA,"UNICACH","SPECIES","HEM","E.M.S.","19753","Perez-Farrera, M.A.","HE","HEM2025",1,"Anthurium microspadix",15.0902777777778,-92.1013888888889,"1987-03-07","change1: Filled coordinateUncertaintyInMeters from decimal-place precision (conservative). | epi_taxo: acceptedName(match1); authorship_epig(match1); genus_from_scientificName; family_WFO; order_majorGroup_WCVP [2026-03-11] | CoordinateCleaner QA applied without sea test (validity, equal, zeros, capitals, centroids, gbif, institutions) [2026-03-29]","standardized authors names in identifiedBy","Colección","E.M.S.","M.A. Pérez-Farrera"
"97","HEM2025_0097","PreservedSpecimen","Coleccion",NA,"UNICACH","SPECIES","HEM","H.G.D.","867","Perez-Farrera, M.A.","HE","HEM2025",1,"Anthurium montanum",15.6641666666667,-92.8136111111111,"2005-01-11","change1: Filled coordinateUncertaintyInMeters from decimal-place precision (conservative). | epi_taxo: acceptedName(match1); authorship_epig(match1); genus_from_scientificName; family_WFO; order_majorGroup_WCVP [2026-03-11] | CoordinateCleaner QA applied without sea test (validity, equal, zeros, capitals, centroids, gbif, institutions) [2026-03-29]","standardized authors names in identifiedBy","Colección","H.G.D.","M.A. Pérez-Farrera"
"98","HEM2025_0098","PreservedSpecimen","Coleccion",NA,"UNICACH","SPECIES","HEM","H.G.D.","897","Perez-Farrera, M.A.","HE","HEM2025",1,"Anthurium montanum",15.6063055555556,-92.6553611111111,"2005-01-17","change1: Filled coordinateUncertaintyInMeters from decimal-place precision (conservative). | epi_taxo: acceptedName(match1); authorship_epig(match1); genus_from_scientificName; family_WFO; order_majorGroup_WCVP [2026-03-11] | CoordinateCleaner QA applied without sea test (validity, equal, zeros, capitals, centroids, gbif, institutions) [2026-03-29]","standardized authors names in identifiedBy","Colección","H.G.D.","M.A. Pérez-Farrera"
"99","HEM2025_0099","PreservedSpecimen","Coleccion",NA,"UNICACH","SPECIES","HEM","N.M.M.","783","N.M.M.","HE","HEM2025",1,"Anthurium montanum",15.7,-92.9361111111111,"2005-04-21","change1: Filled coordinateUncertaintyInMeters from decimal-place precision (conservative). | epi_taxo: acceptedName(match1); authorship_epig(match1); genus_from_scientificName; family_WFO; order_majorGroup_WCVP [2026-03-11] | CoordinateCleaner QA applied without sea test (validity, equal, zeros, capitals, centroids, gbif, institutions) [2026-03-29]","","Colección","N.M.M.","N.M.M."
"100","HEM2025_0100","PreservedSpecimen","Coleccion",NA,"UNICACH","SPECIES","HEM","Perez-Farrera, M.A.","2556","Perez-Farrera, M.A.","HE","HEM2025",1,"Anthurium montanum",15.7727777777778,-93.09,"2001-07-17","change1: Filled coordinateUncertaintyInMeters from decimal-place precision (conservative). | epi_taxo: acceptedName(match1); authorship_epig(match1); genus_from_scientificName; family_WFO; order_majorGroup_WCVP [2026-03-11] | CoordinateCleaner QA applied without sea test (validity, equal, zeros, capitals, centroids, gbif, institutions) [2026-03-29]","standardized authors names in recordedBy / standardized authors names in identifiedBy","Colección","M.A. Pérez-Farrera","M.A. Pérez-Farrera"
"101","HEM2025_0101","PreservedSpecimen","Coleccion",NA,"UNICACH","SPECIES","HEM","G.C.L.H.","86","Perez-Farrera, M.A.","HE","HEM2025",1,"Anthurium montanum",15.7227777777778,-92.9436111111111,"2001-08-30","change1: Filled coordinateUncertaintyInMeters from decimal-place precision (conservative). | epi_taxo: acceptedName(match1); authorship_epig(match1); genus_from_scientificName; family_WFO; order_majorGroup_WCVP [2026-03-11] | CoordinateCleaner QA applied without sea test (validity, equal, zeros, capitals, centroids, gbif, institutions) [2026-03-29]","standardized authors names in identifiedBy","Colección","G.C.L.H.","M.A. Pérez-Farrera"
"102","HEM2025_0102","PreservedSpecimen","Coleccion",NA,"UNICACH","SPECIES","HEM","N.M.M.","128","Perez-Farrera, M.A.","HE","HEM2025",1,"Anthurium montanum",15.7,-92.9805555555556,"2001-12-21","change1: Filled coordinateUncertaintyInMeters from decimal-place precision (conservative). | epi_taxo: acceptedName(match1); authorship_epig(match1); genus_from_scientificName; family_WFO; order_majorGroup_WCVP [2026-03-11] | CoordinateCleaner QA applied without sea test (validity, equal, zeros, capitals, centroids, gbif, institutions) [2026-03-29]","standardized authors names in identifiedBy","Colección","N.M.M.","M.A. Pérez-Farrera"
"103","HEM2025_0103","PreservedSpecimen","Coleccion",NA,"UNICACH","SPECIES","HEM","Camilo, R.M.","352","Perez-Farrera, M.A.","HE","HEM2025",1,"Anthurium montanum",15.7227777777778,-92.9436111111111,"2002-02-05","change1: Filled coordinateUncertaintyInMeters from decimal-place precision (conservative). | epi_taxo: acceptedName(match1); authorship_epig(match1); genus_from_scientificName; family_WFO; order_majorGroup_WCVP [2026-03-11] | CoordinateCleaner QA applied without sea test (validity, equal, zeros, capitals, centroids, gbif, institutions) [2026-03-29]","standardized authors names in recordedBy / standardized authors names in identifiedBy","Colección","R.M. Camilo","M.A. Pérez-Farrera"
"104","HEM2025_0104","PreservedSpecimen","Coleccion",NA,"UNICACH","SPECIES","HEM","O.F.S.","544","Perez-Farrera, M.A.","HE","HEM2025",1,"Anthurium montanum",15.7205555555556,-92.9377777777778,"2004-06-07","change1: Filled coordinateUncertaintyInMeters from decimal-place precision (conservative). | epi_taxo: acceptedName(match1); authorship_epig(match1); genus_from_scientificName; family_WFO; order_majorGroup_WCVP [2026-03-11] | CoordinateCleaner QA applied without sea test (validity, equal, zeros, capitals, centroids, gbif, institutions) [2026-03-29]","standardized authors names in identifiedBy","Colección","O.F.S.","M.A. Pérez-Farrera"
"105","HEM2025_0105","PreservedSpecimen","Coleccion",NA,"UNICACH","SPECIES","HEM","Najarro, F.H. | M N.M.G. | U.G.M.","1203","O.F.S.","HE","HEM2025",1,"Anthurium montanum",15.9416666666667,-93.4047222222222,"2002-11-16","change1: Filled coordinateUncertaintyInMeters from decimal-place precision (conservative). | epi_taxo: acceptedName(match1); authorship_epig(match1); genus_from_scientificName; family_WFO; order_majorGroup_WCVP [2026-03-11] | CoordinateCleaner QA applied without sea test (validity, equal, zeros, capitals, centroids, gbif, institutions) [2026-03-29]","standardized authors names in recordedBy","Colección","F.H. Najarro & M N.M.G. & U.G.M.","O.F.S."
"106","HEM2025_0106","PreservedSpecimen","Coleccion",NA,"UNICACH","SPECIES","HEM","Perez-Farrera, M.A.","191","Perez-Farrera, M.A.","HE","HEM2025",1,"Anthurium montanum",16.1533333333333,-93.5961111111111,"1995-03-16","change1: Filled coordinateUncertaintyInMeters from decimal-place precision (conservative). | epi_taxo: acceptedName(match1); authorship_epig(match1); genus_from_scientificName; family_WFO; order_majorGroup_WCVP [2026-03-11] | CoordinateCleaner QA applied without sea test (validity, equal, zeros, capitals, centroids, gbif, institutions) [2026-03-29]","standardized authors names in recordedBy / standardized authors names in identifiedBy","Colección","M.A. Pérez-Farrera","M.A. Pérez-Farrera"
"107","HEM2025_0107","PreservedSpecimen","Coleccion",NA,"UNICACH","SPECIES","HEM","Perez-Farrera, M.A.","242","Perez-Farrera, M.A.","HE","HEM2025",1,"Anthurium montanum",16.1944444444444,-93.6083333333333,"1995-04-04","change1: Filled coordinateUncertaintyInMeters from decimal-place precision (conservative). | epi_taxo: acceptedName(match1); authorship_epig(match1); genus_from_scientificName; family_WFO; order_majorGroup_WCVP [2026-03-11] | CoordinateCleaner QA applied without sea test (validity, equal, zeros, capitals, centroids, gbif, institutions) [2026-03-29]","standardized authors names in recordedBy / standardized authors names in identifiedBy","Colección","M.A. Pérez-Farrera","M.A. Pérez-Farrera"
"108","HEM2025_0108","PreservedSpecimen","Coleccion",NA,"UNICACH","SPECIES","HEM","Perez-Farrera, M.A.","1679","Perez-Farrera, M.A.","HE","HEM2025",1,"Anthurium montanum",15.6275,-92.8441666666667,"1998-09-03","change1: Filled coordinateUncertaintyInMeters from decimal-place precision (conservative). | epi_taxo: acceptedName(match1); authorship_epig(match1); genus_from_scientificName; family_WFO; order_majorGroup_WCVP [2026-03-11] | CoordinateCleaner QA applied without sea test (validity, equal, zeros, capitals, centroids, gbif, institutions) [2026-03-29]","standardized authors names in recordedBy / standardized authors names in identifiedBy","Colección","M.A. Pérez-Farrera","M.A. Pérez-Farrera"
"109","HEM2025_0109","PreservedSpecimen","Coleccion",NA,"UNICACH","SPECIES","HEM","T.B.C.","36246","T.B.C.","HE","HEM2025",1,"Anthurium montanum",15.0925,-92.1244444444444,"1979-02-10","change1: Filled coordinateUncertaintyInMeters from decimal-place precision (conservative). | epi_taxo: acceptedName(match1); authorship_epig(match1); genus_from_scientificName; family_WFO; order_majorGroup_WCVP [2026-03-11] | CoordinateCleaner QA applied without sea test (validity, equal, zeros, capitals, centroids, gbif, institutions) [2026-03-29]","","Colección","T.B.C.","T.B.C."
"110","HEM2025_0110","PreservedSpecimen","Coleccion",NA,"UNICACH","SPECIES","HEM","F.E.P.C. | P.C.","72","Perez-Farrera, M.A.","HE","HEM2025",1,"Anthurium ocotepecense",15.4805555555556,-92.6055555555556,"1999-01-27","change1: Filled coordinateUncertaintyInMeters from decimal-place precision (conservative). | epi_taxo: acceptedName(match1); authorship_epig(match1); genus_from_scientificName; family_WFO; order_majorGroup_WCVP [2026-03-11] | CoordinateCleaner QA applied without sea test (validity, equal, zeros, capitals, centroids, gbif, institutions) [2026-03-29]","standardized authors names in recordedBy / standardized authors names in identifiedBy","Colección","F.E.P.C. & P.C.","M.A. Pérez-Farrera"
"111","HEM2025_0111","PreservedSpecimen","Coleccion",NA,"UNICACH","SPECIES","HEM","M.M.M. | S.H.J. | J.A.B.B.","5747","N.M.M.","HE","HEM2025",1,"Anthurium ocotepecense",15.2408055555556,-92.3045555555556,"2015-04-30","change1: Filled coordinateUncertaintyInMeters from decimal-place precision (conservative). | epi_taxo: acceptedName(match1); authorship_epig(match1); genus_from_scientificName; family_WFO; order_majorGroup_WCVP [2026-03-11] | CoordinateCleaner QA applied without sea test (validity, equal, zeros, capitals, centroids, gbif, institutions) [2026-03-29]","standardized authors names in recordedBy","Colección","M.M.M. & S.H.J. & J.A.B.B.","N.M.M."
"112","HEM2025_0112","PreservedSpecimen","Coleccion",NA,"UNICACH","SPECIES","HEM","Perez-Farrera, M.A.","2390","T.B.C.","HE","HEM2025",1,"Anthurium pentaphyllum",17.1916666666667,-92.2658333333333,"2000-04-10","change1: Filled coordinateUncertaintyInMeters from decimal-place precision (conservative). | epi_taxo: acceptedName(match1); authorship_epig(match1); genus_from_scientificName; family_WFO; order_majorGroup_WCVP [2026-03-11] | CoordinateCleaner QA applied without sea test (validity, equal, zeros, capitals, centroids, gbif, institutions) [2026-03-29]","standardized authors names in recordedBy","Colección","M.A. Pérez-Farrera","T.B.C."
"113","HEM2025_0113","PreservedSpecimen","Coleccion",NA,"UNICACH","SPECIES","HEM","Perez-Farrera, M.A.","2390","T.B.C.","HE","HEM2025",1,"Anthurium pentaphyllum",17.1916666666667,-92.2658333333333,"2000-04-10","change1: Filled coordinateUncertaintyInMeters from decimal-place precision (conservative). | epi_taxo: acceptedName(match1); authorship_epig(match1); genus_from_scientificName; family_WFO; order_majorGroup_WCVP [2026-03-11] | CoordinateCleaner QA applied without sea test (validity, equal, zeros, capitals, centroids, gbif, institutions) [2026-03-29]","standardized authors names in recordedBy","Colección","M.A. Pérez-Farrera","T.B.C."
"114","HEM2025_0114","PreservedSpecimen","Coleccion",NA,"UNICACH","SPECIES","HEM","Perez-Farrera, M.A.","1989b","T.B.C.","HE","HEM2025",1,"Anthurium pentaphyllum",16.9441666666667,-92.5275,"1999-05-26","change1: Filled coordinateUncertaintyInMeters from decimal-place precision (conservative). | epi_taxo: acceptedName(match1); authorship_epig(match1); genus_from_scientificName; family_WFO; order_majorGroup_WCVP [2026-03-11] | CoordinateCleaner QA applied without sea test (validity, equal, zeros, capitals, centroids, gbif, institutions) [2026-03-29]","standardized authors names in recordedBy","Colección","M.A. Pérez-Farrera","T.B.C."
"115","HEM2025_0115","PreservedSpecimen","Coleccion",NA,"UNICACH","SPECIES","HEM","Perez-Farrera, M.A.","1989b","T.B.C.","HE","HEM2025",1,"Anthurium pentaphyllum",16.9441666666667,-92.5275,"1999-05-26","change1: Filled coordinateUncertaintyInMeters from decimal-place precision (conservative). | epi_taxo: acceptedName(match1); authorship_epig(match1); genus_from_scientificName; family_WFO; order_majorGroup_WCVP [2026-03-11] | CoordinateCleaner QA applied without sea test (validity, equal, zeros, capitals, centroids, gbif, institutions) [2026-03-29]","standardized authors names in recordedBy","Colección","M.A. Pérez-Farrera","T.B.C."
"116","HEM2025_0116","PreservedSpecimen","Coleccion",NA,"UNICACH","SPECIES","HEM","H.G.D.","859","H.G.D.","HE","HEM2025",1,"Anthurium rzedowskii",15.6638888888889,-92.8202777777778,"2005-01-10","change1: Filled coordinateUncertaintyInMeters from decimal-place precision (conservative). | epi_taxo: acceptedName(match1); authorship_epig(match1); genus_from_scientificName; family_WFO; order_majorGroup_WCVP [2026-03-11] | CoordinateCleaner QA applied without sea test (validity, equal, zeros, capitals, centroids, gbif, institutions) [2026-03-29]","","Colección","H.G.D.","H.G.D."
"117","HEM2025_0117","PreservedSpecimen","Coleccion",NA,"UNICACH","SPECIES","HEM","O.F.S.","450","Perez-Farrera, M.A.","HE","HEM2025",1,"Anthurium rzedowskii",15.7380555555556,-92.9355555555556,"","change1: Filled coordinateUncertaintyInMeters from decimal-place precision (conservative). | epi_taxo: acceptedName(match1); authorship_epig(match1); genus_from_scientificName; family_WFO; order_majorGroup_WCVP [2026-03-11] | CoordinateCleaner QA applied without sea test (validity, equal, zeros, capitals, centroids, gbif, institutions) [2026-03-29]","standardized authors names in identifiedBy","Colección","O.F.S.","M.A. Pérez-Farrera"
"118","HEM2025_0118","PreservedSpecimen","Coleccion",NA,"UNICACH","SPECIES","HEM","M.D.R.S.","108","R.R.S.","HE","HEM2025",1,"Anthurium sarukhanianum",15.8128611111111,-93.1461944444444,"2005-05-21","change1: Filled coordinateUncertaintyInMeters from decimal-place precision (conservative). | epi_taxo: acceptedName(match1); authorship_epig(match1); genus_from_scientificName; family_WFO; order_majorGroup_WCVP [2026-03-11] | CoordinateCleaner QA applied without sea test (validity, equal, zeros, capitals, centroids, gbif, institutions) [2026-03-29]","","Colección","M.D.R.S.","R.R.S."
"119","HEM2025_0119","PreservedSpecimen","Coleccion",NA,"UNICACH","SPECIES","HEM","H.R.E.","26","Perez-Farrera, M.A.","HE","HEM2025",1,"Anthurium sarukhanianum",16.7671388888889,-93.1065,"2005-05-19","change1: Filled coordinateUncertaintyInMeters from decimal-place precision (conservative). | epi_taxo: acceptedName(match1); authorship_epig(match1); genus_from_scientificName; family_WFO; order_majorGroup_WCVP [2026-03-11] | CoordinateCleaner QA applied without sea test (validity, equal, zeros, capitals, centroids, gbif, institutions) [2026-03-29]","standardized authors names in identifiedBy","Colección","H.R.E.","M.A. Pérez-Farrera"
"120","HEM2025_0120","PreservedSpecimen","Coleccion",NA,"UNICACH","SPECIES","HEM","M.D.R.S.","38-bis","R.R.S.","E","HEM2025",1,"Anthurium scandens",15.7697222222222,-92.9361111111111,"2005-04-21","change1: Filled coordinateUncertaintyInMeters from decimal-place precision (conservative). | epi_taxo: acceptedName(match1); authorship_epig(match1); genus_from_scientificName; family_WFO; order_majorGroup_WCVP [2026-03-11] | CoordinateCleaner QA applied without sea test (validity, equal, zeros, capitals, centroids, gbif, institutions) [2026-03-29]","","Colección","M.D.R.S.","R.R.S."
"121","HEM2025_0121","PreservedSpecimen","Coleccion",NA,"UNICACH","SPECIES","HEM","M.D.R.S.","172","R.R.S.","E","HEM2025",1,"Anthurium scandens",15.5991388888889,-92.6927777777778,"2005-06-13","change1: Filled coordinateUncertaintyInMeters from decimal-place precision (conservative). | epi_taxo: acceptedName(match1); authorship_epig(match1); genus_from_scientificName; family_WFO; order_majorGroup_WCVP [2026-03-11] | CoordinateCleaner QA applied without sea test (validity, equal, zeros, capitals, centroids, gbif, institutions) [2026-03-29]","","Colección","M.D.R.S.","R.R.S."
"122","HEM2025_0122","PreservedSpecimen","Coleccion",NA,"UNICACH","SPECIES","HEM","Najarro, F.H. | U.G.M.","860","O.F.S.","E","HEM2025",1,"Anthurium scandens",15.9752777777778,-93.4544444444444,"2002-04-27","change1: Filled coordinateUncertaintyInMeters from decimal-place precision (conservative). | epi_taxo: acceptedName(match1); authorship_epig(match1); genus_from_scientificName; family_WFO; order_majorGroup_WCVP [2026-03-11] | CoordinateCleaner QA applied without sea test (validity, equal, zeros, capitals, centroids, gbif, institutions) [2026-03-29]","standardized authors names in recordedBy","Colección","F.H. Najarro & U.G.M.","O.F.S."
"123","HEM2025_0123","PreservedSpecimen","Coleccion",NA,"UNICACH","SPECIES","HEM","A.L.R.B.","20","H.G.D.","E","HEM2025",1,"Anthurium scandens",16.8403888888889,-93.30275,"2005-10-16","change1: Filled coordinateUncertaintyInMeters from decimal-place precision (conservative). | epi_taxo: acceptedName(match1); authorship_epig(match1); genus_from_scientificName; family_WFO; order_majorGroup_WCVP [2026-03-11] | CoordinateCleaner QA applied without sea test (validity, equal, zeros, capitals, centroids, gbif, institutions) [2026-03-29]","","Colección","A.L.R.B.","H.G.D."
"124","HEM2025_0124","PreservedSpecimen","Coleccion",NA,"UNICACH","SPECIES","HEM","N.M.M.","1311","N.M.M.","E","HEM2025",1,"Anthurium scandens",16.9243055555556,-93.4726666666667,"2006-03-16","change1: Filled coordinateUncertaintyInMeters from decimal-place precision (conservative). | epi_taxo: acceptedName(match1); authorship_epig(match1); genus_from_scientificName; family_WFO; order_majorGroup_WCVP [2026-03-11] | CoordinateCleaner QA applied without sea test (validity, equal, zeros, capitals, centroids, gbif, institutions) [2026-03-29]","","Colección","N.M.M.","N.M.M."
"125","HEM2025_0125","PreservedSpecimen","Coleccion",NA,"UNICACH","SPECIES","HEM","N.M.M.","1282","N.M.M.","E","HEM2025",1,"Anthurium scandens",16.9270555555556,-93.4764166666667,"2006-03-16","change1: Filled coordinateUncertaintyInMeters from decimal-place precision (conservative). | epi_taxo: acceptedName(match1); authorship_epig(match1); genus_from_scientificName; family_WFO; order_majorGroup_WCVP [2026-03-11] | CoordinateCleaner QA applied without sea test (validity, equal, zeros, capitals, centroids, gbif, institutions) [2026-03-29]","","Colección","N.M.M.","N.M.M."
"126","HEM2025_0126","PreservedSpecimen","Coleccion",NA,"UNICACH","SPECIES","HEM","H.G.D.","1226","H.G.D.","E","HEM2025",1,"Anthurium scandens",15.4841388888889,-92.6805277777778,"","change1: Filled coordinateUncertaintyInMeters from decimal-place precision (conservative). | epi_taxo: acceptedName(match1); authorship_epig(match1); genus_from_scientificName; family_WFO; order_majorGroup_WCVP [2026-03-11] | CoordinateCleaner QA applied without sea test (validity, equal, zeros, capitals, centroids, gbif, institutions) [2026-03-29]","","Colección","H.G.D.","H.G.D."
"127","HEM2025_0127","PreservedSpecimen","Coleccion",NA,"UNICACH","SPECIES","HEM","M.E.H.M.","ND","M.E.H.M.","E","HEM2025",1,"Anthurium scandens",16.7366666666667,-92.6383333333333,"2006-02-09","change1: Filled coordinateUncertaintyInMeters from decimal-place precision (conservative). | epi_taxo: acceptedName(match1); authorship_epig(match1); genus_from_scientificName; family_WFO; order_majorGroup_WCVP [2026-03-11] | CoordinateCleaner QA applied without sea test (validity, equal, zeros, capitals, centroids, gbif, institutions) [2026-03-29]","","Colección","M.E.H.M.","M.E.H.M."
"128","HEM2025_0128","PreservedSpecimen","Coleccion",NA,"UNICACH","SPECIES","HEM","E.M.O.","25","Perez-Farrera, M.A.","E","HEM2025",1,"Anthurium scandens",17.5033333333333,-93.1216666666667,"2006-04-02","change1: Filled coordinateUncertaintyInMeters from decimal-place precision (conservative). | epi_taxo: acceptedName(match1); authorship_epig(match1); genus_from_scientificName; family_WFO; order_majorGroup_WCVP [2026-03-11] | CoordinateCleaner QA applied without sea test (validity, equal, zeros, capitals, centroids, gbif, institutions) [2026-03-29]","standardized authors names in identifiedBy","Colección","E.M.O.","M.A. Pérez-Farrera"
"129","HEM2025_0129","PreservedSpecimen","Coleccion",NA,"UNICACH","SPECIES","HEM","J.M.M.","1630","J.M.M.","E","HEM2025",1,"Anthurium scandens",15.6641666666667,-92.8136111111111,"2006-12-13","change1: Filled coordinateUncertaintyInMeters from decimal-place precision (conservative). | epi_taxo: acceptedName(match1); authorship_epig(match1); genus_from_scientificName; family_WFO; order_majorGroup_WCVP [2026-03-11] | CoordinateCleaner QA applied without sea test (validity, equal, zeros, capitals, centroids, gbif, institutions) [2026-03-29]","","Colección","J.M.M.","J.M.M."
"130","HEM2025_0130","PreservedSpecimen","Coleccion",NA,"UNICACH","SPECIES","HEM","H.G.D.","1557","H.G.D.","E","HEM2025",1,"Anthurium scandens",15.4221944444444,-92.6244166666667,"2006-11-16","change1: Filled coordinateUncertaintyInMeters from decimal-place precision (conservative). | epi_taxo: acceptedName(match1); authorship_epig(match1); genus_from_scientificName; family_WFO; order_majorGroup_WCVP [2026-03-11] | CoordinateCleaner QA applied without sea test (validity, equal, zeros, capitals, centroids, gbif, institutions) [2026-03-29]","","Colección","H.G.D.","H.G.D."
"131","HEM2025_0131","PreservedSpecimen","Coleccion",NA,"UNICACH","SPECIES","HEM","J.M.M.","1791","J.M.M.","E","HEM2025",1,"Anthurium scandens",15.7610555555556,-93.0720277777778,"2007-03-11","change1: Filled coordinateUncertaintyInMeters from decimal-place precision (conservative). | epi_taxo: acceptedName(match1); authorship_epig(match1); genus_from_scientificName; family_WFO; order_majorGroup_WCVP [2026-03-11] | CoordinateCleaner QA applied without sea test (validity, equal, zeros, capitals, centroids, gbif, institutions) [2026-03-29]","","Colección","J.M.M.","J.M.M."
"132","HEM2025_0132","PreservedSpecimen","Coleccion",NA,"UNICACH","SPECIES","HEM","J.M.M.","1754","J.M.M.","E","HEM2025",1,"Anthurium scandens",15.7675833333333,-93.0800277777778,"2007-03-08","change1: Filled coordinateUncertaintyInMeters from decimal-place precision (conservative). | epi_taxo: acceptedName(match1); authorship_epig(match1); genus_from_scientificName; family_WFO; order_majorGroup_WCVP [2026-03-11] | CoordinateCleaner QA applied without sea test (validity, equal, zeros, capitals, centroids, gbif, institutions) [2026-03-29]","","Colección","J.M.M.","J.M.M."
"133","HEM2025_0133","PreservedSpecimen","Coleccion",NA,"UNICACH","SPECIES","HEM","J.M.M.","335-bis2","J.M.M.","E","HEM2025",1,"Anthurium scandens",17.0415,-93.2363611111111,"2009-10-21","change1: Filled coordinateUncertaintyInMeters from decimal-place precision (conservative). | epi_taxo: acceptedName(match1); authorship_epig(match1); genus_from_scientificName; family_WFO; order_majorGroup_WCVP [2026-03-11] | CoordinateCleaner QA applied without sea test (validity, equal, zeros, capitals, centroids, gbif, institutions) [2026-03-29]","","Colección","J.M.M.","J.M.M."
"134","HEM2025_0134","PreservedSpecimen","Coleccion",NA,"UNICACH","SPECIES","HEM","M.M.M.","334-bis","J.M.M.","E","HEM2025",1,"Anthurium scandens",17.0415,-93.2363611111111,"2009-10-21","change1: Filled coordinateUncertaintyInMeters from decimal-place precision (conservative). | epi_taxo: acceptedName(match1); authorship_epig(match1); genus_from_scientificName; family_WFO; order_majorGroup_WCVP [2026-03-11] | CoordinateCleaner QA applied without sea test (validity, equal, zeros, capitals, centroids, gbif, institutions) [2026-03-29]","","Colección","M.M.M.","J.M.M."
"135","HEM2025_0135","PreservedSpecimen","Coleccion",NA,"UNICACH","SPECIES","HEM","G.C.L.H.","88","Perez-Farrera, M.A.","E","HEM2025",1,"Anthurium scandens",15.7213888888889,-92.9522222222222,"2001-09-01","change1: Filled coordinateUncertaintyInMeters from decimal-place precision (conservative). | epi_taxo: acceptedName(match1); authorship_epig(match1); genus_from_scientificName; family_WFO; order_majorGroup_WCVP [2026-03-11] | CoordinateCleaner QA applied without sea test (validity, equal, zeros, capitals, centroids, gbif, institutions) [2026-03-29]","standardized authors names in identifiedBy","Colección","G.C.L.H.","M.A. Pérez-Farrera"
"136","HEM2025_0136","PreservedSpecimen","Coleccion",NA,"UNICACH","SPECIES","HEM","C.A.P.B.","222","C.A.P.B.","E","HEM2025",1,"Anthurium scandens",16.2105555555556,-93.605,"2007-03-16","change1: Filled coordinateUncertaintyInMeters from decimal-place precision (conservative). | epi_taxo: acceptedName(match1); authorship_epig(match1); genus_from_scientificName; family_WFO; order_majorGroup_WCVP [2026-03-11] | CoordinateCleaner QA applied without sea test (validity, equal, zeros, capitals, centroids, gbif, institutions) [2026-03-29]","","Colección","C.A.P.B.","C.A.P.B."
"137","HEM2025_0137","PreservedSpecimen","Coleccion",NA,"UNICACH","SPECIES","HEM","N.M.M.","246","Perez-Farrera, M.A.","E","HEM2025",1,"Anthurium scandens",15.7727777777778,-93.09,"2002-02-24","change1: Filled coordinateUncertaintyInMeters from decimal-place precision (conservative). | epi_taxo: acceptedName(match1); authorship_epig(match1); genus_from_scientificName; family_WFO; order_majorGroup_WCVP [2026-03-11] | CoordinateCleaner QA applied without sea test (validity, equal, zeros, capitals, centroids, gbif, institutions) [2026-03-29]","standardized authors names in identifiedBy","Colección","N.M.M.","M.A. Pérez-Farrera"
"138","HEM2025_0138","PreservedSpecimen","Coleccion",NA,"UNICACH","SPECIES","HEM","M.M.M. | D.A.J.L.","3750","N.M.M.","E","HEM2025",1,"Anthurium scandens",15.0900833333333,-92.0916388888889,"2014-01-21","change1: Filled coordinateUncertaintyInMeters from decimal-place precision (conservative). | epi_taxo: acceptedName(match1); authorship_epig(match1); genus_from_scientificName; family_WFO; order_majorGroup_WCVP [2026-03-11] | CoordinateCleaner QA applied without sea test (validity, equal, zeros, capitals, centroids, gbif, institutions) [2026-03-29]","standardized authors names in recordedBy","Colección","M.M.M. & D.A.J.L.","N.M.M."
"139","HEM2025_0139","PreservedSpecimen","Coleccion",NA,"UNICACH","SPECIES","HEM","M.M.M. | D.A.J.L.","3754","N.M.M.","E","HEM2025",1,"Anthurium scandens",15.0900833333333,-92.0916388888889,"2014-01-21","change1: Filled coordinateUncertaintyInMeters from decimal-place precision (conservative). | epi_taxo: acceptedName(match1); authorship_epig(match1); genus_from_scientificName; family_WFO; order_majorGroup_WCVP [2026-03-11] | CoordinateCleaner QA applied without sea test (validity, equal, zeros, capitals, centroids, gbif, institutions) [2026-03-29]","standardized authors names in recordedBy","Colección","M.M.M. & D.A.J.L.","N.M.M."
"140","HEM2025_0140","PreservedSpecimen","Coleccion",NA,"UNICACH","SPECIES","HEM","M.M.M. | D.A.J.L.","3851","N.M.M.","E","HEM2025",1,"Anthurium scandens",15.1434722222222,-92.1468888888889,"2014-02-01","change1: Filled coordinateUncertaintyInMeters from decimal-place precision (conservative). | epi_taxo: acceptedName(match1); authorship_epig(match1); genus_from_scientificName; family_WFO; order_majorGroup_WCVP [2026-03-11] | CoordinateCleaner QA applied without sea test (validity, equal, zeros, capitals, centroids, gbif, institutions) [2026-03-29]","standardized authors names in recordedBy","Colección","M.M.M. & D.A.J.L.","N.M.M."
"141","HEM2025_0141","PreservedSpecimen","Coleccion",NA,"UNICACH","SPECIES","HEM","M.M.M. | A.L.C.","4152","N.M.M.","E","HEM2025",1,"Anthurium scandens",15.0316666666667,-92.1556666666667,"2014-06-16","change1: Filled coordinateUncertaintyInMeters from decimal-place precision (conservative). | epi_taxo: acceptedName(match1); authorship_epig(match1); genus_from_scientificName; family_WFO; order_majorGroup_WCVP [2026-03-11] | CoordinateCleaner QA applied without sea test (validity, equal, zeros, capitals, centroids, gbif, institutions) [2026-03-29]","standardized authors names in recordedBy","Colección","M.M.M. & A.L.C.","N.M.M."
"142","HEM2025_0142","PreservedSpecimen","Coleccion",NA,"UNICACH","SPECIES","HEM","M.M.M. | N.M.M. | R.J.R.V. | E.C.N.","4368","M.M.M.","E","HEM2025",1,"Anthurium scandens",15.0996666666667,-92.1376944444444,"2014-06-19","change1: Filled coordinateUncertaintyInMeters from decimal-place precision (conservative). | epi_taxo: acceptedName(match1); authorship_epig(match1); genus_from_scientificName; family_WFO; order_majorGroup_WCVP [2026-03-11] | CoordinateCleaner QA applied without sea test (validity, equal, zeros, capitals, centroids, gbif, institutions) [2026-03-29]","standardized authors names in recordedBy","Colección","M.M.M. & N.M.M. & R.J.R.V. & E.C.N.","M.M.M."
"143","HEM2025_0143","PreservedSpecimen","Coleccion",NA,"UNICACH","SPECIES","HEM","M.M.M. | N.M.M. | R.J.R.V. | E.C.N.","4685","N.M.M.","E","HEM2025",1,"Anthurium scandens",15.0869166666667,-92.1446111111111,"2014-07-06","change1: Filled coordinateUncertaintyInMeters from decimal-place precision (conservative). | epi_taxo: acceptedName(match1); authorship_epig(match1); genus_from_scientificName; family_WFO; order_majorGroup_WCVP [2026-03-11] | CoordinateCleaner QA applied without sea test (validity, equal, zeros, capitals, centroids, gbif, institutions) [2026-03-29]","standardized authors names in recordedBy","Colección","M.M.M. & N.M.M. & R.J.R.V. & E.C.N.","N.M.M."
"144","HEM2025_0144","PreservedSpecimen","Coleccion",NA,"UNICACH","SPECIES","HEM","M.M.M. | A.L.C.","4849","N.M.M.","E","HEM2025",1,"Anthurium scandens",15.0942222222222,-92.1718611111111,"2014-08-15","change1: Filled coordinateUncertaintyInMeters from decimal-place precision (conservative). | epi_taxo: acceptedName(match1); authorship_epig(match1); genus_from_scientificName; family_WFO; order_majorGroup_WCVP [2026-03-11] | CoordinateCleaner QA applied without sea test (validity, equal, zeros, capitals, centroids, gbif, institutions) [2026-03-29]","standardized authors names in recordedBy","Colección","M.M.M. & A.L.C.","N.M.M."
"145","HEM2025_0145","PreservedSpecimen","Coleccion",NA,"UNICACH","SPECIES","HEM","M.M.M. | M.C.R.M.","5075","N.M.M.","E","HEM2025",1,"Anthurium scandens",15.0993611111111,-92.1659722222222,"2014-09-16","change1: Filled coordinateUncertaintyInMeters from decimal-place precision (conservative). | epi_taxo: acceptedName(match1); authorship_epig(match1); genus_from_scientificName; family_WFO; order_majorGroup_WCVP [2026-03-11] | CoordinateCleaner QA applied without sea test (validity, equal, zeros, capitals, centroids, gbif, institutions) [2026-03-29]","standardized authors names in recordedBy","Colección","M.M.M. & M.C.R.M.","N.M.M."
"146","HEM2025_0146","PreservedSpecimen","Coleccion",NA,"UNICACH","SPECIES","HEM","M.M.M. | M.C.R.M.","5256","N.M.M.","E","HEM2025",1,"Anthurium scandens",15.1086388888889,-92.1911666666667,"2014-09-20","change1: Filled coordinateUncertaintyInMeters from decimal-place precision (conservative). | epi_taxo: acceptedName(match1); authorship_epig(match1); genus_from_scientificName; family_WFO; order_majorGroup_WCVP [2026-03-11] | CoordinateCleaner QA applied without sea test (validity, equal, zeros, capitals, centroids, gbif, institutions) [2026-03-29]","standardized authors names in recordedBy","Colección","M.M.M. & M.C.R.M.","N.M.M."
"147","HEM2025_0147","PreservedSpecimen","Coleccion",NA,"UNICACH","SPECIES","HEM","M.M.M. | M.C.R.M.","5334","N.M.M.","E","HEM2025",1,"Anthurium scandens",15.0847222222222,-92.175,"2014-09-22","change1: Filled coordinateUncertaintyInMeters from decimal-place precision (conservative). | epi_taxo: acceptedName(match1); authorship_epig(match1); genus_from_scientificName; family_WFO; order_majorGroup_WCVP [2026-03-11] | CoordinateCleaner QA applied without sea test (validity, equal, zeros, capitals, centroids, gbif, institutions) [2026-03-29]","standardized authors names in recordedBy","Colección","M.M.M. & M.C.R.M.","N.M.M."
"148","HEM2025_0148","PreservedSpecimen","Coleccion",NA,"UNICACH","SPECIES","HEM","M.M.M. | M.C.R.M.","5345","N.M.M.","E","HEM2025",1,"Anthurium scandens",15.0995277777778,-92.1861111111111,"2014-09-23","change1: Filled coordinateUncertaintyInMeters from decimal-place precision (conservative). | epi_taxo: acceptedName(match1); authorship_epig(match1); genus_from_scientificName; family_WFO; order_majorGroup_WCVP [2026-03-11] | CoordinateCleaner QA applied without sea test (validity, equal, zeros, capitals, centroids, gbif, institutions) [2026-03-29]","standardized authors names in recordedBy","Colección","M.M.M. & M.C.R.M.","N.M.M."
"149","HEM2025_0149","PreservedSpecimen","Coleccion",NA,"UNICACH","SPECIES","HEM","N.M.M. | M.M.M. | E.C.N.","4069","N.M.M. | Camilo, R.M.","E","HEM2025",1,"Anthurium scandens",15.1065277777778,-92.1586388888889,"2015-03-14","change1: Filled coordinateUncertaintyInMeters from decimal-place precision (conservative). | epi_taxo: acceptedName(match1); authorship_epig(match1); genus_from_scientificName; family_WFO; order_majorGroup_WCVP [2026-03-11] | CoordinateCleaner QA applied without sea test (validity, equal, zeros, capitals, centroids, gbif, institutions) [2026-03-29]","standardized authors names in recordedBy / standardized authors names in identifiedBy","Colección","N.M.M. & M.M.M. & E.C.N.","N.M.M. & R.M. Camilo"
"150","HEM2025_0150","PreservedSpecimen","Coleccion",NA,"UNICACH","SPECIES","HEM","Camilo, R.M. | R.V.H. | M.M.M.","2919","Camilo, R.M.","E","HEM2025",1,"Anthurium scandens",15.1259166666667,-92.1876944444444,"2015-03-25","change1: Filled coordinateUncertaintyInMeters from decimal-place precision (conservative). | epi_taxo: acceptedName(match1); authorship_epig(match1); genus_from_scientificName; family_WFO; order_majorGroup_WCVP [2026-03-11] | CoordinateCleaner QA applied without sea test (validity, equal, zeros, capitals, centroids, gbif, institutions) [2026-03-29]","standardized authors names in recordedBy / standardized authors names in identifiedBy","Colección","R.M. Camilo & R.V.H. & M.M.M.","R.M. Camilo"
"151","HEM2025_0151","PreservedSpecimen","Coleccion",NA,"UNICACH","SPECIES","HEM","Perez-Farrera, M.A.","2811","Perez-Farrera, M.A.","E","HEM2025",1,"Anthurium scandens",15.8775,-93.2275,"2002-05-25","change1: Filled coordinateUncertaintyInMeters from decimal-place precision (conservative). | epi_taxo: acceptedName(match1); authorship_epig(match1); genus_from_scientificName; family_WFO; order_majorGroup_WCVP [2026-03-11] | CoordinateCleaner QA applied without sea test (validity, equal, zeros, capitals, centroids, gbif, institutions) [2026-03-29]","standardized authors names in recordedBy / standardized authors names in identifiedBy","Colección","M.A. Pérez-Farrera","M.A. Pérez-Farrera"
"152","HEM2025_0152","PreservedSpecimen","Coleccion",NA,"UNICACH","SPECIES","HEM","M.M.M. | D.A.J.L. | R.J.R.V.","5404","N.M.M.","E","HEM2025",1,"Anthurium scandens",15.07075,-92.1635277777778,"2015-03-24","change1: Filled coordinateUncertaintyInMeters from decimal-place precision (conservative). | epi_taxo: acceptedName(match1); authorship_epig(match1); genus_from_scientificName; family_WFO; order_majorGroup_WCVP [2026-03-11] | CoordinateCleaner QA applied without sea test (validity, equal, zeros, capitals, centroids, gbif, institutions) [2026-03-29]","standardized authors names in recordedBy","Colección","M.M.M. & D.A.J.L. & R.J.R.V.","N.M.M."
"153","HEM2025_0153","PreservedSpecimen","Coleccion",NA,"UNICACH","SPECIES","HEM","M.M.M. | D.A.J.L. | R.J.R.V.","5449","N.M.M.","E","HEM2025",1,"Anthurium scandens",15.1071944444444,-92.1756666666667,"2015-03-25","change1: Filled coordinateUncertaintyInMeters from decimal-place precision (conservative). | epi_taxo: acceptedName(match1); authorship_epig(match1); genus_from_scientificName; family_WFO; order_majorGroup_WCVP [2026-03-11] | CoordinateCleaner QA applied without sea test (validity, equal, zeros, capitals, centroids, gbif, institutions) [2026-03-29]","standardized authors names in recordedBy","Colección","M.M.M. & D.A.J.L. & R.J.R.V.","N.M.M."
"154","HEM2025_0154","PreservedSpecimen","Coleccion",NA,"UNICACH","SPECIES","HEM","M.M.M. | D.A.J.L. | R.J.R.V.","5569","N.M.M.","E","HEM2025",1,"Anthurium scandens",15.1179722222222,-92.1553333333333,"2015-03-26","change1: Filled coordinateUncertaintyInMeters from decimal-place precision (conservative). | epi_taxo: acceptedName(match1); authorship_epig(match1); genus_from_scientificName; family_WFO; order_majorGroup_WCVP [2026-03-11] | CoordinateCleaner QA applied without sea test (validity, equal, zeros, capitals, centroids, gbif, institutions) [2026-03-29]","standardized authors names in recordedBy","Colección","M.M.M. & D.A.J.L. & R.J.R.V.","N.M.M."
"155","HEM2025_0155","PreservedSpecimen","Coleccion",NA,"UNICACH","SPECIES","HEM","M.M.M. | D.A.J.L. | R.J.R.V.","5616","N.M.M.","E","HEM2025",1,"Anthurium scandens",15.0997777777778,-92.1679444444444,"2015-03-27","change1: Filled coordinateUncertaintyInMeters from decimal-place precision (conservative). | epi_taxo: acceptedName(match1); authorship_epig(match1); genus_from_scientificName; family_WFO; order_majorGroup_WCVP [2026-03-11] | CoordinateCleaner QA applied without sea test (validity, equal, zeros, capitals, centroids, gbif, institutions) [2026-03-29]","standardized authors names in recordedBy","Colección","M.M.M. & D.A.J.L. & R.J.R.V.","N.M.M."
"156","HEM2025_0156","PreservedSpecimen","Coleccion",NA,"UNICACH","SPECIES","HEM","Perez-Farrera, M.A.","1503","Perez-Farrera, M.A.","E","HEM2025",1,"Anthurium scandens",16.6416666666667,-94.0583333333333,"1996-12-06","change1: Filled coordinateUncertaintyInMeters from decimal-place precision (conservative). | epi_taxo: acceptedName(match1); authorship_epig(match1); genus_from_scientificName; family_WFO; order_majorGroup_WCVP [2026-03-11] | CoordinateCleaner QA applied without sea test (validity, equal, zeros, capitals, centroids, gbif, institutions) [2026-03-29]","standardized authors names in recordedBy / standardized authors names in identifiedBy","Colección","M.A. Pérez-Farrera","M.A. Pérez-Farrera"
"157","HEM2025_0157","PreservedSpecimen","Coleccion",NA,"UNICACH","SPECIES","HEM","S.C.S.O.","60","S.C.S.O.","E","HEM2025",1,"Anthurium scandens",16.8186388888889,-93.2767833333333,"2010-10-02","change1: Filled coordinateUncertaintyInMeters from decimal-place precision (conservative). | epi_taxo: acceptedName(match1); authorship_epig(match1); genus_from_scientificName; family_WFO; order_majorGroup_WCVP [2026-03-11] | CoordinateCleaner QA applied without sea test (validity, equal, zeros, capitals, centroids, gbif, institutions) [2026-03-29]","","Colección","S.C.S.O.","S.C.S.O."
"158","HEM2025_0158","PreservedSpecimen","Coleccion",NA,"UNICACH","SPECIES","HEM","Perez-Farrera, M.A.","192","Perez-Farrera, M.A.","E","HEM2025",1,"Anthurium scandens",16.1533333333333,-93.5961111111111,"1995-03-15","change1: Filled coordinateUncertaintyInMeters from decimal-place precision (conservative). | epi_taxo: acceptedName(match1); authorship_epig(match1); genus_from_scientificName; family_WFO; order_majorGroup_WCVP [2026-03-11] | CoordinateCleaner QA applied without sea test (validity, equal, zeros, capitals, centroids, gbif, institutions) [2026-03-29]","standardized authors names in recordedBy / standardized authors names in identifiedBy","Colección","M.A. Pérez-Farrera","M.A. Pérez-Farrera"
"159","HEM2025_0159","PreservedSpecimen","Coleccion",NA,"UNICACH","SPECIES","HEM","Perez-Farrera, M.A.","577","Perez-Farrera, M.A.","E","HEM2025",1,"Anthurium scandens",16.3166666666667,-93.6166666666667,"1995-07-17","change1: Filled coordinateUncertaintyInMeters from decimal-place precision (conservative). | epi_taxo: acceptedName(match1); authorship_epig(match1); genus_from_scientificName; family_WFO; order_majorGroup_WCVP [2026-03-11] | CoordinateCleaner QA applied without sea test (validity, equal, zeros, capitals, centroids, gbif, institutions) [2026-03-29]","standardized authors names in recordedBy / standardized authors names in identifiedBy","Colección","M.A. Pérez-Farrera","M.A. Pérez-Farrera"
"160","HEM2025_0160","PreservedSpecimen","Coleccion",NA,"UNICACH","SPECIES","HEM","E.M.L.","62","O.F.S.","HE","HEM2025",1,"Anthurium schlechtendalii",16.0008333333333,-93.4616666666667,"2002-03-03","change1: Filled coordinateUncertaintyInMeters from decimal-place precision (conservative). | epi_taxo: acceptedName(match1); authorship_epig(match1); genus_from_scientificName; family_WFO; order_majorGroup_WCVP [2026-03-11] | CoordinateCleaner QA applied without sea test (validity, equal, zeros, capitals, centroids, gbif, institutions) [2026-03-29]","","Colección","E.M.L.","O.F.S."
"161","HEM2025_0161","PreservedSpecimen","Coleccion",NA,"UNICACH","SPECIES","HEM","H.G.D.","1679","T.B.C.","HE","HEM2025",1,"Anthurium schlechtendalii",15.8275,-93.1108333333333,"2007-01-25","change1: Filled coordinateUncertaintyInMeters from decimal-place precision (conservative). | epi_taxo: acceptedName(match1); authorship_epig(match1); genus_from_scientificName; family_WFO; order_majorGroup_WCVP [2026-03-11] | CoordinateCleaner QA applied without sea test (validity, equal, zeros, capitals, centroids, gbif, institutions) [2026-03-29]","","Colección","H.G.D.","T.B.C."
"162","HEM2025_0162","PreservedSpecimen","Coleccion",NA,"UNICACH","SPECIES","HEM","N.M.M.","1953","Perez-Farrera, M.A.","HE","HEM2025",1,"Anthurium schlechtendalii",15.7389166666667,-93.1490833333333,"2007-01-24","change1: Filled coordinateUncertaintyInMeters from decimal-place precision (conservative). | epi_taxo: acceptedName(match1); authorship_epig(match1); genus_from_scientificName; family_WFO; order_majorGroup_WCVP [2026-03-11] | CoordinateCleaner QA applied without sea test (validity, equal, zeros, capitals, centroids, gbif, institutions) [2026-03-29]","standardized authors names in identifiedBy","Colección","N.M.M.","M.A. Pérez-Farrera"
"163","HEM2025_0163","PreservedSpecimen","Coleccion",NA,"UNICACH","SPECIES","HEM","M.C.R.M.","406","A.L.C.","HE","HEM2025",1,"Anthurium schlechtendalii",16.7657972222222,-92.9711194444444,"2015-04-24","change1: Filled coordinateUncertaintyInMeters from decimal-place precision (conservative). | epi_taxo: acceptedName(match1); authorship_epig(match1); genus_from_scientificName; family_WFO; order_majorGroup_WCVP [2026-03-11] | CoordinateCleaner QA applied without sea test (validity, equal, zeros, capitals, centroids, gbif, institutions) [2026-03-29]","","Colección","M.C.R.M.","A.L.C."
"164","HEM2025_0164","PreservedSpecimen","Coleccion",NA,"UNICACH","SPECIES","HEM","E.D.R.","6","Perez-Farrera, M.A.","HE","HEM2025",1,"Anthurium seleri",15.5216666666667,-92.5744444444444,"2005-03-21","change1: Filled coordinateUncertaintyInMeters from decimal-place precision (conservative). | epi_taxo: acceptedName(match1); authorship_epig(match1); genus_from_scientificName; family_WFO; order_majorGroup_WCVP [2026-03-11] | CoordinateCleaner QA applied without sea test (validity, equal, zeros, capitals, centroids, gbif, institutions) [2026-03-29]","standardized authors names in identifiedBy","Colección","E.D.R.","M.A. Pérez-Farrera"
"165","HEM2025_0165","PreservedSpecimen","Coleccion",NA,"UNICACH","SPECIES","HEM","A.R.G. | G.U.","757","Perez-Farrera, M.A.","HE","HEM2025",1,"Anthurium seleri",16.1636111111111,-91.2108333333333,"1988-09-14","change1: Filled coordinateUncertaintyInMeters from decimal-place precision (conservative). | epi_taxo: acceptedName(match1); authorship_epig(match1); genus_from_scientificName; family_WFO; order_majorGroup_WCVP [2026-03-11] | CoordinateCleaner QA applied without sea test (validity, equal, zeros, capitals, centroids, gbif, institutions) [2026-03-29]","standardized authors names in recordedBy / standardized authors names in identifiedBy","Colección","A.R.G. & G.U.","M.A. Pérez-Farrera"
"166","HEM2025_0166","PreservedSpecimen","Coleccion",NA,"UNICACH","SPECIES","HEM","G.U. | E.M.S. | A.M.G.","24","Perez-Farrera, M.A.","HE","HEM2025",1,"Anthurium seleri",16.7944444444444,-93.1008333333333,"1987-02-17","change1: Filled coordinateUncertaintyInMeters from decimal-place precision (conservative). | epi_taxo: acceptedName(match1); authorship_epig(match1); genus_from_scientificName; family_WFO; order_majorGroup_WCVP [2026-03-11] | CoordinateCleaner QA applied without sea test (validity, equal, zeros, capitals, centroids, gbif, institutions) [2026-03-29]","standardized authors names in recordedBy / standardized authors names in identifiedBy","Colección","G.U. & E.M.S. & A.M.G.","M.A. Pérez-Farrera"
"167","HEM2025_0167","PreservedSpecimen","Coleccion",NA,"UNICACH","SPECIES","HEM","G.U. | E.M.S. | A.M.G.","24","Perez-Farrera, M.A.","HE","HEM2025",1,"Anthurium seleri",16.7944444444444,-93.1008333333333,"1987-02-17","change1: Filled coordinateUncertaintyInMeters from decimal-place precision (conservative). | epi_taxo: acceptedName(match1); authorship_epig(match1); genus_from_scientificName; family_WFO; order_majorGroup_WCVP [2026-03-11] | CoordinateCleaner QA applied without sea test (validity, equal, zeros, capitals, centroids, gbif, institutions) [2026-03-29]","standardized authors names in recordedBy / standardized authors names in identifiedBy","Colección","G.U. & E.M.S. & A.M.G.","M.A. Pérez-Farrera"
"168","HEM2025_0168","PreservedSpecimen","Coleccion",NA,"UNICACH","SPECIES","HEM","Camilo, R.M. | N.M.M. | R.R.S. | S.M.V.M.","820","Perez-Farrera, M.A.","HE","HEM2025",1,"Anthurium seleri",16.9477777777778,-93.2244444444444,"2003-12-10","change1: Filled coordinateUncertaintyInMeters from decimal-place precision (conservative). | epi_taxo: acceptedName(match1); authorship_epig(match1); genus_from_scientificName; family_WFO; order_majorGroup_WCVP [2026-03-11] | CoordinateCleaner QA applied without sea test (validity, equal, zeros, capitals, centroids, gbif, institutions) [2026-03-29]","standardized authors names in recordedBy / standardized authors names in identifiedBy","Colección","R.M. Camilo & N.M.M. & R.R.S. & S.M.V.M.","M.A. Pérez-Farrera"
"169","HEM2025_0169","PreservedSpecimen","Coleccion",NA,"UNICACH","SPECIES","HEM","Perez-Farrera, M.A.","1706b","Perez-Farrera, M.A.","HE","HEM2025",1,"Anthurium seleri",16.8608333333333,-93.1108333333333,"1998-09-20","change1: Filled coordinateUncertaintyInMeters from decimal-place precision (conservative). | epi_taxo: acceptedName(match1); authorship_epig(match1); genus_from_scientificName; family_WFO; order_majorGroup_WCVP [2026-03-11] | CoordinateCleaner QA applied without sea test (validity, equal, zeros, capitals, centroids, gbif, institutions) [2026-03-29]","standardized authors names in recordedBy / standardized authors names in identifiedBy","Colección","M.A. Pérez-Farrera","M.A. Pérez-Farrera"
"170","HEM2025_0170","PreservedSpecimen","Coleccion",NA,"UNICACH","SPECIES","HEM","J.J.V.J.","38","Perez-Farrera, M.A.","HE","HEM2025",1,"Anthurium seleri",16.7411111111111,-93.6461111111111,"2002-05-25","change1: Filled coordinateUncertaintyInMeters from decimal-place precision (conservative). | epi_taxo: acceptedName(match1); authorship_epig(match1); genus_from_scientificName; family_WFO; order_majorGroup_WCVP [2026-03-11] | CoordinateCleaner QA applied without sea test (validity, equal, zeros, capitals, centroids, gbif, institutions) [2026-03-29]","standardized authors names in identifiedBy","Colección","J.J.V.J.","M.A. Pérez-Farrera"
"171","HEM2025_0171","PreservedSpecimen","Coleccion",NA,"UNICACH","GENUS","HEM","J.M.M.","690","Perez-Farrera, M.A.","HE","HEM2025",NA,"",15.8213333333333,-93.0480277777778,"2005-04-07","change1: Genus placeholder (sp./spp.): moved to 'genus', set taxonRank=GENUS, cleared scientificName; kept original in verbatim. | change2: Filled coordinateUncertaintyInMeters from decimal-place precision (conservative). | epi_taxo: acceptedName(match1); authorship_epig(match1); genus_from_scientificName; family_WFO; order_majorGroup_WCVP [2026-03-11] | CoordinateCleaner QA applied without sea test (validity, equal, zeros, capitals, centroids, gbif, institutions) [2026-03-29]","standardized authors names in identifiedBy","Colección","J.M.M.","M.A. Pérez-Farrera"
"172","HEM2025_0172","PreservedSpecimen","Coleccion",NA,"UNICACH","GENUS","HEM","M.M.M. | M.D.E.M.","667","N.M.M. | J.M.M.","HE","HEM2025",NA,"",15.2601388888889,-92.2172777777778,"2013-02-08","change1: Genus placeholder (sp./spp.): moved to 'genus', set taxonRank=GENUS, cleared scientificName; kept original in verbatim. | change2: Filled coordinateUncertaintyInMeters from decimal-place precision (conservative). | epi_taxo: acceptedName(match1); authorship_epig(match1); genus_from_scientificName; family_WFO; order_majorGroup_WCVP [2026-03-11] | CoordinateCleaner QA applied without sea test (validity, equal, zeros, capitals, centroids, gbif, institutions) [2026-03-29]","standardized authors names in recordedBy / standardized authors names in identifiedBy","Colección","M.M.M. & M.D.E.M.","N.M.M. & J.M.M."
"173","HEM2025_0173","PreservedSpecimen","Coleccion",NA,"UNICACH","GENUS","HEM","M.M.M. | M.A.D.V.","2220","Perez-Farrera, M.A.","HE","HEM2025",NA,"",15.0901666666667,-92.1060277777778,"2013-07-04","change1: Genus placeholder (sp./spp.): moved to 'genus', set taxonRank=GENUS, cleared scientificName; kept original in verbatim. | change2: Filled coordinateUncertaintyInMeters from decimal-place precision (conservative). | epi_taxo: acceptedName(match1); authorship_epig(match1); genus_from_scientificName; family_WFO; order_majorGroup_WCVP [2026-03-11] | CoordinateCleaner QA applied without sea test (validity, equal, zeros, capitals, centroids, gbif, institutions) [2026-03-29]","standardized authors names in recordedBy / standardized authors names in identifiedBy","Colección","M.M.M. & M.A.D.V.","M.A. Pérez-Farrera"
"174","HEM2025_0174","PreservedSpecimen","Coleccion",NA,"UNICACH","GENUS","HEM","M.M.M. | E.A.M.A.","4657","N.M.M.","HE","HEM2025",NA,"",15.0861111111111,-92.1467222222222,"2014-07-05","change1: Genus placeholder (sp./spp.): moved to 'genus', set taxonRank=GENUS, cleared scientificName; kept original in verbatim. | change2: Filled coordinateUncertaintyInMeters from decimal-place precision (conservative). | epi_taxo: acceptedName(match1); authorship_epig(match1); genus_from_scientificName; family_WFO; order_majorGroup_WCVP [2026-03-11] | CoordinateCleaner QA applied without sea test (validity, equal, zeros, capitals, centroids, gbif, institutions) [2026-03-29]","standardized authors names in recordedBy","Colección","M.M.M. & E.A.M.A.","N.M.M."
"175","HEM2025_0175","PreservedSpecimen","Coleccion",NA,"UNICACH","SPECIES","HEM","Perez-Farrera, M.A.","2544-bis","Perez-Farrera, M.A.","HE","HEM2025",1,"Anthurium titanium",15.7888888888889,-93.065,"2001-07-17","change1: Filled coordinateUncertaintyInMeters from decimal-place precision (conservative). | epi_taxo: acceptedName(match1); authorship_epig(match1); genus_from_scientificName; family_WFO; order_majorGroup_WCVP [2026-03-11] | CoordinateCleaner QA applied without sea test (validity, equal, zeros, capitals, centroids, gbif, institutions) [2026-03-29]","standardized authors names in recordedBy / standardized authors names in identifiedBy","Colección","M.A. Pérez-Farrera","M.A. Pérez-Farrera"
"176","HEM2025_0176","PreservedSpecimen","Coleccion",NA,"UNICACH","SPECIES","HEM","H.G.D.","860","H.G.D.","HE","HEM2025",1,"Anthurium titanium",15.6638888888889,-92.8202777777778,"2005-01-10","change1: Filled coordinateUncertaintyInMeters from decimal-place precision (conservative). | epi_taxo: acceptedName(match1); authorship_epig(match1); genus_from_scientificName; family_WFO; order_majorGroup_WCVP [2026-03-11] | CoordinateCleaner QA applied without sea test (validity, equal, zeros, capitals, centroids, gbif, institutions) [2026-03-29]","","Colección","H.G.D.","H.G.D."
"177","HEM2025_0177","PreservedSpecimen","Coleccion",NA,"UNICACH","SPECIES","HEM","V.A.V.A.","46","Perez-Farrera, M.A.","HE","HEM2025",1,"Anthurium titanium",15.7380555555556,-92.9355555555556,"2001-02-03","change1: Filled coordinateUncertaintyInMeters from decimal-place precision (conservative). | epi_taxo: acceptedName(match1); authorship_epig(match1); genus_from_scientificName; family_WFO; order_majorGroup_WCVP [2026-03-11] | CoordinateCleaner QA applied without sea test (validity, equal, zeros, capitals, centroids, gbif, institutions) [2026-03-29]","standardized authors names in identifiedBy","Colección","V.A.V.A.","M.A. Pérez-Farrera"
"178","HEM2025_0178","PreservedSpecimen","Coleccion",NA,"UNICACH","SPECIES","HEM","Camilo, R.M. | N.M.M. | D.M.C.","1022","Camilo, R.M.","HE","HEM2025",1,"Anthurium titanium",15.1058333333333,-92.0944444444444,"2006-08-17","change1: Filled coordinateUncertaintyInMeters from decimal-place precision (conservative). | epi_taxo: acceptedName(match1); authorship_epig(match1); genus_from_scientificName; family_WFO; order_majorGroup_WCVP [2026-03-11] | CoordinateCleaner QA applied without sea test (validity, equal, zeros, capitals, centroids, gbif, institutions) [2026-03-29]","standardized authors names in recordedBy / standardized authors names in identifiedBy","Colección","R.M. Camilo & N.M.M. & D.M.C.","R.M. Camilo"
"179","HEM2025_0179","PreservedSpecimen","Coleccion",NA,"UNICACH","SPECIES","HEM","Perez-Farrera, M.A.","2616","Perez-Farrera, M.A.","HE","HEM2025",1,"Anthurium titanium",15.7769444444444,-93.09,"2001-07-18","change1: Filled coordinateUncertaintyInMeters from decimal-place precision (conservative). | epi_taxo: acceptedName(match1); authorship_epig(match1); genus_from_scientificName; family_WFO; order_majorGroup_WCVP [2026-03-11] | CoordinateCleaner QA applied without sea test (validity, equal, zeros, capitals, centroids, gbif, institutions) [2026-03-29]","standardized authors names in recordedBy / standardized authors names in identifiedBy","Colección","M.A. Pérez-Farrera","M.A. Pérez-Farrera"
"180","HEM2025_0180","PreservedSpecimen","Coleccion",NA,"UNICACH","SPECIES","HEM","Perez-Farrera, M.A.","1997","Perez-Farrera, M.A.","HE","HEM2025",1,"Anthurium umbrosum",16.9441666666667,-92.5275,"1999-05-26","change1: Filled coordinateUncertaintyInMeters from decimal-place precision (conservative). | epi_taxo: acceptedName(match1); authorship_epig(match1); genus_from_scientificName; family_WFO; order_majorGroup_WCVP [2026-03-11] | CoordinateCleaner QA applied without sea test (validity, equal, zeros, capitals, centroids, gbif, institutions) [2026-03-29]","standardized authors names in recordedBy / standardized authors names in identifiedBy","Colección","M.A. Pérez-Farrera","M.A. Pérez-Farrera"
"181","HEM2025_0181","PreservedSpecimen","Coleccion",NA,"UNICACH","SPECIES","HEM","Perez-Farrera, M.A.","1997","Perez-Farrera, M.A.","HE","HEM2025",1,"Anthurium umbrosum",16.9441666666667,-92.5275,"1999-05-26","change1: Filled coordinateUncertaintyInMeters from decimal-place precision (conservative). | epi_taxo: acceptedName(match1); authorship_epig(match1); genus_from_scientificName; family_WFO; order_majorGroup_WCVP [2026-03-11] | CoordinateCleaner QA applied without sea test (validity, equal, zeros, capitals, centroids, gbif, institutions) [2026-03-29]","standardized authors names in recordedBy / standardized authors names in identifiedBy","Colección","M.A. Pérez-Farrera","M.A. Pérez-Farrera"
"182","HEM2025_0182","PreservedSpecimen","Coleccion",NA,"UNICACH","SPECIES","HEM","Perez-Farrera, M.A.","2235","Perez-Farrera, M.A.","HE","HEM2025",1,"Anthurium umbrosum",16.8858333333333,-94.1188888888889,"2000-01-20","change1: Filled coordinateUncertaintyInMeters from decimal-place precision (conservative). | epi_taxo: acceptedName(match1); authorship_epig(match1); genus_from_scientificName; family_WFO; order_majorGroup_WCVP [2026-03-11] | CoordinateCleaner QA applied without sea test (validity, equal, zeros, capitals, centroids, gbif, institutions) [2026-03-29]","standardized authors names in recordedBy / standardized authors names in identifiedBy","Colección","M.A. Pérez-Farrera","M.A. Pérez-Farrera"
"183","HEM2025_0183","PreservedSpecimen","Coleccion",NA,"UNICACH","SPECIES","HEM","Perez-Farrera, M.A.","491-bis","Perez-Farrera, M.A.","HE","HEM2025",1,"Anthurium verapazense",15.9416666666667,-93.2916666666667,"1995-07-11","change1: Filled coordinateUncertaintyInMeters from decimal-place precision (conservative). | epi_taxo: acceptedName(match1); authorship_epig(match1); genus_from_scientificName; family_WFO; order_majorGroup_WCVP [2026-03-11] | CoordinateCleaner QA applied without sea test (validity, equal, zeros, capitals, centroids, gbif, institutions) [2026-03-29]","standardized authors names in recordedBy / standardized authors names in identifiedBy","Colección","M.A. Pérez-Farrera","M.A. Pérez-Farrera"
"184","HEM2025_0184","PreservedSpecimen","Coleccion",NA,"UNICACH","SPECIES","HEM","P.C. | V.M.","35","Perez-Farrera, M.A.","HE","HEM2025",1,"Monstera acacoyaguensis",15.0486111111111,-92.3805555555555,"1998-11-15","change1: Filled coordinateUncertaintyInMeters from decimal-place precision (conservative). | epi_taxo: acceptedName(match1); authorship_epig(match1); genus_from_scientificName; family_WFO; order_majorGroup_WCVP [2026-03-11] | CoordinateCleaner QA applied without sea test (validity, equal, zeros, capitals, centroids, gbif, institutions) [2026-03-29]","standardized authors names in recordedBy / standardized authors names in identifiedBy","Colección","P.C. & V.M.","M.A. Pérez-Farrera"
"185","HEM2025_0185","PreservedSpecimen","Coleccion",NA,"UNICACH","SPECIES","HEM","P.C. | V.M.","35","Perez-Farrera, M.A.","HE","HEM2025",1,"Monstera acacoyaguensis",15.0486111111111,-92.3805555555555,"1998-11-15","change1: Filled coordinateUncertaintyInMeters from decimal-place precision (conservative). | epi_taxo: acceptedName(match1); authorship_epig(match1); genus_from_scientificName; family_WFO; order_majorGroup_WCVP [2026-03-11] | CoordinateCleaner QA applied without sea test (validity, equal, zeros, capitals, centroids, gbif, institutions) [2026-03-29]","standardized authors names in recordedBy / standardized authors names in identifiedBy","Colección","P.C. & V.M.","M.A. Pérez-Farrera"
"186","HEM2025_0186","PreservedSpecimen","Coleccion",NA,"UNICACH","SPECIES","HEM","Camilo, R.M.","516","T.B.C.","HE","HEM2025",1,"Monstera acuminata",15.8138888888889,-93.0305555555556,"2002-03-15","change1: Filled coordinateUncertaintyInMeters from decimal-place precision (conservative). | epi_taxo: acceptedName(match1); authorship_epig(match1); genus_from_scientificName; family_WFO; order_majorGroup_WCVP [2026-03-11] | CoordinateCleaner QA applied without sea test (validity, equal, zeros, capitals, centroids, gbif, institutions) [2026-03-29]","standardized authors names in recordedBy","Colección","R.M. Camilo","T.B.C."
"187","HEM2025_0187","PreservedSpecimen","Coleccion",NA,"UNICACH","SPECIES","HEM","J.A.E.J.","500","Perez-Farrera, M.A.","HE","HEM2025",1,"Monstera deliciosa",16.842,-93.1218055555556,"2007-11-08","change1: Filled coordinateUncertaintyInMeters from decimal-place precision (conservative). | epi_taxo: acceptedName(match1); authorship_epig(match1); genus_from_scientificName; family_WFO; order_majorGroup_WCVP [2026-03-11] | CoordinateCleaner QA applied without sea test (validity, equal, zeros, capitals, centroids, gbif, institutions) [2026-03-29]","standardized authors names in identifiedBy","Colección","J.A.E.J.","M.A. Pérez-Farrera"
"188","HEM2025_0188","PreservedSpecimen","Coleccion",NA,"UNICACH","SPECIES","HEM","G.C.L.H.","52","Perez-Farrera, M.A.","HE","HEM2025",1,"Monstera dubia",15.7213888888889,-92.9522222222222,"2001-06-01","change1: Filled coordinateUncertaintyInMeters from decimal-place precision (conservative). | epi_taxo: acceptedName(match1); authorship_epig(match1); genus_from_scientificName; family_WFO; order_majorGroup_WCVP [2026-03-11] | CoordinateCleaner QA applied without sea test (validity, equal, zeros, capitals, centroids, gbif, institutions) [2026-03-29]","standardized authors names in identifiedBy","Colección","G.C.L.H.","M.A. Pérez-Farrera"
"189","HEM2025_0189","PreservedSpecimen","Coleccion",NA,"UNICACH","SPECIES","HEM","Perez-Farrera, M.A.","2735","Perez-Farrera, M.A.","HE","HEM2025",1,"Monstera dubia",15.7011111111111,-92.9816666666667,"2002-04-12","change1: Filled coordinateUncertaintyInMeters from decimal-place precision (conservative). | epi_taxo: acceptedName(match1); authorship_epig(match1); genus_from_scientificName; family_WFO; order_majorGroup_WCVP [2026-03-11] | CoordinateCleaner QA applied without sea test (validity, equal, zeros, capitals, centroids, gbif, institutions) [2026-03-29]","standardized authors names in recordedBy / standardized authors names in identifiedBy","Colección","M.A. Pérez-Farrera","M.A. Pérez-Farrera"
"190","HEM2025_0190","PreservedSpecimen","Coleccion",NA,"UNICACH","SPECIES","HEM","U.B.C. | Rojas.","435","U.B.C.","HE","HEM2025",1,"Monstera adansonii",15.8077777777778,-92.6125,"1989-03-06","change1: Filled coordinateUncertaintyInMeters from decimal-place precision (conservative). | epi_taxo: acceptedName(match1); authorship_epig(match1); genus_from_scientificName; family_WFO; order_majorGroup_WCVP [2026-03-11] | CoordinateCleaner QA applied without sea test (validity, equal, zeros, capitals, centroids, gbif, institutions) [2026-03-29]","standardized authors names in recordedBy","Colección","U.B.C. & Rojas","U.B.C."
"191","HEM2025_0191","PreservedSpecimen","Coleccion",NA,"UNICACH","SPECIES","HEM","Perez-Farrera, M.A.","2587","Perez-Farrera, M.A.","HE","HEM2025",1,"Monstera siltepecana",15.7727777777778,-93.09,"2001-07-17","change1: Filled coordinateUncertaintyInMeters from decimal-place precision (conservative). | epi_taxo: acceptedName(match1); authorship_epig(match1); genus_from_scientificName; family_WFO; order_majorGroup_WCVP [2026-03-11] | CoordinateCleaner QA applied without sea test (validity, equal, zeros, capitals, centroids, gbif, institutions) [2026-03-29]","standardized authors names in recordedBy / standardized authors names in identifiedBy","Colección","M.A. Pérez-Farrera","M.A. Pérez-Farrera"
"192","HEM2025_0192","PreservedSpecimen","Coleccion",NA,"UNICACH","SPECIES","HEM","N.M.M.","131","Perez-Farrera, M.A.","HE","HEM2025",1,"Monstera siltepecana",15.7,-92.9805555555556,"2001-12-21","change1: Filled coordinateUncertaintyInMeters from decimal-place precision (conservative). | epi_taxo: acceptedName(match1); authorship_epig(match1); genus_from_scientificName; family_WFO; order_majorGroup_WCVP [2026-03-11] | CoordinateCleaner QA applied without sea test (validity, equal, zeros, capitals, centroids, gbif, institutions) [2026-03-29]","standardized authors names in identifiedBy","Colección","N.M.M.","M.A. Pérez-Farrera"
"193","HEM2025_0193","PreservedSpecimen","Coleccion",NA,"UNICACH","SPECIES","HEM","J.M.M.","39","Perez-Farrera, M.A.","HE","HEM2025",1,"Monstera siltepecana",15.9691666666667,-93.4694444444444,"2002-04-28","change1: Filled coordinateUncertaintyInMeters from decimal-place precision (conservative). | epi_taxo: acceptedName(match1); authorship_epig(match1); genus_from_scientificName; family_WFO; order_majorGroup_WCVP [2026-03-11] | CoordinateCleaner QA applied without sea test (validity, equal, zeros, capitals, centroids, gbif, institutions) [2026-03-29]","standardized authors names in identifiedBy","Colección","J.M.M.","M.A. Pérez-Farrera"
"194","HEM2025_0194","PreservedSpecimen","Coleccion",NA,"UNICACH","SPECIES","HEM","O.F.S.","456","Perez-Farrera, M.A.","HE","HEM2025",1,"Monstera siltepecana",15.7441666666667,-92.9775,"1994-04-26","change1: Filled coordinateUncertaintyInMeters from decimal-place precision (conservative). | epi_taxo: acceptedName(match1); authorship_epig(match1); genus_from_scientificName; family_WFO; order_majorGroup_WCVP [2026-03-11] | CoordinateCleaner QA applied without sea test (validity, equal, zeros, capitals, centroids, gbif, institutions) [2026-03-29]","standardized authors names in identifiedBy","Colección","O.F.S.","M.A. Pérez-Farrera"
"195","HEM2025_0195","PreservedSpecimen","Coleccion",NA,"UNICACH","SPECIES","HEM","J.M.M.","30","Perez-Farrera, M.A.","HE","HEM2025",1,"Monstera siltepecana",15.9527777777778,-93.2861111111111,"2002-03-08","change1: Filled coordinateUncertaintyInMeters from decimal-place precision (conservative). | epi_taxo: acceptedName(match1); authorship_epig(match1); genus_from_scientificName; family_WFO; order_majorGroup_WCVP [2026-03-11] | CoordinateCleaner QA applied without sea test (validity, equal, zeros, capitals, centroids, gbif, institutions) [2026-03-29]","standardized authors names in identifiedBy","Colección","J.M.M.","M.A. Pérez-Farrera"
"196","HEM2025_0196","PreservedSpecimen","Coleccion",NA,"UNICACH","SPECIES","HEM","M.M.M. | M.D.E.M.","1260","N.M.M. | J.M.M.","HE","HEM2025",1,"Monstera siltepecana",15.08625,-92.0986944444444,"2013-04-27","change1: Filled coordinateUncertaintyInMeters from decimal-place precision (conservative). | epi_taxo: acceptedName(match1); authorship_epig(match1); genus_from_scientificName; family_WFO; order_majorGroup_WCVP [2026-03-11] | CoordinateCleaner QA applied without sea test (validity, equal, zeros, capitals, centroids, gbif, institutions) [2026-03-29]","standardized authors names in recordedBy / standardized authors names in identifiedBy","Colección","M.M.M. & M.D.E.M.","N.M.M. & J.M.M."
"197","HEM2025_0197","PreservedSpecimen","Coleccion",NA,"UNICACH","SPECIES","HEM","Camilo, R.M.","461","Perez-Farrera, M.A.","HE","HEM2025",1,"Monstera siltepecana",15.7727777777778,-93.09,"2002-02-24","change1: Filled coordinateUncertaintyInMeters from decimal-place precision (conservative). | epi_taxo: acceptedName(match1); authorship_epig(match1); genus_from_scientificName; family_WFO; order_majorGroup_WCVP [2026-03-11] | CoordinateCleaner QA applied without sea test (validity, equal, zeros, capitals, centroids, gbif, institutions) [2026-03-29]","standardized authors names in recordedBy / standardized authors names in identifiedBy","Colección","R.M. Camilo","M.A. Pérez-Farrera"
"198","HEM2025_0198","PreservedSpecimen","Coleccion",NA,"UNICACH","SPECIES","HEM","M.M.M. | S.H.J. | V.E.G.J.","6067","N.M.M.","HE","HEM2025",1,"Monstera siltepecana",15.2342222222222,-92.3172777777778,"2015-06-01","change1: Filled coordinateUncertaintyInMeters from decimal-place precision (conservative). | epi_taxo: acceptedName(match1); authorship_epig(match1); genus_from_scientificName; family_WFO; order_majorGroup_WCVP [2026-03-11] | CoordinateCleaner QA applied without sea test (validity, equal, zeros, capitals, centroids, gbif, institutions) [2026-03-29]","standardized authors names in recordedBy","Colección","M.M.M. & S.H.J. & V.E.G.J.","N.M.M."
"199","HEM2025_0199","PreservedSpecimen","Coleccion",NA,"UNICACH","SPECIES","HEM","Perez-Farrera, M.A.","859","Perez-Farrera, M.A.","HE","HEM2025",1,"Monstera siltepecana",15.5833333333333,-92.25,"1996-02-25","change1: Filled coordinateUncertaintyInMeters from decimal-place precision (conservative). | epi_taxo: acceptedName(match1); authorship_epig(match1); genus_from_scientificName; family_WFO; order_majorGroup_WCVP [2026-03-11] | CoordinateCleaner QA applied without sea test (validity, equal, zeros, capitals, centroids, gbif, institutions) [2026-03-29]","standardized authors names in recordedBy / standardized authors names in identifiedBy","Colección","M.A. Pérez-Farrera","M.A. Pérez-Farrera"
"200","HEM2025_0200","PreservedSpecimen","Coleccion",NA,"UNICACH","SPECIES","HEM","Perez-Farrera, M.A.","859","Perez-Farrera, M.A.","HE","HEM2025",1,"Monstera siltepecana",15.5833333333333,-92.25,"1996-02-25","change1: Filled coordinateUncertaintyInMeters from decimal-place precision (conservative). | epi_taxo: acceptedName(match1); authorship_epig(match1); genus_from_scientificName; family_WFO; order_majorGroup_WCVP [2026-03-11] | CoordinateCleaner QA applied without sea test (validity, equal, zeros, capitals, centroids, gbif, institutions) [2026-03-29]","standardized authors names in recordedBy / standardized authors names in identifiedBy","Colección","M.A. Pérez-Farrera","M.A. Pérez-Farrera"
"201","HEM2025_0201","PreservedSpecimen","Coleccion",NA,"UNICACH","SPECIES","HEM","Guzman-H, J.","2-bis","O.F.S.","HE","HEM2025",1,"Monstera siltepecana",15.7227777777778,-92.9436111111111,"1996-11-05","change1: Filled coordinateUncertaintyInMeters from decimal-place precision (conservative). | epi_taxo: acceptedName(match1); authorship_epig(match1); genus_from_scientificName; family_WFO; order_majorGroup_WCVP [2026-03-11] | CoordinateCleaner QA applied without sea test (validity, equal, zeros, capitals, centroids, gbif, institutions) [2026-03-29]","standardized authors names in recordedBy","Colección","J. Guzmán. H.","O.F.S."
"202","HEM2025_0202","PreservedSpecimen","Coleccion",NA,"UNICACH","SPECIES","HEM","V.M.","80","Perez-Farrera, M.A.","HE","HEM2025",1,"Monstera siltepecana",15.4805555555556,-92.6055555555556,"1999-01-27","change1: Filled coordinateUncertaintyInMeters from decimal-place precision (conservative). | epi_taxo: acceptedName(match1); authorship_epig(match1); genus_from_scientificName; family_WFO; order_majorGroup_WCVP [2026-03-11] | CoordinateCleaner QA applied without sea test (validity, equal, zeros, capitals, centroids, gbif, institutions) [2026-03-29]","standardized authors names in identifiedBy","Colección","V.M.","M.A. Pérez-Farrera"
"203","HEM2025_0203","PreservedSpecimen","Coleccion",NA,"UNICACH","SPECIES","HEM","P.C. | V.M.","18","Perez-Farrera, M.A.","HE","HEM2025",1,"Monstera siltepecana",15.4805555555556,-92.6055555555556,"1998-10-13","change1: Filled coordinateUncertaintyInMeters from decimal-place precision (conservative). | epi_taxo: acceptedName(match1); authorship_epig(match1); genus_from_scientificName; family_WFO; order_majorGroup_WCVP [2026-03-11] | CoordinateCleaner QA applied without sea test (validity, equal, zeros, capitals, centroids, gbif, institutions) [2026-03-29]","standardized authors names in recordedBy / standardized authors names in identifiedBy","Colección","P.C. & V.M.","M.A. Pérez-Farrera"
"204","HEM2025_0204","PreservedSpecimen","Coleccion",NA,"UNICACH","SPECIES","HEM","V.M.","80-bis","Perez-Farrera, M.A.","HE","HEM2025",1,"Monstera siltepecana",15.4805555555556,-92.6055555555556,"1999-01-27","change1: Filled coordinateUncertaintyInMeters from decimal-place precision (conservative). | epi_taxo: acceptedName(match1); authorship_epig(match1); genus_from_scientificName; family_WFO; order_majorGroup_WCVP [2026-03-11] | CoordinateCleaner QA applied without sea test (validity, equal, zeros, capitals, centroids, gbif, institutions) [2026-03-29]","standardized authors names in identifiedBy","Colección","V.M.","M.A. Pérez-Farrera"
"205","HEM2025_0205","PreservedSpecimen","Coleccion",NA,"UNICACH","SPECIES","HEM","Najarro, F.H.","ND","Najarro, F.H.","HE","HEM2025",1,"Monstera siltepecana",15.9752777777778,-93.4544444444444,"","change1: Filled coordinateUncertaintyInMeters from decimal-place precision (conservative). | epi_taxo: acceptedName(match1); authorship_epig(match1); genus_from_scientificName; family_WFO; order_majorGroup_WCVP [2026-03-11] | CoordinateCleaner QA applied without sea test (validity, equal, zeros, capitals, centroids, gbif, institutions) [2026-03-29]","standardized authors names in recordedBy / standardized authors names in identifiedBy","Colección","F.H. Najarro","F.H. Najarro"
"206","HEM2025_0206","PreservedSpecimen","Coleccion",NA,"UNICACH","GENUS","HEM","N.M.M.","1852","N.M.M.","HE","HEM2025",NA,"",16.4900833333333,-93.3834444444445,"2006-06-06","change1: Genus placeholder (sp./spp.): moved to 'genus', set taxonRank=GENUS, cleared scientificName; kept original in verbatim. | change2: Filled coordinateUncertaintyInMeters from decimal-place precision (conservative). | epi_taxo: acceptedName(match1); authorship_epig(match1); genus_from_scientificName; family_WFO; order_majorGroup_WCVP [2026-03-11] | CoordinateCleaner QA applied without sea test (validity, equal, zeros, capitals, centroids, gbif, institutions) [2026-03-29]","","Colección","N.M.M.","N.M.M."
"207","HEM2025_0207","PreservedSpecimen","Coleccion",NA,"UNICACH","SPECIES","HEM","T.B.C.","47212","T.B.C.","HE","HEM2025",1,"Philodendron anisotomum",15.0522222222222,-92.1188888888889,"1979-02-10","change1: Filled coordinateUncertaintyInMeters from decimal-place precision (conservative). | epi_taxo: acceptedName(match1); authorship_epig(match1); genus_from_scientificName; family_WFO; order_majorGroup_WCVP [2026-03-11] | CoordinateCleaner QA applied without sea test (validity, equal, zeros, capitals, centroids, gbif, institutions) [2026-03-29]","","Colección","T.B.C.","T.B.C."
"208","HEM2025_0208","PreservedSpecimen","Coleccion",NA,"UNICACH","SPECIES","HEM","A.R.A.","95","T.B.C.","HE","HEM2025",1,"Philodendron anisotomum",15.9727777777778,-93.4708333333333,"2002-10-12","change1: Filled coordinateUncertaintyInMeters from decimal-place precision (conservative). | epi_taxo: acceptedName(match1); authorship_epig(match1); genus_from_scientificName; family_WFO; order_majorGroup_WCVP [2026-03-11] | CoordinateCleaner QA applied without sea test (validity, equal, zeros, capitals, centroids, gbif, institutions) [2026-03-29]","","Colección","A.R.A.","T.B.C."
"209","HEM2025_0209","PreservedSpecimen","Coleccion",NA,"UNICACH","SPECIES","HEM","E.M.L.","11","Perez-Farrera, M.A.","HE","HEM2025",1,"Philodendron anisotomum",16.0008333333333,-93.4616666666667,"2002-03-02","change1: Filled coordinateUncertaintyInMeters from decimal-place precision (conservative). | epi_taxo: acceptedName(match1); authorship_epig(match1); genus_from_scientificName; family_WFO; order_majorGroup_WCVP [2026-03-11] | CoordinateCleaner QA applied without sea test (validity, equal, zeros, capitals, centroids, gbif, institutions) [2026-03-29]","standardized authors names in identifiedBy","Colección","E.M.L.","M.A. Pérez-Farrera"
"210","HEM2025_0210","PreservedSpecimen","Coleccion",NA,"UNICACH","SPECIES","HEM","A.R.A.","122","T.B.C.","HE","HEM2025",1,"Philodendron anisotomum",16.0094444444444,-93.3780555555555,"2003-05-02","change1: Filled coordinateUncertaintyInMeters from decimal-place precision (conservative). | epi_taxo: acceptedName(match1); authorship_epig(match1); genus_from_scientificName; family_WFO; order_majorGroup_WCVP [2026-03-11] | CoordinateCleaner QA applied without sea test (validity, equal, zeros, capitals, centroids, gbif, institutions) [2026-03-29]","","Colección","A.R.A.","T.B.C."
"211","HEM2025_0211","PreservedSpecimen","Coleccion",NA,"UNICACH","SPECIES","HEM","N.M.M.","1946","T.B.C.","HE","HEM2025",1,"Philodendron anisotomum",15.7389166666667,-93.1490833333333,"2007-01-24","change1: Filled coordinateUncertaintyInMeters from decimal-place precision (conservative). | epi_taxo: acceptedName(match1); authorship_epig(match1); genus_from_scientificName; family_WFO; order_majorGroup_WCVP [2026-03-11] | CoordinateCleaner QA applied without sea test (validity, equal, zeros, capitals, centroids, gbif, institutions) [2026-03-29]","","Colección","N.M.M.","T.B.C."
"212","HEM2025_0212","PreservedSpecimen","Coleccion",NA,"UNICACH","SPECIES","HEM","Najarro, F.H. | U.G.M.","845","O.F.S.","HE","HEM2025",1,"Philodendron anisotomum",15.9761111111111,-93.45,"2002-04-27","change1: Filled coordinateUncertaintyInMeters from decimal-place precision (conservative). | epi_taxo: acceptedName(match1); authorship_epig(match1); genus_from_scientificName; family_WFO; order_majorGroup_WCVP [2026-03-11] | CoordinateCleaner QA applied without sea test (validity, equal, zeros, capitals, centroids, gbif, institutions) [2026-03-29]","standardized authors names in recordedBy","Colección","F.H. Najarro & U.G.M.","O.F.S."
"213","HEM2025_0213","PreservedSpecimen","Coleccion",NA,"UNICACH","SPECIES","HEM","O.F.S.","481","O.F.S.","HE","HEM2025",1,"Philodendron anisotomum",15.9725,-93.4755555555556,"2002-04-27","change1: Filled coordinateUncertaintyInMeters from decimal-place precision (conservative). | epi_taxo: acceptedName(match1); authorship_epig(match1); genus_from_scientificName; family_WFO; order_majorGroup_WCVP [2026-03-11] | CoordinateCleaner QA applied without sea test (validity, equal, zeros, capitals, centroids, gbif, institutions) [2026-03-29]","","Colección","O.F.S.","O.F.S."
"214","HEM2025_0214","PreservedSpecimen","Coleccion",NA,"UNICACH","SPECIES","HEM","Perez-Farrera, M.A.","500","Perez-Farrera, M.A.","HE","HEM2025",3,"Philodendron tenue",15.9416666666667,-93.2916666666667,"1995-07-11","change1: Filled coordinateUncertaintyInMeters from decimal-place precision (conservative). | epi_taxo: acceptedName(match1); authorship_epig(match1); genus_from_scientificName; family_WFO; order_majorGroup_WCVP [2026-03-11] | CoordinateCleaner QA applied without sea test (validity, equal, zeros, capitals, centroids, gbif, institutions) [2026-03-29]","standardized authors names in recordedBy / standardized authors names in identifiedBy","Colección","M.A. Pérez-Farrera","M.A. Pérez-Farrera"
"215","HEM2025_0215","PreservedSpecimen","Coleccion",NA,"UNICACH","SPECIES","HEM","G.C.L.H.","125","Perez-Farrera, M.A.","HE","HEM2025",3,"Philodendron tenue",15.8616666666667,-93.0844444444444,"2002-07-10","change1: Filled coordinateUncertaintyInMeters from decimal-place precision (conservative). | epi_taxo: acceptedName(match1); authorship_epig(match1); genus_from_scientificName; family_WFO; order_majorGroup_WCVP [2026-03-11] | CoordinateCleaner QA applied without sea test (validity, equal, zeros, capitals, centroids, gbif, institutions) [2026-03-29]","standardized authors names in identifiedBy","Colección","G.C.L.H.","M.A. Pérez-Farrera"
"216","HEM2025_0216","PreservedSpecimen","Coleccion",NA,"UNICACH","SPECIES","HEM","Perez-Farrera, M.A.","926","Perez-Farrera, M.A.","HE","HEM2025",1,"Philodendron guttiferum",15.425,-92.6333333333333,"1996-07-13","change1: Filled coordinateUncertaintyInMeters from decimal-place precision (conservative). | epi_taxo: acceptedName(match1); authorship_epig(match1); genus_from_scientificName; family_WFO; order_majorGroup_WCVP [2026-03-11] | CoordinateCleaner QA applied without sea test (validity, equal, zeros, capitals, centroids, gbif, institutions) [2026-03-29]","standardized authors names in recordedBy / standardized authors names in identifiedBy","Colección","M.A. Pérez-Farrera","M.A. Pérez-Farrera"
"217","HEM2025_0217","PreservedSpecimen","Coleccion",NA,"UNICACH","SPECIES","HEM","M.D.R.S.","38","R.R.S.","HE","HEM2025",1,"Philodendron hederaceum",16.7272222222222,-92.9930555555556,"2002-09-22","change1: Filled coordinateUncertaintyInMeters from decimal-place precision (conservative). | epi_taxo: acceptedName(match1); authorship_epig(match1); genus_from_scientificName; family_WFO; order_majorGroup_WCVP [2026-03-11] | CoordinateCleaner QA applied without sea test (validity, equal, zeros, capitals, centroids, gbif, institutions) [2026-03-29]","","Colección","M.D.R.S.","R.R.S."
"218","HEM2025_0218","PreservedSpecimen","Coleccion",NA,"UNICACH","SPECIES","HEM","M.D.R.S.","38","R.R.S.","HE","HEM2025",1,"Philodendron hederaceum",16.7272222222222,-92.9930555555556,"2002-09-22","change1: Filled coordinateUncertaintyInMeters from decimal-place precision (conservative). | epi_taxo: acceptedName(match1); authorship_epig(match1); genus_from_scientificName; family_WFO; order_majorGroup_WCVP [2026-03-11] | CoordinateCleaner QA applied without sea test (validity, equal, zeros, capitals, centroids, gbif, institutions) [2026-03-29]","","Colección","M.D.R.S.","R.R.S."
"219","HEM2025_0219","PreservedSpecimen","Coleccion",NA,"UNICACH","SPECIES","HEM","Perez-Farrera, M.A.","902","T.B.C.","HE","HEM2025",1,"Philodendron sagittifolium",17.5041666666667,-92.8663888888889,"1996-04-16","change1: Filled coordinateUncertaintyInMeters from decimal-place precision (conservative). | epi_taxo: acceptedName(match1); authorship_epig(match1); genus_from_scientificName; family_WFO; order_majorGroup_WCVP [2026-03-11] | CoordinateCleaner QA applied without sea test (validity, equal, zeros, capitals, centroids, gbif, institutions) [2026-03-29]","standardized authors names in recordedBy","Colección","M.A. Pérez-Farrera","T.B.C."
"220","HEM2025_0220","PreservedSpecimen","Coleccion",NA,"UNICACH","SPECIES","HEM","Perez-Farrera, M.A.","902","T.B.C.","HE","HEM2025",1,"Philodendron sagittifolium",17.5041666666667,-92.8663888888889,"1996-04-16","change1: Filled coordinateUncertaintyInMeters from decimal-place precision (conservative). | epi_taxo: acceptedName(match1); authorship_epig(match1); genus_from_scientificName; family_WFO; order_majorGroup_WCVP [2026-03-11] | CoordinateCleaner QA applied without sea test (validity, equal, zeros, capitals, centroids, gbif, institutions) [2026-03-29]","standardized authors names in recordedBy","Colección","M.A. Pérez-Farrera","T.B.C."
"221","HEM2025_0221","PreservedSpecimen","Coleccion",NA,"UNICACH","SPECIES","HEM","M.M.M. | M.A.D.V.","790","Perez-Farrera, M.A.","HE","HEM2025",1,"Philodendron smithii",15.2487777777778,-92.2863333333333,"2013-03-01","change1: Filled coordinateUncertaintyInMeters from decimal-place precision (conservative). | epi_taxo: acceptedName(match1); authorship_epig(match1); genus_from_scientificName; family_WFO; order_majorGroup_WCVP [2026-03-11] | CoordinateCleaner QA applied without sea test (validity, equal, zeros, capitals, centroids, gbif, institutions) [2026-03-29]","standardized authors names in recordedBy / standardized authors names in identifiedBy","Colección","M.M.M. & M.A.D.V.","M.A. Pérez-Farrera"
"222","HEM2025_0222","PreservedSpecimen","Coleccion",NA,"UNICACH","SPECIES","HEM","M.M.M.","1237","N.M.M. | J.M.M.","HE","HEM2025",1,"Philodendron smithii",15.0924444444444,-92.0923055555556,"2013-04-06","change1: Filled coordinateUncertaintyInMeters from decimal-place precision (conservative). | epi_taxo: acceptedName(match1); authorship_epig(match1); genus_from_scientificName; family_WFO; order_majorGroup_WCVP [2026-03-11] | CoordinateCleaner QA applied without sea test (validity, equal, zeros, capitals, centroids, gbif, institutions) [2026-03-29]","standardized authors names in identifiedBy","Colección","M.M.M.","N.M.M. & J.M.M."
"223","HEM2025_0223","PreservedSpecimen","Coleccion",NA,"UNICACH","GENUS","HEM","I.J.R.","102","I.J.R.","HE","HEM2025",NA,"",15.6391666666667,-92.7375,"2023-03-27","change1: Genus placeholder (sp./spp.): moved to 'genus', set taxonRank=GENUS, cleared scientificName; kept original in verbatim. | change2: Filled coordinateUncertaintyInMeters from decimal-place precision (conservative). | epi_taxo: acceptedName(match1); authorship_epig(match1); genus_from_scientificName; family_WFO; order_majorGroup_WCVP [2026-03-11] | CoordinateCleaner QA applied without sea test (validity, equal, zeros, capitals, centroids, gbif, institutions) [2026-03-29]","","Colección","I.J.R.","I.J.R."
"224","HEM2025_0224","PreservedSpecimen","Coleccion",NA,"UNICACH","SPECIES","HEM","T.B.C.","47202","Grayum, M.","HE","HEM2025",1,"Philodendron standleyi",15.0511111111111,-92.0836111111111,"1979-02-10","change1: Filled coordinateUncertaintyInMeters from decimal-place precision (conservative). | epi_taxo: acceptedName(match1); authorship_epig(match1); genus_from_scientificName; family_WFO; order_majorGroup_WCVP [2026-03-11] | CoordinateCleaner QA applied without sea test (validity, equal, zeros, capitals, centroids, gbif, institutions) [2026-03-29]","standardized authors names in identifiedBy","Colección","T.B.C.","M. Grayum"
"225","HEM2025_0225","PreservedSpecimen","Coleccion",NA,"UNICACH","SPECIES","HEM","M.M.M. | M.C.R.M.","5348","N.M.M.","HE","HEM2025",1,"Philodendron tripartitum",15.0995277777778,-92.1861111111111,"2014-09-23","change1: Filled coordinateUncertaintyInMeters from decimal-place precision (conservative). | epi_taxo: acceptedName(match1); authorship_epig(match1); genus_from_scientificName; family_WFO; order_majorGroup_WCVP [2026-03-11] | CoordinateCleaner QA applied without sea test (validity, equal, zeros, capitals, centroids, gbif, institutions) [2026-03-29]","standardized authors names in recordedBy","Colección","M.M.M. & M.C.R.M.","N.M.M."
"226","HEM2025_0226","PreservedSpecimen","Coleccion",NA,"UNICACH","SPECIES","HEM","Camilo, R.M.","421","Camilo, R.M.","HE","HEM2025",0,"",15.765,-92.9719444444444,"2002-02-23","change1: Filled coordinateUncertaintyInMeters from decimal-place precision (conservative). | epi_taxo: acceptedName(match1); authorship_epig(match1); genus_from_scientificName; family_WFO; order_majorGroup_WCVP [2026-03-11] | CoordinateCleaner QA applied without sea test (validity, equal, zeros, capitals, centroids, gbif, institutions) [2026-03-29]","standardized authors names in recordedBy / standardized authors names in identifiedBy","Colección","R.M. Camilo","R.M. Camilo"
"227","HEM2025_0227","PreservedSpecimen","Coleccion",NA,"UNICACH","SPECIES","HEM","Camilo, R.M.","421","Camilo, R.M.","HE","HEM2025",0,"",15.765,-92.9719444444444,"2002-02-23","change1: Filled coordinateUncertaintyInMeters from decimal-place precision (conservative). | epi_taxo: acceptedName(match1); authorship_epig(match1); genus_from_scientificName; family_WFO; order_majorGroup_WCVP [2026-03-11] | CoordinateCleaner QA applied without sea test (validity, equal, zeros, capitals, centroids, gbif, institutions) [2026-03-29]","standardized authors names in recordedBy / standardized authors names in identifiedBy","Colección","R.M. Camilo","R.M. Camilo"
"228","HEM2025_0228","PreservedSpecimen","Coleccion",NA,"UNICACH","SPECIES","HEM","H.G.D.","277","O.F.S.","HE","HEM2025",1,"Syngonium neglectum",15.9897222222222,-93.41,"2003-06-22","change1: Filled coordinateUncertaintyInMeters from decimal-place precision (conservative). | epi_taxo: acceptedName(match1); authorship_epig(match1); genus_from_scientificName; family_WFO; order_majorGroup_WCVP [2026-03-11] | CoordinateCleaner QA applied without sea test (validity, equal, zeros, capitals, centroids, gbif, institutions) [2026-03-29]","","Colección","H.G.D.","O.F.S."
"229","HEM2025_0229","PreservedSpecimen","Coleccion",NA,"UNICACH","SPECIES","HEM","H.G.D.","329","O.F.S.","HE","HEM2025",1,"Syngonium neglectum",15.98,-93.4111111111111,"2003-06-23","change1: Filled coordinateUncertaintyInMeters from decimal-place precision (conservative). | epi_taxo: acceptedName(match1); authorship_epig(match1); genus_from_scientificName; family_WFO; order_majorGroup_WCVP [2026-03-11] | CoordinateCleaner QA applied without sea test (validity, equal, zeros, capitals, centroids, gbif, institutions) [2026-03-29]","","Colección","H.G.D.","O.F.S."
"230","HEM2025_0230","PreservedSpecimen","Coleccion",NA,"UNICACH","SPECIES","HEM","Perez-Farrera, M.A.","1206","T.B.C.","HE","HEM2025",1,"Syngonium podophyllum",15.425,-92.6333333333333,"1996-08-21","change1: Filled coordinateUncertaintyInMeters from decimal-place precision (conservative). | epi_taxo: acceptedName(match1); authorship_epig(match1); genus_from_scientificName; family_WFO; order_majorGroup_WCVP [2026-03-11] | CoordinateCleaner QA applied without sea test (validity, equal, zeros, capitals, centroids, gbif, institutions) [2026-03-29]","standardized authors names in recordedBy","Colección","M.A. Pérez-Farrera","T.B.C."
"231","HEM2025_0231","PreservedSpecimen","Coleccion",NA,"UNICACH","SPECIES","HEM","S.M.V.M.","193","T.B.C.","HE","HEM2025",1,"Syngonium podophyllum",15.7555555555556,-93.0333333333333,"2002-03-15","change1: Filled coordinateUncertaintyInMeters from decimal-place precision (conservative). | epi_taxo: acceptedName(match1); authorship_epig(match1); genus_from_scientificName; family_WFO; order_majorGroup_WCVP [2026-03-11] | CoordinateCleaner QA applied without sea test (validity, equal, zeros, capitals, centroids, gbif, institutions) [2026-03-29]","","Colección","S.M.V.M.","T.B.C."
"232","HEM2025_0232","PreservedSpecimen","Coleccion",NA,"UNICACH","SPECIES","HEM","M.M.M. | D.A.J.L. | R.J.R.V.","5415","N.M.M.","HE","HEM2025",1,"Syngonium podophyllum",15.07075,-92.1635277777778,"2015-03-24","change1: Filled coordinateUncertaintyInMeters from decimal-place precision (conservative). | epi_taxo: acceptedName(match1); authorship_epig(match1); genus_from_scientificName; family_WFO; order_majorGroup_WCVP [2026-03-11] | CoordinateCleaner QA applied without sea test (validity, equal, zeros, capitals, centroids, gbif, institutions) [2026-03-29]","standardized authors names in recordedBy","Colección","M.M.M. & D.A.J.L. & R.J.R.V.","N.M.M."
"233","HEM2025_0233","PreservedSpecimen","Coleccion",NA,"UNICACH","SPECIES","HEM","Perez-Farrera, M.A.","1407","Perez-Farrera, M.A.","HE","HEM2025",1,"Syngonium podophyllum",16.3386111111111,-93.8702777777778,"1996-11-19","change1: Filled coordinateUncertaintyInMeters from decimal-place precision (conservative). | epi_taxo: acceptedName(match1); authorship_epig(match1); genus_from_scientificName; family_WFO; order_majorGroup_WCVP [2026-03-11] | CoordinateCleaner QA applied without sea test (validity, equal, zeros, capitals, centroids, gbif, institutions) [2026-03-29]","standardized authors names in recordedBy / standardized authors names in identifiedBy","Colección","M.A. Pérez-Farrera","M.A. Pérez-Farrera"
"234","HEM2025_0234","PreservedSpecimen","Coleccion",NA,"UNICACH","SPECIES","HEM","A.R.A.","131","O.F.S.","HE","HEM2025",1,"Syngonium salvadorense",16.0638888888889,-93.3708333333333,"2003-07-16","change1: Filled coordinateUncertaintyInMeters from decimal-place precision (conservative). | epi_taxo: acceptedName(match1); authorship_epig(match1); genus_from_scientificName; family_WFO; order_majorGroup_WCVP [2026-03-11] | CoordinateCleaner QA applied without sea test (validity, equal, zeros, capitals, centroids, gbif, institutions) [2026-03-29]","","Colección","A.R.A.","O.F.S."
"235","HEM2025_0235","PreservedSpecimen","Coleccion",NA,"UNICACH","SPECIES","HEM","M.M.T.A.","4","O.F.S.","HE","HEM2025",1,"Syngonium salvadorense",15.9841666666667,-93.2883333333333,"2003-05-06","change1: Filled coordinateUncertaintyInMeters from decimal-place precision (conservative). | epi_taxo: acceptedName(match1); authorship_epig(match1); genus_from_scientificName; family_WFO; order_majorGroup_WCVP [2026-03-11] | CoordinateCleaner QA applied without sea test (validity, equal, zeros, capitals, centroids, gbif, institutions) [2026-03-29]","","Colección","M.M.T.A.","O.F.S."
"236","HEM2025_0236","PreservedSpecimen","Coleccion",NA,"UNICACH","SPECIES","HEM","J.P.V.H.","241","O.F.S.","HE","HEM2025",1,"Syngonium salvadorense",16.0597222222222,-93.3361111111111,"2003-01-19","change1: Filled coordinateUncertaintyInMeters from decimal-place precision (conservative). | epi_taxo: acceptedName(match1); authorship_epig(match1); genus_from_scientificName; family_WFO; order_majorGroup_WCVP [2026-03-11] | CoordinateCleaner QA applied without sea test (validity, equal, zeros, capitals, centroids, gbif, institutions) [2026-03-29]","","Colección","J.P.V.H.","O.F.S."
"237","HEM2025_0237","PreservedSpecimen","Coleccion",NA,"UNICACH","SPECIES","HEM","A.R.A.","77","O.F.S.","HE","HEM2025",1,"Syngonium salvadorense",16.0555555555556,-93.3425,"2002-09-28","change1: Filled coordinateUncertaintyInMeters from decimal-place precision (conservative). | epi_taxo: acceptedName(match1); authorship_epig(match1); genus_from_scientificName; family_WFO; order_majorGroup_WCVP [2026-03-11] | CoordinateCleaner QA applied without sea test (validity, equal, zeros, capitals, centroids, gbif, institutions) [2026-03-29]","","Colección","A.R.A.","O.F.S."
"238","HEM2025_0238","PreservedSpecimen","Coleccion",NA,"UNICACH","SPECIES","HEM","J.M.M.","296","O.F.S.","HE","HEM2025",1,"Syngonium salvadorense",15.9627777777778,-93.3761111111111,"2003-06-25","change1: Filled coordinateUncertaintyInMeters from decimal-place precision (conservative). | epi_taxo: acceptedName(match1); authorship_epig(match1); genus_from_scientificName; family_WFO; order_majorGroup_WCVP [2026-03-11] | CoordinateCleaner QA applied without sea test (validity, equal, zeros, capitals, centroids, gbif, institutions) [2026-03-29]","","Colección","J.M.M.","O.F.S."
"239","HEM2025_0239","PreservedSpecimen","Coleccion",NA,"UNICACH","SPECIES","HEM","H.G.D.","480","O.F.S.","HE","HEM2025",1,"Syngonium salvadorense",16.0888888888889,-93.4169444444445,"2004-01-31","change1: Filled coordinateUncertaintyInMeters from decimal-place precision (conservative). | epi_taxo: acceptedName(match1); authorship_epig(match1); genus_from_scientificName; family_WFO; order_majorGroup_WCVP [2026-03-11] | CoordinateCleaner QA applied without sea test (validity, equal, zeros, capitals, centroids, gbif, institutions) [2026-03-29]","","Colección","H.G.D.","O.F.S."
"240","HEM2025_0240","PreservedSpecimen","Coleccion",NA,"UNICACH","SPECIES","HEM","M.M.M. | D.A.J.L. | R.J.R.V.","5497","N.M.M.","HE","HEM2025",1,"Syngonium salvadorense",15.1071944444444,-92.1756666666667,"2015-03-25","change1: Filled coordinateUncertaintyInMeters from decimal-place precision (conservative). | epi_taxo: acceptedName(match1); authorship_epig(match1); genus_from_scientificName; family_WFO; order_majorGroup_WCVP [2026-03-11] | CoordinateCleaner QA applied without sea test (validity, equal, zeros, capitals, centroids, gbif, institutions) [2026-03-29]","standardized authors names in recordedBy","Colección","M.M.M. & D.A.J.L. & R.J.R.V.","N.M.M."
"241","HEM2025_0241","PreservedSpecimen","Coleccion",NA,"UNICACH","SPECIES","HEM","M.M.M. | M.C.R.M.","5367","N.M.M.","HE","HEM2025",1,"Syngonium steyermarkii",15.0995277777778,-92.1861111111111,"2014-09-23","change1: Filled coordinateUncertaintyInMeters from decimal-place precision (conservative). | epi_taxo: acceptedName(match1); authorship_epig(match1); genus_from_scientificName; family_WFO; order_majorGroup_WCVP [2026-03-11] | CoordinateCleaner QA applied without sea test (validity, equal, zeros, capitals, centroids, gbif, institutions) [2026-03-29]","standardized authors names in recordedBy","Colección","M.M.M. & M.C.R.M.","N.M.M."
"242","HEM2025_0242","PreservedSpecimen","Coleccion",NA,"UNICACH","SPECIES","HEM","T.B.C.","47185","Constance, L.","HE","HEM2025",0,"",15.0925,-92.1244444444444,"1979-02-10","change1: Filled coordinateUncertaintyInMeters from decimal-place precision (conservative). | epi_taxo: acceptedName(match1); authorship_epig(match1); genus_from_scientificName; family_WFO; order_majorGroup_WCVP [2026-03-11] | CoordinateCleaner QA applied without sea test (validity, equal, zeros, capitals, centroids, gbif, institutions) [2026-03-29]","standardized authors names in identifiedBy","Colección","T.B.C.","L. Constance"
"243","HEM2025_0243","PreservedSpecimen","Coleccion",NA,"UNICACH","SPECIES","HEM","M.M.M. | Camilo, R.M.","1086","N.M.M.","HE","HEM2025",1,"Oreopanax capitatus",15.1126388888889,-92.0980555555555,"2013-04-02","change1: Filled coordinateUncertaintyInMeters from decimal-place precision (conservative). | epi_taxo: acceptedName(match1); authorship_epig(match1); genus_from_scientificName; family_WFO; order_majorGroup_WCVP [2026-03-11] | CoordinateCleaner QA applied without sea test (validity, equal, zeros, capitals, centroids, gbif, institutions) [2026-03-29]","standardized authors names in recordedBy","Colección","M.M.M. & R.M. Camilo","N.M.M."
"244","HEM2025_0244","PreservedSpecimen","Coleccion",NA,"UNICACH","SPECIES","HEM","E.M.S. | A.M.G. | G.U. | M.R.","19939","R.R.S.","HE","HEM2025",1,"Oreopanax capitatus",15.1275,-92.4275,"1987-02-09","change1: Filled coordinateUncertaintyInMeters from decimal-place precision (conservative). | epi_taxo: acceptedName(match1); authorship_epig(match1); genus_from_scientificName; family_WFO; order_majorGroup_WCVP [2026-03-11] | CoordinateCleaner QA applied without sea test (validity, equal, zeros, capitals, centroids, gbif, institutions) [2026-03-29]","standardized authors names in recordedBy","Colección","E.M.S. & A.M.G. & G.U. & M.R.","R.R.S."
"245","HEM2025_0245","PreservedSpecimen","Coleccion",NA,"UNICACH","SPECIES","HEM","E.M.S. | A.M.G. | G.U. | M.R.","19939","R.R.S.","HE","HEM2025",1,"Oreopanax capitatus",15.1275,-92.4275,"1987-02-09","change1: Filled coordinateUncertaintyInMeters from decimal-place precision (conservative). | epi_taxo: acceptedName(match1); authorship_epig(match1); genus_from_scientificName; family_WFO; order_majorGroup_WCVP [2026-03-11] | CoordinateCleaner QA applied without sea test (validity, equal, zeros, capitals, centroids, gbif, institutions) [2026-03-29]","standardized authors names in recordedBy","Colección","E.M.S. & A.M.G. & G.U. & M.R.","R.R.S."
"246","HEM2025_0246","PreservedSpecimen","Coleccion",NA,"UNICACH","SPECIES","HEM","N.M.M.","10","N.M.M.","HE","HEM2025",1,"Oreopanax sanderianus",15.7344444444444,-92.9341666666667,"2001-03-23","change1: Filled coordinateUncertaintyInMeters from decimal-place precision (conservative). | epi_taxo: acceptedName(match1); authorship_epig(match1); genus_from_scientificName; family_WFO; order_majorGroup_WCVP [2026-03-11] | CoordinateCleaner QA applied without sea test (validity, equal, zeros, capitals, centroids, gbif, institutions) [2026-03-29]","","Colección","N.M.M.","N.M.M."
"247","HEM2025_0247","PreservedSpecimen","Coleccion",NA,"UNICACH","SPECIES","HEM","N.M.M.","46","Perez-Farrera, M.A.","HE","HEM2025",1,"Oreopanax sanderianus",15.7344444444444,-92.9341666666667,"2001-04-30","change1: Filled coordinateUncertaintyInMeters from decimal-place precision (conservative). | epi_taxo: acceptedName(match1); authorship_epig(match1); genus_from_scientificName; family_WFO; order_majorGroup_WCVP [2026-03-11] | CoordinateCleaner QA applied without sea test (validity, equal, zeros, capitals, centroids, gbif, institutions) [2026-03-29]","standardized authors names in identifiedBy","Colección","N.M.M.","M.A. Pérez-Farrera"
"248","HEM2025_0248","PreservedSpecimen","Coleccion",NA,"UNICACH","SPECIES","HEM","E.M.S. | A.R.G.","20343","F.R.M.","HE","HEM2025",0,"",14.9594444444444,-92.1655555555556,"1987-04-27","change1: Filled coordinateUncertaintyInMeters from decimal-place precision (conservative). | epi_taxo: acceptedName(match1); authorship_epig(match1); genus_from_scientificName; family_WFO; order_majorGroup_WCVP [2026-03-11] | CoordinateCleaner QA applied without sea test (validity, equal, zeros, capitals, centroids, gbif, institutions) [2026-03-29]","standardized authors names in recordedBy","Colección","E.M.S. & A.R.G.","F.R.M."
"249","HEM2025_0249","PreservedSpecimen","Coleccion",NA,"UNICACH","SPECIES","HEM","M.D.R.S.","168","R.R.S.","E","HEM2025",1,"Maianthemum amoenum",15.5991388888889,-92.6927777777778,"2005-06-13","change1: Filled coordinateUncertaintyInMeters from decimal-place precision (conservative). | epi_taxo: acceptedName(match1); authorship_epig(match1); genus_from_scientificName; family_WFO; order_majorGroup_WCVP [2026-03-11] | CoordinateCleaner QA applied without sea test (validity, equal, zeros, capitals, centroids, gbif, institutions) [2026-03-29]","","Colección","M.D.R.S.","R.R.S."
"250","HEM2025_0250","PreservedSpecimen","Coleccion",NA,"UNICACH","SPECIES","HEM","M.M.M. | M.D.E.M.","657","Camilo, R.M.","E","HEM2025",1,"Maianthemum amoenum",15.2559166666667,-92.2205,"2013-02-07","change1: Filled coordinateUncertaintyInMeters from decimal-place precision (conservative). | epi_taxo: acceptedName(match1); authorship_epig(match1); genus_from_scientificName; family_WFO; order_majorGroup_WCVP [2026-03-11] | CoordinateCleaner QA applied without sea test (validity, equal, zeros, capitals, centroids, gbif, institutions) [2026-03-29]","standardized authors names in recordedBy / standardized authors names in identifiedBy","Colección","M.M.M. & M.D.E.M.","R.M. Camilo"
"251","HEM2025_0251","PreservedSpecimen","Coleccion",NA,"UNICACH","SPECIES","HEM","M.M.M. | M.A.D.V.","919","N.M.M. | J.M.M.","E","HEM2025",1,"Maianthemum amoenum",15.2508055555556,-92.2769722222222,"2013-03-04","change1: Filled coordinateUncertaintyInMeters from decimal-place precision (conservative). | epi_taxo: acceptedName(match1); authorship_epig(match1); genus_from_scientificName; family_WFO; order_majorGroup_WCVP [2026-03-11] | CoordinateCleaner QA applied without sea test (validity, equal, zeros, capitals, centroids, gbif, institutions) [2026-03-29]","standardized authors names in recordedBy / standardized authors names in identifiedBy","Colección","M.M.M. & M.A.D.V.","N.M.M. & J.M.M."
"252","HEM2025_0252","PreservedSpecimen","Coleccion",NA,"UNICACH","SPECIES","HEM","M.M.M. | M.A.D.V.","2076","N.M.M. | J.M.M.","E","HEM2025",1,"Maianthemum amoenum",15.0969444444444,-92.0914444444444,"2013-06-28","change1: Filled coordinateUncertaintyInMeters from decimal-place precision (conservative). | epi_taxo: acceptedName(match1); authorship_epig(match1); genus_from_scientificName; family_WFO; order_majorGroup_WCVP [2026-03-11] | CoordinateCleaner QA applied without sea test (validity, equal, zeros, capitals, centroids, gbif, institutions) [2026-03-29]","standardized authors names in recordedBy / standardized authors names in identifiedBy","Colección","M.M.M. & M.A.D.V.","N.M.M. & J.M.M."
"253","HEM2025_0253","PreservedSpecimen","Coleccion",NA,"UNICACH","SPECIES","HEM","Camilo, R.M. | N.M.M.","2570","Camilo, R.M.","E","HEM2025",1,"Maianthemum amoenum",15.0969444444444,-92.1347222222222,"2014-08-15","change1: Filled coordinateUncertaintyInMeters from decimal-place precision (conservative). | epi_taxo: acceptedName(match1); authorship_epig(match1); genus_from_scientificName; family_WFO; order_majorGroup_WCVP [2026-03-11] | CoordinateCleaner QA applied without sea test (validity, equal, zeros, capitals, centroids, gbif, institutions) [2026-03-29]","standardized authors names in recordedBy / standardized authors names in identifiedBy","Colección","R.M. Camilo & N.M.M.","R.M. Camilo"
"254","HEM2025_0254","PreservedSpecimen","Coleccion",NA,"UNICACH","SPECIES","HEM","Camilo, R.M. | R.V.H. | M.M.M.","2804","Camilo, R.M.","E","HEM2025",1,"Maianthemum amoenum",15.1105833333333,-92.1854166666667,"2015-03-24","change1: Filled coordinateUncertaintyInMeters from decimal-place precision (conservative). | epi_taxo: acceptedName(match1); authorship_epig(match1); genus_from_scientificName; family_WFO; order_majorGroup_WCVP [2026-03-11] | CoordinateCleaner QA applied without sea test (validity, equal, zeros, capitals, centroids, gbif, institutions) [2026-03-29]","standardized authors names in recordedBy / standardized authors names in identifiedBy","Colección","R.M. Camilo & R.V.H. & M.M.M.","R.M. Camilo"
"255","HEM2025_0255","PreservedSpecimen","Coleccion",NA,"UNICACH","SPECIES","HEM","E.M.S. | A.M.G. | G.U. | M.R.","19566","Camilo, R.M.","E","HEM2025",1,"Maianthemum amoenum",15.1275,-92.1108333333333,"1987-02-06","change1: Filled coordinateUncertaintyInMeters from decimal-place precision (conservative). | epi_taxo: acceptedName(match1); authorship_epig(match1); genus_from_scientificName; family_WFO; order_majorGroup_WCVP [2026-03-11] | CoordinateCleaner QA applied without sea test (validity, equal, zeros, capitals, centroids, gbif, institutions) [2026-03-29]","standardized authors names in recordedBy / standardized authors names in identifiedBy","Colección","E.M.S. & A.M.G. & G.U. & M.R.","R.M. Camilo"
"256","HEM2025_0256","PreservedSpecimen","Coleccion",NA,"UNICACH","SPECIES","HEM","M.M.M. | A.L.C.","4998","N.M.M.","HE","HEM2025",1,"Maianthemum gigas",15.10025,-92.1743333333333,"2014-08-18","change1: Filled coordinateUncertaintyInMeters from decimal-place precision (conservative). | epi_taxo: acceptedName(match1); authorship_epig(match1); genus_from_scientificName; family_WFO; order_majorGroup_WCVP [2026-03-11] | CoordinateCleaner QA applied without sea test (validity, equal, zeros, capitals, centroids, gbif, institutions) [2026-03-29]","standardized authors names in recordedBy","Colección","M.M.M. & A.L.C.","N.M.M."
"257","HEM2025_0257","PreservedSpecimen","Coleccion",NA,"UNICACH","SPECIES","HEM","H.G.D.","846","H.G.D.","HE","HEM2025",1,"Maianthemum paniculatum",15.6441666666667,-92.8275,"2004-11-11","change1: Filled coordinateUncertaintyInMeters from decimal-place precision (conservative). | epi_taxo: acceptedName(match1); authorship_epig(match1); genus_from_scientificName; family_WFO; order_majorGroup_WCVP [2026-03-11] | CoordinateCleaner QA applied without sea test (validity, equal, zeros, capitals, centroids, gbif, institutions) [2026-03-29]","","Colección","H.G.D.","H.G.D."
"258","HEM2025_0258","PreservedSpecimen","Coleccion",NA,"UNICACH","SPECIES","HEM","M.M.M. | Camilo, R.M.","1077","N.M.M. | J.M.M.","HE","HEM2025",1,"Maianthemum paniculatum",15.1126388888889,-92.0980555555555,"2013-04-02","change1: Filled coordinateUncertaintyInMeters from decimal-place precision (conservative). | epi_taxo: acceptedName(match1); authorship_epig(match1); genus_from_scientificName; family_WFO; order_majorGroup_WCVP [2026-03-11] | CoordinateCleaner QA applied without sea test (validity, equal, zeros, capitals, centroids, gbif, institutions) [2026-03-29]","standardized authors names in recordedBy / standardized authors names in identifiedBy","Colección","M.M.M. & R.M. Camilo","N.M.M. & J.M.M."
"259","HEM2025_0259","PreservedSpecimen","Coleccion",NA,"UNICACH","SPECIES","HEM","M.M.M. | S.H.J. | J.A.B.B.","5738","N.M.M.","HE","HEM2025",1,"Maianthemum paniculatum",15.2408055555556,-92.3045555555556,"2015-04-30","change1: Filled coordinateUncertaintyInMeters from decimal-place precision (conservative). | epi_taxo: acceptedName(match1); authorship_epig(match1); genus_from_scientificName; family_WFO; order_majorGroup_WCVP [2026-03-11] | CoordinateCleaner QA applied without sea test (validity, equal, zeros, capitals, centroids, gbif, institutions) [2026-03-29]","standardized authors names in recordedBy","Colección","M.M.M. & S.H.J. & J.A.B.B.","N.M.M."
"260","HEM2025_0260","PreservedSpecimen","Coleccion",NA,"UNICACH","GENUS","HEM","M.M.M. | M.A.D.V.","2201","N.M.M. | J.M.M.","HE","HEM2025",NA,"",15.0979166666667,-92.0847777777778,"2013-07-02","change1: Genus placeholder (sp./spp.): moved to 'genus', set taxonRank=GENUS, cleared scientificName; kept original in verbatim. | change2: Filled coordinateUncertaintyInMeters from decimal-place precision (conservative). | epi_taxo: acceptedName(match1); authorship_epig(match1); genus_from_scientificName; family_WFO; order_majorGroup_WCVP [2026-03-11] | CoordinateCleaner QA applied without sea test (validity, equal, zeros, capitals, centroids, gbif, institutions) [2026-03-29]","standardized authors names in recordedBy / standardized authors names in identifiedBy","Colección","M.M.M. & M.A.D.V.","N.M.M. & J.M.M."
"261","HEM2025_0261","PreservedSpecimen","Coleccion",NA,"UNICACH","GENUS","HEM","M.M.M. | N.M.M. | R.J.R.V. | E.C.N.","4569","N.M.M.","HE","HEM2025",NA,"",15.0923888888889,-92.1485277777778,"2014-06-20","change1: Genus placeholder (sp./spp.): moved to 'genus', set taxonRank=GENUS, cleared scientificName; kept original in verbatim. | change2: Filled coordinateUncertaintyInMeters from decimal-place precision (conservative). | epi_taxo: acceptedName(match1); authorship_epig(match1); genus_from_scientificName; family_WFO; order_majorGroup_WCVP [2026-03-11] | CoordinateCleaner QA applied without sea test (validity, equal, zeros, capitals, centroids, gbif, institutions) [2026-03-29]","standardized authors names in recordedBy","Colección","M.M.M. & N.M.M. & R.J.R.V. & E.C.N.","N.M.M."
"262","HEM2025_0262","PreservedSpecimen","Coleccion",NA,"UNICACH","SPECIES","HEM","Perez-Farrera, M.A.","1088","M.E.L.M.","E","HEM2025",1,"Asplenium abscissum",15.6166666666667,-92.8,"1996-08-10","change1: Filled coordinateUncertaintyInMeters from decimal-place precision (conservative). | epi_taxo: acceptedName(match1); authorship_epig(match1); genus_from_scientificName; family_WFO; order_majorGroup_WCVP [2026-03-11] | CoordinateCleaner QA applied without sea test (validity, equal, zeros, capitals, centroids, gbif, institutions) [2026-03-29]","standardized authors names in recordedBy","Colección","M.A. Pérez-Farrera","M.E.L.M."
"263","HEM2025_0263","PreservedSpecimen","Coleccion",NA,"UNICACH","SPECIES","HEM","M.M.M. | A.L.C.","4972","N.M.M.","E","HEM2025",1,"Asplenium abscissum",15.10025,-92.1743333333333,"2014-08-18","change1: Filled coordinateUncertaintyInMeters from decimal-place precision (conservative). | epi_taxo: acceptedName(match1); authorship_epig(match1); genus_from_scientificName; family_WFO; order_majorGroup_WCVP [2026-03-11] | CoordinateCleaner QA applied without sea test (validity, equal, zeros, capitals, centroids, gbif, institutions) [2026-03-29]","standardized authors names in recordedBy","Colección","M.M.M. & A.L.C.","N.M.M."
"264","HEM2025_0264","PreservedSpecimen","Coleccion",NA,"UNICACH","SPECIES","HEM","M.M.M. | M.C.R.M.","5294","N.M.M.","E","HEM2025",1,"Asplenium abscissum",15.0847222222222,-92.175,"2014-09-21","change1: Filled coordinateUncertaintyInMeters from decimal-place precision (conservative). | epi_taxo: acceptedName(match1); authorship_epig(match1); genus_from_scientificName; family_WFO; order_majorGroup_WCVP [2026-03-11] | CoordinateCleaner QA applied without sea test (validity, equal, zeros, capitals, centroids, gbif, institutions) [2026-03-29]","standardized authors names in recordedBy","Colección","M.M.M. & M.C.R.M.","N.M.M."
"265","HEM2025_0265","PreservedSpecimen","Coleccion",NA,"UNICACH","SPECIES","HEM","N.M.M. | M.M.M. | E.C.N.","3942","N.M.M. | Camilo, R.M.","E","HEM2025",1,"Asplenium abscissum",15.1032777777778,-92.1645555555556,"2015-03-10","change1: Filled coordinateUncertaintyInMeters from decimal-place precision (conservative). | epi_taxo: acceptedName(match1); authorship_epig(match1); genus_from_scientificName; family_WFO; order_majorGroup_WCVP [2026-03-11] | CoordinateCleaner QA applied without sea test (validity, equal, zeros, capitals, centroids, gbif, institutions) [2026-03-29]","standardized authors names in recordedBy / standardized authors names in identifiedBy","Colección","N.M.M. & M.M.M. & E.C.N.","N.M.M. & R.M. Camilo"
"266","HEM2025_0266","PreservedSpecimen","Coleccion",NA,"UNICACH","SPECIES","HEM","T.B.C.","47165","ND","E","HEM2025",1,"Asplenium athyrioides",15.0925,-92.1244444444444,"1979-02-10","change1: Filled coordinateUncertaintyInMeters from decimal-place precision (conservative). | epi_taxo: acceptedName(match1); authorship_epig(match1); genus_from_scientificName; family_WFO; order_majorGroup_WCVP [2026-03-11] | CoordinateCleaner QA applied without sea test (validity, equal, zeros, capitals, centroids, gbif, institutions) [2026-03-29]","","Colección","T.B.C.","ND"
"267","HEM2025_0267","PreservedSpecimen","Coleccion",NA,"UNICACH","SPECIES","HEM","Camilo, R.M.","24","Perez-Farrera, M.A.","E","HEM2025",1,"Asplenium athyrioides",15.7363888888889,-92.9361111111111,"2001-01-24","change1: Filled coordinateUncertaintyInMeters from decimal-place precision (conservative). | epi_taxo: acceptedName(match1); authorship_epig(match1); genus_from_scientificName; family_WFO; order_majorGroup_WCVP [2026-03-11] | CoordinateCleaner QA applied without sea test (validity, equal, zeros, capitals, centroids, gbif, institutions) [2026-03-29]","standardized authors names in recordedBy / standardized authors names in identifiedBy","Colección","R.M. Camilo","M.A. Pérez-Farrera"
"268","HEM2025_0268","PreservedSpecimen","Coleccion",NA,"UNICACH","SPECIES","HEM","Perez-Farrera, M.A.","2569","Perez-Farrera, M.A.","E","HEM2025",1,"Asplenium athyrioides",15.7769444444444,-93.09,"2001-07-18","change1: Filled coordinateUncertaintyInMeters from decimal-place precision (conservative). | epi_taxo: acceptedName(match1); authorship_epig(match1); genus_from_scientificName; family_WFO; order_majorGroup_WCVP [2026-03-11] | CoordinateCleaner QA applied without sea test (validity, equal, zeros, capitals, centroids, gbif, institutions) [2026-03-29]","standardized authors names in recordedBy / standardized authors names in identifiedBy","Colección","M.A. Pérez-Farrera","M.A. Pérez-Farrera"
"269","HEM2025_0269","PreservedSpecimen","Coleccion",NA,"UNICACH","FORM","HEM","M.E.L.M.","564","M.E.L.M.","E","HEM2025",1,"Asplenium aethiopicum",15.8275,-93.0441666666667,"1999-11-18","change1: Corrected taxonRank (SPECIES→FORM); kept scientificName as-is. | change2: Filled coordinateUncertaintyInMeters from decimal-place precision (conservative). | epi_taxo: acceptedName(match1); authorship_epig(match1); genus_from_scientificName; family_WFO; order_majorGroup_WCVP [2026-03-11] | CoordinateCleaner QA applied without sea test (validity, equal, zeros, capitals, centroids, gbif, institutions) [2026-03-29]","","Colección","M.E.L.M.","M.E.L.M."
"270","HEM2025_0270","PreservedSpecimen","Coleccion",NA,"UNICACH","SPECIES","HEM","N.M.M.","1760","Perez-Farrera, M.A.","E","HEM2025",1,"Asplenium alatum",15.7230555555556,-93.0013888888889,"2006-10-13","change1: Filled coordinateUncertaintyInMeters from decimal-place precision (conservative). | epi_taxo: acceptedName(match1); authorship_epig(match1); genus_from_scientificName; family_WFO; order_majorGroup_WCVP [2026-03-11] | CoordinateCleaner QA applied without sea test (validity, equal, zeros, capitals, centroids, gbif, institutions) [2026-03-29]","standardized authors names in identifiedBy","Colección","N.M.M.","M.A. Pérez-Farrera"
"271","HEM2025_0271","PreservedSpecimen","Coleccion",NA,"UNICACH","SPECIES","HEM","F.E.P.C.","82","Perez-Farrera, M.A.","E","HEM2025",1,"Asplenium auriculatum",15.4805555555556,-92.6055555555556,"1999-01-21","change1: Filled coordinateUncertaintyInMeters from decimal-place precision (conservative). | epi_taxo: acceptedName(match1); authorship_epig(match1); genus_from_scientificName; family_WFO; order_majorGroup_WCVP [2026-03-11] | CoordinateCleaner QA applied without sea test (validity, equal, zeros, capitals, centroids, gbif, institutions) [2026-03-29]","standardized authors names in identifiedBy","Colección","F.E.P.C.","M.A. Pérez-Farrera"
"272","HEM2025_0272","PreservedSpecimen","Coleccion",NA,"UNICACH","SPECIES","HEM","Camilo, R.M.","101","Camilo, R.M.","E","HEM2025",1,"Asplenium auriculatum",15.7727777777778,-93.09,"2001-07-17","change1: Filled coordinateUncertaintyInMeters from decimal-place precision (conservative). | epi_taxo: acceptedName(match1); authorship_epig(match1); genus_from_scientificName; family_WFO; order_majorGroup_WCVP [2026-03-11] | CoordinateCleaner QA applied without sea test (validity, equal, zeros, capitals, centroids, gbif, institutions) [2026-03-29]","standardized authors names in recordedBy / standardized authors names in identifiedBy","Colección","R.M. Camilo","R.M. Camilo"
"273","HEM2025_0273","PreservedSpecimen","Coleccion",NA,"UNICACH","SPECIES","HEM","M.M.M. | M.D.E.M.","707","N.M.M.","E","HEM2025",1,"Asplenium auriculatum",15.2601388888889,-92.2172777777778,"2013-02-08","change1: Filled coordinateUncertaintyInMeters from decimal-place precision (conservative). | epi_taxo: acceptedName(match1); authorship_epig(match1); genus_from_scientificName; family_WFO; order_majorGroup_WCVP [2026-03-11] | CoordinateCleaner QA applied without sea test (validity, equal, zeros, capitals, centroids, gbif, institutions) [2026-03-29]","standardized authors names in recordedBy","Colección","M.M.M. & M.D.E.M.","N.M.M."
"274","HEM2025_0274","PreservedSpecimen","Coleccion",NA,"UNICACH","SPECIES","HEM","M.M.M. | M.D.E.M.","1391","N.M.M. | J.M.M.","E","HEM2025",1,"Asplenium auriculatum",15.0844166666667,-92.10275,"2013-04-30","change1: Filled coordinateUncertaintyInMeters from decimal-place precision (conservative). | epi_taxo: acceptedName(match1); authorship_epig(match1); genus_from_scientificName; family_WFO; order_majorGroup_WCVP [2026-03-11] | CoordinateCleaner QA applied without sea test (validity, equal, zeros, capitals, centroids, gbif, institutions) [2026-03-29]","standardized authors names in recordedBy / standardized authors names in identifiedBy","Colección","M.M.M. & M.D.E.M.","N.M.M. & J.M.M."
"275","HEM2025_0275","PreservedSpecimen","Coleccion",NA,"UNICACH","SPECIES","HEM","M.M.M. | M.A.D.V.","1617","Perez-Farrera, M.A.","E","HEM2025",1,"Asplenium auriculatum",15.0858333333333,-92.0971111111111,"2013-05-23","change1: Filled coordinateUncertaintyInMeters from decimal-place precision (conservative). | epi_taxo: acceptedName(match1); authorship_epig(match1); genus_from_scientificName; family_WFO; order_majorGroup_WCVP [2026-03-11] | CoordinateCleaner QA applied without sea test (validity, equal, zeros, capitals, centroids, gbif, institutions) [2026-03-29]","standardized authors names in recordedBy / standardized authors names in identifiedBy","Colección","M.M.M. & M.A.D.V.","M.A. Pérez-Farrera"
"276","HEM2025_0276","PreservedSpecimen","Coleccion",NA,"UNICACH","SPECIES","HEM","M.M.M. | M.A.D.V.","1729","Perez-Farrera, M.A.","E","HEM2025",1,"Asplenium auriculatum",15.0828333333333,-92.0994444444444,"2013-05-25","change1: Filled coordinateUncertaintyInMeters from decimal-place precision (conservative). | epi_taxo: acceptedName(match1); authorship_epig(match1); genus_from_scientificName; family_WFO; order_majorGroup_WCVP [2026-03-11] | CoordinateCleaner QA applied without sea test (validity, equal, zeros, capitals, centroids, gbif, institutions) [2026-03-29]","standardized authors names in recordedBy / standardized authors names in identifiedBy","Colección","M.M.M. & M.A.D.V.","M.A. Pérez-Farrera"
"277","HEM2025_0277","PreservedSpecimen","Coleccion",NA,"UNICACH","SPECIES","HEM","M.M.M. | M.C.R.M.","2820","N.M.M.","E","HEM2025",1,"Asplenium auriculatum",15.1546944444444,-92.1363888888889,"2013-11-19","change1: Filled coordinateUncertaintyInMeters from decimal-place precision (conservative). | epi_taxo: acceptedName(match1); authorship_epig(match1); genus_from_scientificName; family_WFO; order_majorGroup_WCVP [2026-03-11] | CoordinateCleaner QA applied without sea test (validity, equal, zeros, capitals, centroids, gbif, institutions) [2026-03-29]","standardized authors names in recordedBy","Colección","M.M.M. & M.C.R.M.","N.M.M."
"278","HEM2025_0278","PreservedSpecimen","Coleccion",NA,"UNICACH","SPECIES","HEM","M.M.M. | M.C.R.M.","2937","N.M.M.","E","HEM2025",1,"Asplenium auriculatum",15.1453333333333,-92.1408333333333,"2013-12-01","change1: Filled coordinateUncertaintyInMeters from decimal-place precision (conservative). | epi_taxo: acceptedName(match1); authorship_epig(match1); genus_from_scientificName; family_WFO; order_majorGroup_WCVP [2026-03-11] | CoordinateCleaner QA applied without sea test (validity, equal, zeros, capitals, centroids, gbif, institutions) [2026-03-29]","standardized authors names in recordedBy","Colección","M.M.M. & M.C.R.M.","N.M.M."
"279","HEM2025_0279","PreservedSpecimen","Coleccion",NA,"UNICACH","SPECIES","HEM","M.M.M. | M.C.R.M.","3066","N.M.M.","E","HEM2025",1,"Asplenium auriculatum",15.1463055555556,-92.1368888888889,"2013-12-11","change1: Filled coordinateUncertaintyInMeters from decimal-place precision (conservative). | epi_taxo: acceptedName(match1); authorship_epig(match1); genus_from_scientificName; family_WFO; order_majorGroup_WCVP [2026-03-11] | CoordinateCleaner QA applied without sea test (validity, equal, zeros, capitals, centroids, gbif, institutions) [2026-03-29]","standardized authors names in recordedBy","Colección","M.M.M. & M.C.R.M.","N.M.M."
"280","HEM2025_0280","PreservedSpecimen","Coleccion",NA,"UNICACH","SPECIES","HEM","M.M.M. | D.A.J.L.","3100","N.M.M.","E","HEM2025",1,"Asplenium auriculatum",15.1463055555556,-92.1368888888889,"2013-12-11","change1: Filled coordinateUncertaintyInMeters from decimal-place precision (conservative). | epi_taxo: acceptedName(match1); authorship_epig(match1); genus_from_scientificName; family_WFO; order_majorGroup_WCVP [2026-03-11] | CoordinateCleaner QA applied without sea test (validity, equal, zeros, capitals, centroids, gbif, institutions) [2026-03-29]","standardized authors names in recordedBy","Colección","M.M.M. & D.A.J.L.","N.M.M."
"281","HEM2025_0281","PreservedSpecimen","Coleccion",NA,"UNICACH","SPECIES","HEM","M.M.M. | D.A.J.L.","3151","N.M.M.","E","HEM2025",1,"Asplenium auriculatum",15.1418055555556,-92.13775,"2013-12-12","change1: Filled coordinateUncertaintyInMeters from decimal-place precision (conservative). | epi_taxo: acceptedName(match1); authorship_epig(match1); genus_from_scientificName; family_WFO; order_majorGroup_WCVP [2026-03-11] | CoordinateCleaner QA applied without sea test (validity, equal, zeros, capitals, centroids, gbif, institutions) [2026-03-29]","standardized authors names in recordedBy","Colección","M.M.M. & D.A.J.L.","N.M.M."
"282","HEM2025_0282","PreservedSpecimen","Coleccion",NA,"UNICACH","SPECIES","HEM","M.M.M. | D.A.J.L.","3285","N.M.M.","E","HEM2025",1,"Asplenium auriculatum",15.1383333333333,-92.1394444444445,"2013-12-14","change1: Filled coordinateUncertaintyInMeters from decimal-place precision (conservative). | epi_taxo: acceptedName(match1); authorship_epig(match1); genus_from_scientificName; family_WFO; order_majorGroup_WCVP [2026-03-11] | CoordinateCleaner QA applied without sea test (validity, equal, zeros, capitals, centroids, gbif, institutions) [2026-03-29]","standardized authors names in recordedBy","Colección","M.M.M. & D.A.J.L.","N.M.M."
"283","HEM2025_0283","PreservedSpecimen","Coleccion",NA,"UNICACH","SPECIES","HEM","M.M.M. | N.M.M. | R.J.R.V. | E.C.N.","4471","N.M.M.","E","HEM2025",1,"Asplenium auriculatum",15.0955,-92.1390555555556,"2014-06-15","change1: Filled coordinateUncertaintyInMeters from decimal-place precision (conservative). | epi_taxo: acceptedName(match1); authorship_epig(match1); genus_from_scientificName; family_WFO; order_majorGroup_WCVP [2026-03-11] | CoordinateCleaner QA applied without sea test (validity, equal, zeros, capitals, centroids, gbif, institutions) [2026-03-29]","standardized authors names in recordedBy","Colección","M.M.M. & N.M.M. & R.J.R.V. & E.C.N.","N.M.M."
"284","HEM2025_0284","PreservedSpecimen","Coleccion",NA,"UNICACH","SPECIES","HEM","N.J.B.R.","21","Perez-Farrera, M.A.","E","HEM2025",1,"Asplenium auriculatum",17.18,-92.905,"1990-09-24","change1: Filled coordinateUncertaintyInMeters from decimal-place precision (conservative). | epi_taxo: acceptedName(match1); authorship_epig(match1); genus_from_scientificName; family_WFO; order_majorGroup_WCVP [2026-03-11] | CoordinateCleaner QA applied without sea test (validity, equal, zeros, capitals, centroids, gbif, institutions) [2026-03-29]","standardized authors names in identifiedBy","Colección","N.J.B.R.","M.A. Pérez-Farrera"
"285","HEM2025_0285","PreservedSpecimen","Coleccion",NA,"UNICACH","SPECIES","HEM","M.E.L.M.","13","M.E.L.M.","E","HEM2025",1,"Asplenium auriculatum",15.8530555555556,-93.1511111111111,"1998-01-22","change1: Filled coordinateUncertaintyInMeters from decimal-place precision (conservative). | epi_taxo: acceptedName(match1); authorship_epig(match1); genus_from_scientificName; family_WFO; order_majorGroup_WCVP [2026-03-11] | CoordinateCleaner QA applied without sea test (validity, equal, zeros, capitals, centroids, gbif, institutions) [2026-03-29]","","Colección","M.E.L.M.","M.E.L.M."
"286","HEM2025_0286","PreservedSpecimen","Coleccion",NA,"UNICACH","SPECIES","HEM","Perez-Farrera, M.A.","385","Perez-Farrera, M.A.","E","HEM2025",1,"Asplenium auriculatum",16.1972222222222,-93.7083333333333,"1995-05-24","change1: Filled coordinateUncertaintyInMeters from decimal-place precision (conservative). | epi_taxo: acceptedName(match1); authorship_epig(match1); genus_from_scientificName; family_WFO; order_majorGroup_WCVP [2026-03-11] | CoordinateCleaner QA applied without sea test (validity, equal, zeros, capitals, centroids, gbif, institutions) [2026-03-29]","standardized authors names in recordedBy / standardized authors names in identifiedBy","Colección","M.A. Pérez-Farrera","M.A. Pérez-Farrera"
"287","HEM2025_0287","PreservedSpecimen","Coleccion",NA,"UNICACH","SPECIES","HEM","M.M.M. | A.L.C.","4833","N.M.M.","E","HEM2025",1,"Asplenium auriculatum",15.0942222222222,-92.1718611111111,"2014-08-15","change1: Filled coordinateUncertaintyInMeters from decimal-place precision (conservative). | epi_taxo: acceptedName(match1); authorship_epig(match1); genus_from_scientificName; family_WFO; order_majorGroup_WCVP [2026-03-11] | CoordinateCleaner QA applied without sea test (validity, equal, zeros, capitals, centroids, gbif, institutions) [2026-03-29]","standardized authors names in recordedBy","Colección","M.M.M. & A.L.C.","N.M.M."
"288","HEM2025_0288","PreservedSpecimen","Coleccion",NA,"UNICACH","SPECIES","HEM","Camilo, R.M. | N.M.M.","2577","Camilo, R.M.","E","HEM2025",1,"Asplenium auriculatum",15.0969444444444,-92.1347222222222,"2014-08-15","change1: Filled coordinateUncertaintyInMeters from decimal-place precision (conservative). | epi_taxo: acceptedName(match1); authorship_epig(match1); genus_from_scientificName; family_WFO; order_majorGroup_WCVP [2026-03-11] | CoordinateCleaner QA applied without sea test (validity, equal, zeros, capitals, centroids, gbif, institutions) [2026-03-29]","standardized authors names in recordedBy / standardized authors names in identifiedBy","Colección","R.M. Camilo & N.M.M.","R.M. Camilo"
"289","HEM2025_0289","PreservedSpecimen","Coleccion",NA,"UNICACH","SPECIES","HEM","M.M.M. | M.C.R.M.","5161","N.M.M.","E","HEM2025",1,"Asplenium auriculatum",15.1046944444444,-92.1807222222222,"2014-09-17","change1: Filled coordinateUncertaintyInMeters from decimal-place precision (conservative). | epi_taxo: acceptedName(match1); authorship_epig(match1); genus_from_scientificName; family_WFO; order_majorGroup_WCVP [2026-03-11] | CoordinateCleaner QA applied without sea test (validity, equal, zeros, capitals, centroids, gbif, institutions) [2026-03-29]","standardized authors names in recordedBy","Colección","M.M.M. & M.C.R.M.","N.M.M."
"290","HEM2025_0290","PreservedSpecimen","Coleccion",NA,"UNICACH","SPECIES","HEM","M.M.M. | M.C.R.M.","5332","N.M.M.","E","HEM2025",1,"Asplenium auriculatum",15.0847222222222,-92.175,"2014-09-22","change1: Filled coordinateUncertaintyInMeters from decimal-place precision (conservative). | epi_taxo: acceptedName(match1); authorship_epig(match1); genus_from_scientificName; family_WFO; order_majorGroup_WCVP [2026-03-11] | CoordinateCleaner QA applied without sea test (validity, equal, zeros, capitals, centroids, gbif, institutions) [2026-03-29]","standardized authors names in recordedBy","Colección","M.M.M. & M.C.R.M.","N.M.M."
"291","HEM2025_0291","PreservedSpecimen","Coleccion",NA,"UNICACH","SPECIES","HEM","M.M.M. | M.C.R.M.","5364","N.M.M.","E","HEM2025",1,"Asplenium auriculatum",15.0995277777778,-92.1861111111111,"2014-09-23","change1: Filled coordinateUncertaintyInMeters from decimal-place precision (conservative). | epi_taxo: acceptedName(match1); authorship_epig(match1); genus_from_scientificName; family_WFO; order_majorGroup_WCVP [2026-03-11] | CoordinateCleaner QA applied without sea test (validity, equal, zeros, capitals, centroids, gbif, institutions) [2026-03-29]","standardized authors names in recordedBy","Colección","M.M.M. & M.C.R.M.","N.M.M."
"292","HEM2025_0292","PreservedSpecimen","Coleccion",NA,"UNICACH","SPECIES","HEM","M.M.M. | D.A.J.L. | R.J.R.V.","5499","N.M.M.","E","HEM2025",1,"Asplenium auriculatum",15.1071944444444,-92.1756666666667,"2015-03-25","change1: Filled coordinateUncertaintyInMeters from decimal-place precision (conservative). | epi_taxo: acceptedName(match1); authorship_epig(match1); genus_from_scientificName; family_WFO; order_majorGroup_WCVP [2026-03-11] | CoordinateCleaner QA applied without sea test (validity, equal, zeros, capitals, centroids, gbif, institutions) [2026-03-29]","standardized authors names in recordedBy","Colección","M.M.M. & D.A.J.L. & R.J.R.V.","N.M.M."
"293","HEM2025_0293","PreservedSpecimen","Coleccion",NA,"UNICACH","SPECIES","HEM","M.M.M. | S.H.J. | J.A.B.B.","5844","N.M.M.","E","HEM2025",1,"Asplenium auriculatum",15.2288611111111,-92.3057777777778,"2015-05-02","change1: Filled coordinateUncertaintyInMeters from decimal-place precision (conservative). | epi_taxo: acceptedName(match1); authorship_epig(match1); genus_from_scientificName; family_WFO; order_majorGroup_WCVP [2026-03-11] | CoordinateCleaner QA applied without sea test (validity, equal, zeros, capitals, centroids, gbif, institutions) [2026-03-29]","standardized authors names in recordedBy","Colección","M.M.M. & S.H.J. & J.A.B.B.","N.M.M."
"294","HEM2025_0294","PreservedSpecimen","Coleccion",NA,"UNICACH","SPECIES","HEM","M.M.M. | S.H.J. | V.E.G.J.","5900","N.M.M.","E","HEM2025",1,"Asplenium auriculatum",15.2310833333333,-92.3098888888889,"2015-05-29","change1: Filled coordinateUncertaintyInMeters from decimal-place precision (conservative). | epi_taxo: acceptedName(match1); authorship_epig(match1); genus_from_scientificName; family_WFO; order_majorGroup_WCVP [2026-03-11] | CoordinateCleaner QA applied without sea test (validity, equal, zeros, capitals, centroids, gbif, institutions) [2026-03-29]","standardized authors names in recordedBy","Colección","M.M.M. & S.H.J. & V.E.G.J.","N.M.M."
"295","HEM2025_0295","PreservedSpecimen","Coleccion",NA,"UNICACH","SPECIES","HEM","M.M.M. | S.H.J. | V.E.G.J.","5951","N.M.M.","E","HEM2025",1,"Asplenium auriculatum",15.2297777777778,-92.317,"2015-05-30","change1: Filled coordinateUncertaintyInMeters from decimal-place precision (conservative). | epi_taxo: acceptedName(match1); authorship_epig(match1); genus_from_scientificName; family_WFO; order_majorGroup_WCVP [2026-03-11] | CoordinateCleaner QA applied without sea test (validity, equal, zeros, capitals, centroids, gbif, institutions) [2026-03-29]","standardized authors names in recordedBy","Colección","M.M.M. & S.H.J. & V.E.G.J.","N.M.M."
"296","HEM2025_0296","PreservedSpecimen","Coleccion",NA,"UNICACH","SPECIES","HEM","M.M.M. | S.H.J. | V.E.G.J.","6022","N.M.M.","E","HEM2025",1,"Asplenium auriculatum",15.2342222222222,-92.3172777777778,"2015-06-01","change1: Filled coordinateUncertaintyInMeters from decimal-place precision (conservative). | epi_taxo: acceptedName(match1); authorship_epig(match1); genus_from_scientificName; family_WFO; order_majorGroup_WCVP [2026-03-11] | CoordinateCleaner QA applied without sea test (validity, equal, zeros, capitals, centroids, gbif, institutions) [2026-03-29]","standardized authors names in recordedBy","Colección","M.M.M. & S.H.J. & V.E.G.J.","N.M.M."
"297","HEM2025_0297","PreservedSpecimen","Coleccion",NA,"UNICACH","SPECIES","HEM","M.M.M. | D.A.J.L. | R.J.R.V.","5630","N.M.M.","E","HEM2025",1,"Asplenium auriculatum",15.0997777777778,-92.1679444444444,"2015-03-27","change1: Filled coordinateUncertaintyInMeters from decimal-place precision (conservative). | epi_taxo: acceptedName(match1); authorship_epig(match1); genus_from_scientificName; family_WFO; order_majorGroup_WCVP [2026-03-11] | CoordinateCleaner QA applied without sea test (validity, equal, zeros, capitals, centroids, gbif, institutions) [2026-03-29]","standardized authors names in recordedBy","Colección","M.M.M. & D.A.J.L. & R.J.R.V.","N.M.M."
"298","HEM2025_0298","PreservedSpecimen","Coleccion",NA,"UNICACH","SPECIES","HEM","Perez-Farrera, M.A.","310","Perez-Farrera, M.A.","E","HEM2025",1,"Asplenium auriculatum",16.1944444444444,-93.6083333333333,"1995-05-23","change1: Filled coordinateUncertaintyInMeters from decimal-place precision (conservative). | epi_taxo: acceptedName(match1); authorship_epig(match1); genus_from_scientificName; family_WFO; order_majorGroup_WCVP [2026-03-11] | CoordinateCleaner QA applied without sea test (validity, equal, zeros, capitals, centroids, gbif, institutions) [2026-03-29]","standardized authors names in recordedBy / standardized authors names in identifiedBy","Colección","M.A. Pérez-Farrera","M.A. Pérez-Farrera"
"299","HEM2025_0299","PreservedSpecimen","Coleccion",NA,"UNICACH","SPECIES","HEM","Perez-Farrera, M.A.","309","Perez-Farrera, M.A.","E","HEM2025",1,"Asplenium auriculatum",16.1944444444444,-93.6083333333333,"1995-05-23","change1: Filled coordinateUncertaintyInMeters from decimal-place precision (conservative). | epi_taxo: acceptedName(match1); authorship_epig(match1); genus_from_scientificName; family_WFO; order_majorGroup_WCVP [2026-03-11] | CoordinateCleaner QA applied without sea test (validity, equal, zeros, capitals, centroids, gbif, institutions) [2026-03-29]","standardized authors names in recordedBy / standardized authors names in identifiedBy","Colección","M.A. Pérez-Farrera","M.A. Pérez-Farrera"
"300","HEM2025_0300","PreservedSpecimen","Coleccion",NA,"UNICACH","SPECIES","HEM","F.E.P.C. | P.C.","82","Perez-Farrera, M.A.","E","HEM2025",1,"Asplenium auriculatum",15.4805555555556,-92.6055555555556,"1999-01-27","change1: Filled coordinateUncertaintyInMeters from decimal-place precision (conservative). | epi_taxo: acceptedName(match1); authorship_epig(match1); genus_from_scientificName; family_WFO; order_majorGroup_WCVP [2026-03-11] | CoordinateCleaner QA applied without sea test (validity, equal, zeros, capitals, centroids, gbif, institutions) [2026-03-29]","standardized authors names in recordedBy / standardized authors names in identifiedBy","Colección","F.E.P.C. & P.C.","M.A. Pérez-Farrera"
"301","HEM2025_0301","PreservedSpecimen","Coleccion",NA,"UNICACH","SPECIES","HEM","M.E.L.M.","79","M.E.L.M.","E","HEM2025",1,"Asplenium auriculatum",15.6333333333333,-92.8333333333333,"1998-02-24","change1: Filled coordinateUncertaintyInMeters from decimal-place precision (conservative). | epi_taxo: acceptedName(match1); authorship_epig(match1); genus_from_scientificName; family_WFO; order_majorGroup_WCVP [2026-03-11] | CoordinateCleaner QA applied without sea test (validity, equal, zeros, capitals, centroids, gbif, institutions) [2026-03-29]","","Colección","M.E.L.M.","M.E.L.M."
"302","HEM2025_0302","PreservedSpecimen","Coleccion",NA,"UNICACH","SPECIES","HEM","M.E.L.M.","151A","M.E.L.M.","E","HEM2025",1,"Asplenium auriculatum",15.6441666666667,-92.8275,"1998-03-02","change1: Filled coordinateUncertaintyInMeters from decimal-place precision (conservative). | epi_taxo: acceptedName(match1); authorship_epig(match1); genus_from_scientificName; family_WFO; order_majorGroup_WCVP [2026-03-11] | CoordinateCleaner QA applied without sea test (validity, equal, zeros, capitals, centroids, gbif, institutions) [2026-03-29]","","Colección","M.E.L.M.","M.E.L.M."
"303","HEM2025_0303","PreservedSpecimen","Coleccion",NA,"UNICACH","SPECIES","HEM","M.E.L.M.","99","M.E.L.M.","E","HEM2025",1,"Asplenium auriculatum",15.6638888888889,-92.8202777777778,"1998-02-25","change1: Filled coordinateUncertaintyInMeters from decimal-place precision (conservative). | epi_taxo: acceptedName(match1); authorship_epig(match1); genus_from_scientificName; family_WFO; order_majorGroup_WCVP [2026-03-11] | CoordinateCleaner QA applied without sea test (validity, equal, zeros, capitals, centroids, gbif, institutions) [2026-03-29]","","Colección","M.E.L.M.","M.E.L.M."
"304","HEM2025_0304","PreservedSpecimen","Coleccion",NA,"UNICACH","SPECIES","HEM","M.E.L.M.","126","M.E.L.M.","E","HEM2025",1,"Asplenium auriculatum",15.6666666666667,-92.805,"1998-02-26","change1: Filled coordinateUncertaintyInMeters from decimal-place precision (conservative). | epi_taxo: acceptedName(match1); authorship_epig(match1); genus_from_scientificName; family_WFO; order_majorGroup_WCVP [2026-03-11] | CoordinateCleaner QA applied without sea test (validity, equal, zeros, capitals, centroids, gbif, institutions) [2026-03-29]","","Colección","M.E.L.M.","M.E.L.M."
"305","HEM2025_0305","PreservedSpecimen","Coleccion",NA,"UNICACH","SPECIES","HEM","T.B.C.","47206","C.D.A.","E","HEM2025",1,"Asplenium auritum",15.0522222222222,-92.1188888888889,"1979-02-10","change1: Filled coordinateUncertaintyInMeters from decimal-place precision (conservative). | epi_taxo: acceptedName(match1); authorship_epig(match1); genus_from_scientificName; family_WFO; order_majorGroup_WCVP [2026-03-11] | CoordinateCleaner QA applied without sea test (validity, equal, zeros, capitals, centroids, gbif, institutions) [2026-03-29]","","Colección","T.B.C.","C.D.A."
"306","HEM2025_0306","PreservedSpecimen","Coleccion",NA,"UNICACH","SPECIES","HEM","M.M.M. | M.A.D.V.","2123","N.M.M.","E","HEM2025",1,"Asplenium auritum",15.04225,-92.1473611111111,"2013-06-28","change1: Filled coordinateUncertaintyInMeters from decimal-place precision (conservative). | epi_taxo: acceptedName(match1); authorship_epig(match1); genus_from_scientificName; family_WFO; order_majorGroup_WCVP [2026-03-11] | CoordinateCleaner QA applied without sea test (validity, equal, zeros, capitals, centroids, gbif, institutions) [2026-03-29]","standardized authors names in recordedBy","Colección","M.M.M. & M.A.D.V.","N.M.M."
"307","HEM2025_0307","PreservedSpecimen","Coleccion",NA,"UNICACH","SPECIES","HEM","M.M.M. | D.A.J.L.","3320-BIS","N.M.M.","E","HEM2025",1,"Asplenium auritum",15.1383333333333,-92.1394444444445,"2013-12-15","change1: Filled coordinateUncertaintyInMeters from decimal-place precision (conservative). | epi_taxo: acceptedName(match1); authorship_epig(match1); genus_from_scientificName; family_WFO; order_majorGroup_WCVP [2026-03-11] | CoordinateCleaner QA applied without sea test (validity, equal, zeros, capitals, centroids, gbif, institutions) [2026-03-29]","standardized authors names in recordedBy","Colección","M.M.M. & D.A.J.L.","N.M.M."
"308","HEM2025_0308","PreservedSpecimen","Coleccion",NA,"UNICACH","SPECIES","HEM","M.M.M. | M.C.R.M.","5329","N.M.M.","E","HEM2025",1,"Asplenium auritum",15.0847222222222,-92.175,"2014-09-22","change1: Filled coordinateUncertaintyInMeters from decimal-place precision (conservative). | epi_taxo: acceptedName(match1); authorship_epig(match1); genus_from_scientificName; family_WFO; order_majorGroup_WCVP [2026-03-11] | CoordinateCleaner QA applied without sea test (validity, equal, zeros, capitals, centroids, gbif, institutions) [2026-03-29]","standardized authors names in recordedBy","Colección","M.M.M. & M.C.R.M.","N.M.M."
"309","HEM2025_0309","PreservedSpecimen","Coleccion",NA,"UNICACH","SPECIES","HEM","M.M.M. | D.A.J.L. | R.J.R.V.","5430","N.M.M.","E","HEM2025",1,"Asplenium auritum",15.07075,-92.1635277777778,"2015-03-24","change1: Filled coordinateUncertaintyInMeters from decimal-place precision (conservative). | epi_taxo: acceptedName(match1); authorship_epig(match1); genus_from_scientificName; family_WFO; order_majorGroup_WCVP [2026-03-11] | CoordinateCleaner QA applied without sea test (validity, equal, zeros, capitals, centroids, gbif, institutions) [2026-03-29]","standardized authors names in recordedBy","Colección","M.M.M. & D.A.J.L. & R.J.R.V.","N.M.M."
"310","HEM2025_0310","PreservedSpecimen","Coleccion",NA,"UNICACH","SPECIES","HEM","M.M.M. | D.A.J.L. | R.J.R.V.","5659","N.M.M.","E","HEM2025",1,"Asplenium auritum",15.0619444444444,-92.1101111111111,"2015-03-28","change1: Filled coordinateUncertaintyInMeters from decimal-place precision (conservative). | epi_taxo: acceptedName(match1); authorship_epig(match1); genus_from_scientificName; family_WFO; order_majorGroup_WCVP [2026-03-11] | CoordinateCleaner QA applied without sea test (validity, equal, zeros, capitals, centroids, gbif, institutions) [2026-03-29]","standardized authors names in recordedBy","Colección","M.M.M. & D.A.J.L. & R.J.R.V.","N.M.M."
"311","HEM2025_0311","PreservedSpecimen","Coleccion",NA,"UNICACH","SPECIES","HEM","C.A.Z.M.","5-bis","Perez-Farrera, M.A.","E","HEM2025",1,"Asplenium barbaense",17.1291666666667,-93.1505555555556,"2003-03-22","change1: Filled coordinateUncertaintyInMeters from decimal-place precision (conservative). | epi_taxo: acceptedName(match1); authorship_epig(match1); genus_from_scientificName; family_WFO; order_majorGroup_WCVP [2026-03-11] | CoordinateCleaner QA applied without sea test (validity, equal, zeros, capitals, centroids, gbif, institutions) [2026-03-29]","standardized authors names in identifiedBy","Colección","C.A.Z.M.","M.A. Pérez-Farrera"
"312","HEM2025_0312","PreservedSpecimen","Coleccion",NA,"UNICACH","SPECIES","HEM","M.E.L.M.","56","M.E.L.M.","E","HEM2025",1,"Asplenium barbaense",15.425,-92.6333333333333,"1998-01-25","change1: Filled coordinateUncertaintyInMeters from decimal-place precision (conservative). | epi_taxo: acceptedName(match1); authorship_epig(match1); genus_from_scientificName; family_WFO; order_majorGroup_WCVP [2026-03-11] | CoordinateCleaner QA applied without sea test (validity, equal, zeros, capitals, centroids, gbif, institutions) [2026-03-29]","","Colección","M.E.L.M.","M.E.L.M."
"313","HEM2025_0313","PreservedSpecimen","Coleccion",NA,"UNICACH","SPECIES","HEM","Perez-Farrera, M.A.","3007-bis","Perez-Farrera, M.A.","E","HEM2025",1,"Asplenium breedlovei",16.2205555555556,-93.6002777777778,"2006-08-10","change1: Filled coordinateUncertaintyInMeters from decimal-place precision (conservative). | epi_taxo: acceptedName(match1); authorship_epig(match1); genus_from_scientificName; family_WFO; order_majorGroup_WCVP [2026-03-11] | CoordinateCleaner QA applied without sea test (validity, equal, zeros, capitals, centroids, gbif, institutions) [2026-03-29]","standardized authors names in recordedBy / standardized authors names in identifiedBy","Colección","M.A. Pérez-Farrera","M.A. Pérez-Farrera"
"314","HEM2025_0314","PreservedSpecimen","Coleccion",NA,"UNICACH","SPECIES","HEM","Camilo, R.M.","263","Perez-Farrera, M.A.","E","HEM2025",1,"Asplenium breedlovei",15.7,-92.9805555555556,"2001-12-21","change1: Filled coordinateUncertaintyInMeters from decimal-place precision (conservative). | epi_taxo: acceptedName(match1); authorship_epig(match1); genus_from_scientificName; family_WFO; order_majorGroup_WCVP [2026-03-11] | CoordinateCleaner QA applied without sea test (validity, equal, zeros, capitals, centroids, gbif, institutions) [2026-03-29]","standardized authors names in recordedBy / standardized authors names in identifiedBy","Colección","R.M. Camilo","M.A. Pérez-Farrera"
"315","HEM2025_0315","PreservedSpecimen","Coleccion",NA,"UNICACH","SPECIES","HEM","Perez-Farrera, M.A.","896","Perez-Farrera, M.A.","E","HEM2025",3,"Diplazium plantaginifolium",17.5041666666667,-92.8663888888889,"1996-04-16","change1: Filled coordinateUncertaintyInMeters from decimal-place precision (conservative). | epi_taxo: acceptedName(match1); authorship_epig(match1); genus_from_scientificName; family_WFO; order_majorGroup_WCVP [2026-03-11] | CoordinateCleaner QA applied without sea test (validity, equal, zeros, capitals, centroids, gbif, institutions) [2026-03-29]","standardized authors names in recordedBy / standardized authors names in identifiedBy","Colección","M.A. Pérez-Farrera","M.A. Pérez-Farrera"
"316","HEM2025_0316","PreservedSpecimen","Coleccion",NA,"UNICACH","SPECIES","HEM","Perez-Farrera, M.A.","896","Perez-Farrera, M.A.","E","HEM2025",3,"Diplazium plantaginifolium",17.5041666666667,-92.8663888888889,"1996-04-16","change1: Filled coordinateUncertaintyInMeters from decimal-place precision (conservative). | epi_taxo: acceptedName(match1); authorship_epig(match1); genus_from_scientificName; family_WFO; order_majorGroup_WCVP [2026-03-11] | CoordinateCleaner QA applied without sea test (validity, equal, zeros, capitals, centroids, gbif, institutions) [2026-03-29]","standardized authors names in recordedBy / standardized authors names in identifiedBy","Colección","M.A. Pérez-Farrera","M.A. Pérez-Farrera"
"317","HEM2025_0317","PreservedSpecimen","Coleccion",NA,"UNICACH","SPECIES","HEM","Perez-Farrera, M.A.","1942","J.M.L.Z.","E","HEM2025",1,"Asplenium cristatum",16.5108333333333,-94.1275,"1999-05-20","change1: Filled coordinateUncertaintyInMeters from decimal-place precision (conservative). | epi_taxo: acceptedName(match1); authorship_epig(match1); genus_from_scientificName; family_WFO; order_majorGroup_WCVP [2026-03-11] | CoordinateCleaner QA applied without sea test (validity, equal, zeros, capitals, centroids, gbif, institutions) [2026-03-29]","standardized authors names in recordedBy","Colección","M.A. Pérez-Farrera","J.M.L.Z."
"318","HEM2025_0318","PreservedSpecimen","Coleccion",NA,"UNICACH","SPECIES","HEM","M.M.M. | M.C.R.M.","2711","N.M.M.","E","HEM2025",3,"Asplenium ceii",15.1569722222222,-92.1405555555556,"2013-11-16","change1: Filled coordinateUncertaintyInMeters from decimal-place precision (conservative). | epi_taxo: acceptedName(match1); authorship_epig(match1); genus_from_scientificName; family_WFO; order_majorGroup_WCVP [2026-03-11] | CoordinateCleaner QA applied without sea test (validity, equal, zeros, capitals, centroids, gbif, institutions) [2026-03-29]","standardized authors names in recordedBy","Colección","M.M.M. & M.C.R.M.","N.M.M."
"319","HEM2025_0319","PreservedSpecimen","Coleccion",NA,"UNICACH","SPECIES","HEM","F.L.A.","5","M.E.L.M.","E","HEM2025",1,"Asplenium cuspidatum",16.0791666666667,-91.6708333333333,"2003-08-04","change1: Filled coordinateUncertaintyInMeters from decimal-place precision (conservative). | epi_taxo: acceptedName(match1); authorship_epig(match1); genus_from_scientificName; family_WFO; order_majorGroup_WCVP [2026-03-11] | CoordinateCleaner QA applied without sea test (validity, equal, zeros, capitals, centroids, gbif, institutions) [2026-03-29]","","Colección","F.L.A.","M.E.L.M."
"320","HEM2025_0320","PreservedSpecimen","Coleccion",NA,"UNICACH","SPECIES","HEM","E.C.S.V.","5","Perez-Farrera, M.A.","E","HEM2025",1,"Asplenium cuspidatum",15.0675,-92.0833333333333,"2004-10-14","change1: Filled coordinateUncertaintyInMeters from decimal-place precision (conservative). | epi_taxo: acceptedName(match1); authorship_epig(match1); genus_from_scientificName; family_WFO; order_majorGroup_WCVP [2026-03-11] | CoordinateCleaner QA applied without sea test (validity, equal, zeros, capitals, centroids, gbif, institutions) [2026-03-29]","standardized authors names in identifiedBy","Colección","E.C.S.V.","M.A. Pérez-Farrera"
"321","HEM2025_0321","PreservedSpecimen","Coleccion",NA,"UNICACH","SPECIES","HEM","Perez-Farrera, M.A.","1058-bis","M.E.L.M.","E","HEM2025",1,"Asplenium cuspidatum",15.6441666666667,-92.8275,"1996-08-10","change1: Filled coordinateUncertaintyInMeters from decimal-place precision (conservative). | epi_taxo: acceptedName(match1); authorship_epig(match1); genus_from_scientificName; family_WFO; order_majorGroup_WCVP [2026-03-11] | CoordinateCleaner QA applied without sea test (validity, equal, zeros, capitals, centroids, gbif, institutions) [2026-03-29]","standardized authors names in recordedBy","Colección","M.A. Pérez-Farrera","M.E.L.M."
"322","HEM2025_0322","PreservedSpecimen","Coleccion",NA,"UNICACH","SPECIES","HEM","Perez-Farrera, M.A.","1070","M.E.L.M.","E","HEM2025",1,"Asplenium cuspidatum",15.6441666666667,-92.8275,"1996-08-10","change1: Filled coordinateUncertaintyInMeters from decimal-place precision (conservative). | epi_taxo: acceptedName(match1); authorship_epig(match1); genus_from_scientificName; family_WFO; order_majorGroup_WCVP [2026-03-11] | CoordinateCleaner QA applied without sea test (validity, equal, zeros, capitals, centroids, gbif, institutions) [2026-03-29]","standardized authors names in recordedBy","Colección","M.A. Pérez-Farrera","M.E.L.M."
"323","HEM2025_0323","PreservedSpecimen","Coleccion",NA,"UNICACH","SPECIES","HEM","J.M.M.","978","J.M.M.","E","HEM2025",1,"Asplenium cuspidatum",15.8059166666667,-93.0508055555556,"2005-06-06","change1: Filled coordinateUncertaintyInMeters from decimal-place precision (conservative). | epi_taxo: acceptedName(match1); authorship_epig(match1); genus_from_scientificName; family_WFO; order_majorGroup_WCVP [2026-03-11] | CoordinateCleaner QA applied without sea test (validity, equal, zeros, capitals, centroids, gbif, institutions) [2026-03-29]","","Colección","J.M.M.","J.M.M."
"324","HEM2025_0324","PreservedSpecimen","Coleccion",NA,"UNICACH","SPECIES","HEM","H.G.D.","1274","H.G.D.","E","HEM2025",1,"Asplenium cuspidatum",15.8138888888889,-93.0305555555556,"2006-04-20","change1: Filled coordinateUncertaintyInMeters from decimal-place precision (conservative). | epi_taxo: acceptedName(match1); authorship_epig(match1); genus_from_scientificName; family_WFO; order_majorGroup_WCVP [2026-03-11] | CoordinateCleaner QA applied without sea test (validity, equal, zeros, capitals, centroids, gbif, institutions) [2026-03-29]","","Colección","H.G.D.","H.G.D."
"325","HEM2025_0325","PreservedSpecimen","Coleccion",NA,"UNICACH","SPECIES","HEM","J.M.M.","1632","J.M.M.","E","HEM2025",1,"Asplenium cuspidatum",15.6441666666667,-92.8275,"2006-12-13","change1: Filled coordinateUncertaintyInMeters from decimal-place precision (conservative). | epi_taxo: acceptedName(match1); authorship_epig(match1); genus_from_scientificName; family_WFO; order_majorGroup_WCVP [2026-03-11] | CoordinateCleaner QA applied without sea test (validity, equal, zeros, capitals, centroids, gbif, institutions) [2026-03-29]","","Colección","J.M.M.","J.M.M."
"326","HEM2025_0326","PreservedSpecimen","Coleccion",NA,"UNICACH","SPECIES","HEM","J.M.M.","1585","J.M.M.","E","HEM2025",1,"Asplenium cuspidatum",15.4221944444444,-92.6244166666667,"2006-11-15","change1: Filled coordinateUncertaintyInMeters from decimal-place precision (conservative). | epi_taxo: acceptedName(match1); authorship_epig(match1); genus_from_scientificName; family_WFO; order_majorGroup_WCVP [2026-03-11] | CoordinateCleaner QA applied without sea test (validity, equal, zeros, capitals, centroids, gbif, institutions) [2026-03-29]","","Colección","J.M.M.","J.M.M."
"327","HEM2025_0327","PreservedSpecimen","Coleccion",NA,"UNICACH","SPECIES","HEM","J.M.M.","1544","J.M.M.","E","HEM2025",1,"Asplenium cuspidatum",15.7572222222222,-93.0236111111111,"2006-10-15","change1: Filled coordinateUncertaintyInMeters from decimal-place precision (conservative). | epi_taxo: acceptedName(match1); authorship_epig(match1); genus_from_scientificName; family_WFO; order_majorGroup_WCVP [2026-03-11] | CoordinateCleaner QA applied without sea test (validity, equal, zeros, capitals, centroids, gbif, institutions) [2026-03-29]","","Colección","J.M.M.","J.M.M."
"328","HEM2025_0328","PreservedSpecimen","Coleccion",NA,"UNICACH","SPECIES","HEM","Perez-Farrera, M.A.","2585","M.E.L.M.","E","HEM2025",1,"Asplenium cuspidatum",15.7769444444444,-93.09,"2001-07-18","change1: Filled coordinateUncertaintyInMeters from decimal-place precision (conservative). | epi_taxo: acceptedName(match1); authorship_epig(match1); genus_from_scientificName; family_WFO; order_majorGroup_WCVP [2026-03-11] | CoordinateCleaner QA applied without sea test (validity, equal, zeros, capitals, centroids, gbif, institutions) [2026-03-29]","standardized authors names in recordedBy","Colección","M.A. Pérez-Farrera","M.E.L.M."
"329","HEM2025_0329","PreservedSpecimen","Coleccion",NA,"UNICACH","SPECIES","HEM","M.M.M. | M.D.E.M.","738","Perez-Farrera, M.A.","E","HEM2025",1,"Asplenium cuspidatum",15.2596666666667,-92.2186388888889,"2013-02-10","change1: Filled coordinateUncertaintyInMeters from decimal-place precision (conservative). | epi_taxo: acceptedName(match1); authorship_epig(match1); genus_from_scientificName; family_WFO; order_majorGroup_WCVP [2026-03-11] | CoordinateCleaner QA applied without sea test (validity, equal, zeros, capitals, centroids, gbif, institutions) [2026-03-29]","standardized authors names in recordedBy / standardized authors names in identifiedBy","Colección","M.M.M. & M.D.E.M.","M.A. Pérez-Farrera"
"330","HEM2025_0330","PreservedSpecimen","Coleccion",NA,"UNICACH","SPECIES","HEM","M.M.M. | M.A.D.V.","1688","Perez-Farrera, M.A.","E","HEM2025",1,"Asplenium cuspidatum",15.0942777777778,-92.1151111111111,"2014-01-21","change1: Filled coordinateUncertaintyInMeters from decimal-place precision (conservative). | epi_taxo: acceptedName(match1); authorship_epig(match1); genus_from_scientificName; family_WFO; order_majorGroup_WCVP [2026-03-11] | CoordinateCleaner QA applied without sea test (validity, equal, zeros, capitals, centroids, gbif, institutions) [2026-03-29]","standardized authors names in recordedBy / standardized authors names in identifiedBy","Colección","M.M.M. & M.A.D.V.","M.A. Pérez-Farrera"
"331","HEM2025_0331","PreservedSpecimen","Coleccion",NA,"UNICACH","SPECIES","HEM","M.M.M. | M.C.R.M.","2643","N.M.M.","E","HEM2025",1,"Asplenium cuspidatum",15.1495833333333,-92.1474166666667,"2013-11-15","change1: Filled coordinateUncertaintyInMeters from decimal-place precision (conservative). | epi_taxo: acceptedName(match1); authorship_epig(match1); genus_from_scientificName; family_WFO; order_majorGroup_WCVP [2026-03-11] | CoordinateCleaner QA applied without sea test (validity, equal, zeros, capitals, centroids, gbif, institutions) [2026-03-29]","standardized authors names in recordedBy","Colección","M.M.M. & M.C.R.M.","N.M.M."
"332","HEM2025_0332","PreservedSpecimen","Coleccion",NA,"UNICACH","SPECIES","HEM","M.M.M. | A.L.C.","5030","N.M.M.","E","HEM2025",1,"Asplenium cuspidatum",15.1135833333333,-92.1829444444444,"2014-08-19","change1: Filled coordinateUncertaintyInMeters from decimal-place precision (conservative). | epi_taxo: acceptedName(match1); authorship_epig(match1); genus_from_scientificName; family_WFO; order_majorGroup_WCVP [2026-03-11] | CoordinateCleaner QA applied without sea test (validity, equal, zeros, capitals, centroids, gbif, institutions) [2026-03-29]","standardized authors names in recordedBy","Colección","M.M.M. & A.L.C.","N.M.M."
"333","HEM2025_0333","PreservedSpecimen","Coleccion",NA,"UNICACH","SPECIES","HEM","M.M.M. | M.C.R.M.","5260","N.M.M.","E","HEM2025",1,"Asplenium cuspidatum",15.1086388888889,-92.1911666666667,"2014-09-20","change1: Filled coordinateUncertaintyInMeters from decimal-place precision (conservative). | epi_taxo: acceptedName(match1); authorship_epig(match1); genus_from_scientificName; family_WFO; order_majorGroup_WCVP [2026-03-11] | CoordinateCleaner QA applied without sea test (validity, equal, zeros, capitals, centroids, gbif, institutions) [2026-03-29]","standardized authors names in recordedBy","Colección","M.M.M. & M.C.R.M.","N.M.M."
"334","HEM2025_0334","PreservedSpecimen","Coleccion",NA,"UNICACH","SPECIES","HEM","M.E.L.M.","1","M.E.L.M.","E","HEM2025",1,"Asplenium cuspidatum",15.8530555555556,-93.1511111111111,"1998-01-22","change1: Filled coordinateUncertaintyInMeters from decimal-place precision (conservative). | epi_taxo: acceptedName(match1); authorship_epig(match1); genus_from_scientificName; family_WFO; order_majorGroup_WCVP [2026-03-11] | CoordinateCleaner QA applied without sea test (validity, equal, zeros, capitals, centroids, gbif, institutions) [2026-03-29]","","Colección","M.E.L.M.","M.E.L.M."
"335","HEM2025_0335","PreservedSpecimen","Coleccion",NA,"UNICACH","SPECIES","HEM","M.E.L.M.","14","M.E.L.M.","E","HEM2025",1,"Asplenium cuspidatum",15.8530555555556,-93.1511111111111,"1998-01-22","change1: Filled coordinateUncertaintyInMeters from decimal-place precision (conservative). | epi_taxo: acceptedName(match1); authorship_epig(match1); genus_from_scientificName; family_WFO; order_majorGroup_WCVP [2026-03-11] | CoordinateCleaner QA applied without sea test (validity, equal, zeros, capitals, centroids, gbif, institutions) [2026-03-29]","","Colección","M.E.L.M.","M.E.L.M."
"336","HEM2025_0336","PreservedSpecimen","Coleccion",NA,"UNICACH","SPECIES","HEM","M.E.L.M.","100","M.E.L.M.","E","HEM2025",1,"Asplenium cuspidatum",15.6638888888889,-92.8202777777778,"1998-02-25","change1: Filled coordinateUncertaintyInMeters from decimal-place precision (conservative). | epi_taxo: acceptedName(match1); authorship_epig(match1); genus_from_scientificName; family_WFO; order_majorGroup_WCVP [2026-03-11] | CoordinateCleaner QA applied without sea test (validity, equal, zeros, capitals, centroids, gbif, institutions) [2026-03-29]","","Colección","M.E.L.M.","M.E.L.M."
"337","HEM2025_0337","PreservedSpecimen","Coleccion",NA,"UNICACH","SPECIES","HEM","J.M.M.","1607","J.M.M.","E","HEM2025",2,"Asplenium auritum",15.4221944444444,-92.6244166666667,"2006-11-15","change1: Filled coordinateUncertaintyInMeters from decimal-place precision (conservative). | epi_taxo: acceptedName(match1); authorship_epig(match1); genus_from_scientificName; family_WFO; order_majorGroup_WCVP [2026-03-11] | CoordinateCleaner QA applied without sea test (validity, equal, zeros, capitals, centroids, gbif, institutions) [2026-03-29]","","Colección","J.M.M.","J.M.M."
"338","HEM2025_0338","PreservedSpecimen","Coleccion",NA,"UNICACH","SPECIES","HEM","M.M.M. | M.D.E.M.","676","N.M.M.","E","HEM2025",1,"Asplenium fragrans",15.2601388888889,-92.2172777777778,"2013-02-08","change1: Filled coordinateUncertaintyInMeters from decimal-place precision (conservative). | epi_taxo: acceptedName(match1); authorship_epig(match1); genus_from_scientificName; family_WFO; order_majorGroup_WCVP [2026-03-11] | CoordinateCleaner QA applied without sea test (validity, equal, zeros, capitals, centroids, gbif, institutions) [2026-03-29]","standardized authors names in recordedBy","Colección","M.M.M. & M.D.E.M.","N.M.M."
"339","HEM2025_0339","PreservedSpecimen","Coleccion",NA,"UNICACH","SPECIES","HEM","M.M.M. | D.A.J.L.","3318","N.M.M.","E","HEM2025",1,"Asplenium fragrans",15.1348888888889,-92.1380555555556,"2013-12-15","change1: Filled coordinateUncertaintyInMeters from decimal-place precision (conservative). | epi_taxo: acceptedName(match1); authorship_epig(match1); genus_from_scientificName; family_WFO; order_majorGroup_WCVP [2026-03-11] | CoordinateCleaner QA applied without sea test (validity, equal, zeros, capitals, centroids, gbif, institutions) [2026-03-29]","standardized authors names in recordedBy","Colección","M.M.M. & D.A.J.L.","N.M.M."
"340","HEM2025_0340","PreservedSpecimen","Coleccion",NA,"UNICACH","SPECIES","HEM","A.R.G. | E.M.","4152","E.V.M.","E","HEM2025",1,"Asplenium fragrans",16.2094444444444,-93.5922222222222,"2002-02-28","change1: Filled coordinateUncertaintyInMeters from decimal-place precision (conservative). | epi_taxo: acceptedName(match1); authorship_epig(match1); genus_from_scientificName; family_WFO; order_majorGroup_WCVP [2026-03-11] | CoordinateCleaner QA applied without sea test (validity, equal, zeros, capitals, centroids, gbif, institutions) [2026-03-29]","standardized authors names in recordedBy","Colección","A.R.G. & E.M.","E.V.M."
"341","HEM2025_0341","PreservedSpecimen","Coleccion",NA,"UNICACH","SPECIES","HEM","T.B.C.","47149","C.D.A.","E","HEM2025",1,"Asplenium harpeodes",15.0925,-92.1244444444444,"1979-02-10","change1: Filled coordinateUncertaintyInMeters from decimal-place precision (conservative). | epi_taxo: acceptedName(match1); authorship_epig(match1); genus_from_scientificName; family_WFO; order_majorGroup_WCVP [2026-03-11] | CoordinateCleaner QA applied without sea test (validity, equal, zeros, capitals, centroids, gbif, institutions) [2026-03-29]","","Colección","T.B.C.","C.D.A."
"342","HEM2025_0342","PreservedSpecimen","Coleccion",NA,"UNICACH","SPECIES","HEM","Perez-Farrera, M.A.","1079","Perez-Farrera, M.A.","E","HEM2025",1,"Asplenium harpeodes",15.6166666666667,-92.8,"1996-08-10","change1: Filled coordinateUncertaintyInMeters from decimal-place precision (conservative). | epi_taxo: acceptedName(match1); authorship_epig(match1); genus_from_scientificName; family_WFO; order_majorGroup_WCVP [2026-03-11] | CoordinateCleaner QA applied without sea test (validity, equal, zeros, capitals, centroids, gbif, institutions) [2026-03-29]","standardized authors names in recordedBy / standardized authors names in identifiedBy","Colección","M.A. Pérez-Farrera","M.A. Pérez-Farrera"
"343","HEM2025_0343","PreservedSpecimen","Coleccion",NA,"UNICACH","SPECIES","HEM","Perez-Farrera, M.A.","2566","G.Y.","E","HEM2025",1,"Asplenium harpeodes",15.7769444444444,-93.09,"2001-07-18","change1: Filled coordinateUncertaintyInMeters from decimal-place precision (conservative). | epi_taxo: acceptedName(match1); authorship_epig(match1); genus_from_scientificName; family_WFO; order_majorGroup_WCVP [2026-03-11] | CoordinateCleaner QA applied without sea test (validity, equal, zeros, capitals, centroids, gbif, institutions) [2026-03-29]","standardized authors names in recordedBy","Colección","M.A. Pérez-Farrera","G.Y."
"344","HEM2025_0344","PreservedSpecimen","Coleccion",NA,"UNICACH","SPECIES","HEM","M.M.M. | D.A.J.L.","3498","N.M.M.","E","HEM2025",1,"Asplenium harpeodes",15.1512777777778,-92.1338888888889,"2014-01-17","change1: Filled coordinateUncertaintyInMeters from decimal-place precision (conservative). | epi_taxo: acceptedName(match1); authorship_epig(match1); genus_from_scientificName; family_WFO; order_majorGroup_WCVP [2026-03-11] | CoordinateCleaner QA applied without sea test (validity, equal, zeros, capitals, centroids, gbif, institutions) [2026-03-29]","standardized authors names in recordedBy","Colección","M.M.M. & D.A.J.L.","N.M.M."
"345","HEM2025_0345","PreservedSpecimen","Coleccion",NA,"UNICACH","SPECIES","HEM","M.M.M. | M.C.R.M.","5317","N.M.M.","E","HEM2025",1,"Asplenium harpeodes",15.0847222222222,-92.175,"2014-09-22","change1: Filled coordinateUncertaintyInMeters from decimal-place precision (conservative). | epi_taxo: acceptedName(match1); authorship_epig(match1); genus_from_scientificName; family_WFO; order_majorGroup_WCVP [2026-03-11] | CoordinateCleaner QA applied without sea test (validity, equal, zeros, capitals, centroids, gbif, institutions) [2026-03-29]","standardized authors names in recordedBy","Colección","M.M.M. & M.C.R.M.","N.M.M."
"346","HEM2025_0346","PreservedSpecimen","Coleccion",NA,"UNICACH","SPECIES","HEM","Perez-Farrera, M.A.","978","Perez-Farrera, M.A.","E","HEM2025",1,"Hymenasplenium hoffmannii",15.6641666666667,-92.8136111111111,"1996-08-09","change1: Filled coordinateUncertaintyInMeters from decimal-place precision (conservative). | epi_taxo: acceptedName(match1); authorship_epig(match1); genus_from_scientificName; family_WFO; order_majorGroup_WCVP [2026-03-11] | CoordinateCleaner QA applied without sea test (validity, equal, zeros, capitals, centroids, gbif, institutions) [2026-03-29]","standardized authors names in recordedBy / standardized authors names in identifiedBy","Colección","M.A. Pérez-Farrera","M.A. Pérez-Farrera"
"347","HEM2025_0347","PreservedSpecimen","Coleccion",NA,"UNICACH","SPECIES","HEM","G.U. | E.M.S. | A.M.G.","95","Perez-Farrera, M.A.","E","HEM2025",1,"Asplenium laetum",16.9913888888889,-91.6227777777778,"1987-05-24","change1: Filled coordinateUncertaintyInMeters from decimal-place precision (conservative). | epi_taxo: acceptedName(match1); authorship_epig(match1); genus_from_scientificName; family_WFO; order_majorGroup_WCVP [2026-03-11] | CoordinateCleaner QA applied without sea test (validity, equal, zeros, capitals, centroids, gbif, institutions) [2026-03-29]","standardized authors names in recordedBy / standardized authors names in identifiedBy","Colección","G.U. & E.M.S. & A.M.G.","M.A. Pérez-Farrera"
"348","HEM2025_0348","PreservedSpecimen","Coleccion",NA,"UNICACH","SPECIES","HEM","M.E.L.M.","12","M.E.L.M.","E","HEM2025",1,"Asplenium lamprocaulon",15.8666666666667,-93.1666666666667,"1998-01-22","change1: Filled coordinateUncertaintyInMeters from decimal-place precision (conservative). | epi_taxo: acceptedName(match1); authorship_epig(match1); genus_from_scientificName; family_WFO; order_majorGroup_WCVP [2026-03-11] | CoordinateCleaner QA applied without sea test (validity, equal, zeros, capitals, centroids, gbif, institutions) [2026-03-29]","","Colección","M.E.L.M.","M.E.L.M."
"349","HEM2025_0349","PreservedSpecimen","Coleccion",NA,"UNICACH","SPECIES","HEM","M.M.M. | M.A.D.V.","2016","N.M.M.","E","HEM2025",1,"Asplenium miradorense",15.101,-92.0952222222222,"2013-06-27","change1: Filled coordinateUncertaintyInMeters from decimal-place precision (conservative). | epi_taxo: acceptedName(match1); authorship_epig(match1); genus_from_scientificName; family_WFO; order_majorGroup_WCVP [2026-03-11] | CoordinateCleaner QA applied without sea test (validity, equal, zeros, capitals, centroids, gbif, institutions) [2026-03-29]","standardized authors names in recordedBy","Colección","M.M.M. & M.A.D.V.","N.M.M."
"350","HEM2025_0350","PreservedSpecimen","Coleccion",NA,"UNICACH","SPECIES","HEM","G.G.V.","55","G.G.V. | Perez-Farrera, M.A.","E","HEM2025",1,"Asplenium monanthes",16.7458333333333,-92.6961111111111,"2005-05-02","change1: Filled coordinateUncertaintyInMeters from decimal-place precision (conservative). | epi_taxo: acceptedName(match1); authorship_epig(match1); genus_from_scientificName; family_WFO; order_majorGroup_WCVP [2026-03-11] | CoordinateCleaner QA applied without sea test (validity, equal, zeros, capitals, centroids, gbif, institutions) [2026-03-29]","standardized authors names in identifiedBy","Colección","G.G.V.","G.G.V. & M.A. Pérez-Farrera"
"351","HEM2025_0351","PreservedSpecimen","Coleccion",NA,"UNICACH","SPECIES","HEM","T.A.S.","140","M.E.L.M.","E","HEM2025",1,"Asplenium monanthes",16.7458333333333,-92.6961111111111,"1988-06-13","change1: Filled coordinateUncertaintyInMeters from decimal-place precision (conservative). | epi_taxo: acceptedName(match1); authorship_epig(match1); genus_from_scientificName; family_WFO; order_majorGroup_WCVP [2026-03-11] | CoordinateCleaner QA applied without sea test (validity, equal, zeros, capitals, centroids, gbif, institutions) [2026-03-29]","","Colección","T.A.S.","M.E.L.M."
"352","HEM2025_0352","PreservedSpecimen","Coleccion",NA,"UNICACH","SPECIES","HEM","M.M.M. | M.D.E.M.","509","Perez-Farrera, M.A.","E","HEM2025",1,"Asplenium monanthes",15.2567777777778,-92.2239722222222,"2013-02-04","change1: Filled coordinateUncertaintyInMeters from decimal-place precision (conservative). | epi_taxo: acceptedName(match1); authorship_epig(match1); genus_from_scientificName; family_WFO; order_majorGroup_WCVP [2026-03-11] | CoordinateCleaner QA applied without sea test (validity, equal, zeros, capitals, centroids, gbif, institutions) [2026-03-29]","standardized authors names in recordedBy / standardized authors names in identifiedBy","Colección","M.M.M. & M.D.E.M.","M.A. Pérez-Farrera"
"353","HEM2025_0353","PreservedSpecimen","Coleccion",NA,"UNICACH","SPECIES","HEM","M.M.M. | M.D.E.M.","734","N.M.M.","E","HEM2025",1,"Asplenium monanthes",15.2596666666667,-92.2186388888889,"2013-02-10","change1: Filled coordinateUncertaintyInMeters from decimal-place precision (conservative). | epi_taxo: acceptedName(match1); authorship_epig(match1); genus_from_scientificName; family_WFO; order_majorGroup_WCVP [2026-03-11] | CoordinateCleaner QA applied without sea test (validity, equal, zeros, capitals, centroids, gbif, institutions) [2026-03-29]","standardized authors names in recordedBy","Colección","M.M.M. & M.D.E.M.","N.M.M."
"354","HEM2025_0354","PreservedSpecimen","Coleccion",NA,"UNICACH","SPECIES","HEM","M.M.M. | D.A.J.L.","3170","N.M.M.","E","HEM2025",1,"Asplenium monanthes",15.1418055555556,-92.13775,"2013-12-12","change1: Filled coordinateUncertaintyInMeters from decimal-place precision (conservative). | epi_taxo: acceptedName(match1); authorship_epig(match1); genus_from_scientificName; family_WFO; order_majorGroup_WCVP [2026-03-11] | CoordinateCleaner QA applied without sea test (validity, equal, zeros, capitals, centroids, gbif, institutions) [2026-03-29]","standardized authors names in recordedBy","Colección","M.M.M. & D.A.J.L.","N.M.M."
"355","HEM2025_0355","PreservedSpecimen","Coleccion",NA,"UNICACH","SPECIES","HEM","M.M.M. | M.C.R.M.","5093","N.M.M.","E","HEM2025",1,"Asplenium monanthes",15.0993611111111,-92.1659722222222,"2014-09-16","change1: Filled coordinateUncertaintyInMeters from decimal-place precision (conservative). | epi_taxo: acceptedName(match1); authorship_epig(match1); genus_from_scientificName; family_WFO; order_majorGroup_WCVP [2026-03-11] | CoordinateCleaner QA applied without sea test (validity, equal, zeros, capitals, centroids, gbif, institutions) [2026-03-29]","standardized authors names in recordedBy","Colección","M.M.M. & M.C.R.M.","N.M.M."
"356","HEM2025_0356","PreservedSpecimen","Coleccion",NA,"UNICACH","SPECIES","HEM","N.G.A.","10","Perez-Farrera, M.A.","E","HEM2025",1,"Asplenium monanthes",16.7775,-92.6608333333333,"2003-05-18","change1: Filled coordinateUncertaintyInMeters from decimal-place precision (conservative). | epi_taxo: acceptedName(match1); authorship_epig(match1); genus_from_scientificName; family_WFO; order_majorGroup_WCVP [2026-03-11] | CoordinateCleaner QA applied without sea test (validity, equal, zeros, capitals, centroids, gbif, institutions) [2026-03-29]","standardized authors names in identifiedBy","Colección","N.G.A.","M.A. Pérez-Farrera"
"357","HEM2025_0357","PreservedSpecimen","Coleccion",NA,"UNICACH","SPECIES","HEM","N.G.A.","10","Perez-Farrera, M.A.","E","HEM2025",1,"Asplenium monanthes",16.7775,-92.6608333333333,"2003-05-18","change1: Filled coordinateUncertaintyInMeters from decimal-place precision (conservative). | epi_taxo: acceptedName(match1); authorship_epig(match1); genus_from_scientificName; family_WFO; order_majorGroup_WCVP [2026-03-11] | CoordinateCleaner QA applied without sea test (validity, equal, zeros, capitals, centroids, gbif, institutions) [2026-03-29]","standardized authors names in identifiedBy","Colección","N.G.A.","M.A. Pérez-Farrera"
"358","HEM2025_0358","PreservedSpecimen","Coleccion",NA,"UNICACH","SPECIES","HEM","A.M.G. | G.U. | E.M.S.","155","Perez-Farrera, M.A.","E","HEM2025",1,"Asplenium monodon",16.8211111111111,-90.8877777777778,"1987-05-26","change1: Filled coordinateUncertaintyInMeters from decimal-place precision (conservative). | epi_taxo: acceptedName(match1); authorship_epig(match1); genus_from_scientificName; family_WFO; order_majorGroup_WCVP [2026-03-11] | CoordinateCleaner QA applied without sea test (validity, equal, zeros, capitals, centroids, gbif, institutions) [2026-03-29]","standardized authors names in recordedBy / standardized authors names in identifiedBy","Colección","A.M.G. & G.U. & E.M.S.","M.A. Pérez-Farrera"
"359","HEM2025_0359","PreservedSpecimen","Coleccion",NA,"UNICACH","SPECIES","HEM","M.M.M. | M.D.E.M.","1375","N.M.M. | J.M.M.","E","HEM2025",1,"Asplenium monodon",15.0844166666667,-92.10275,"2013-04-30","change1: Filled coordinateUncertaintyInMeters from decimal-place precision (conservative). | epi_taxo: acceptedName(match1); authorship_epig(match1); genus_from_scientificName; family_WFO; order_majorGroup_WCVP [2026-03-11] | CoordinateCleaner QA applied without sea test (validity, equal, zeros, capitals, centroids, gbif, institutions) [2026-03-29]","standardized authors names in recordedBy / standardized authors names in identifiedBy","Colección","M.M.M. & M.D.E.M.","N.M.M. & J.M.M."
"360","HEM2025_0360","PreservedSpecimen","Coleccion",NA,"UNICACH","SPECIES","HEM","M.M.M. | M.C.R.M.","2484","Perez-Farrera, M.A.","E","HEM2025",1,"Asplenium monodon",15.1533333333333,-92.1438611111111,"2013-11-13","change1: Filled coordinateUncertaintyInMeters from decimal-place precision (conservative). | epi_taxo: acceptedName(match1); authorship_epig(match1); genus_from_scientificName; family_WFO; order_majorGroup_WCVP [2026-03-11] | CoordinateCleaner QA applied without sea test (validity, equal, zeros, capitals, centroids, gbif, institutions) [2026-03-29]","standardized authors names in recordedBy / standardized authors names in identifiedBy","Colección","M.M.M. & M.C.R.M.","M.A. Pérez-Farrera"
"361","HEM2025_0361","PreservedSpecimen","Coleccion",NA,"UNICACH","SPECIES","HEM","M.M.M. | D.A.J.L. | R.J.R.V.","5486","N.M.M.","E","HEM2025",1,"Asplenium monodon",15.1071944444444,-92.1756666666667,"2015-03-25","change1: Filled coordinateUncertaintyInMeters from decimal-place precision (conservative). | epi_taxo: acceptedName(match1); authorship_epig(match1); genus_from_scientificName; family_WFO; order_majorGroup_WCVP [2026-03-11] | CoordinateCleaner QA applied without sea test (validity, equal, zeros, capitals, centroids, gbif, institutions) [2026-03-29]","standardized authors names in recordedBy","Colección","M.M.M. & D.A.J.L. & R.J.R.V.","N.M.M."
"362","HEM2025_0362","PreservedSpecimen","Coleccion",NA,"UNICACH","SPECIES","HEM","Perez-Farrera, M.A.","1988a","Perez-Farrera, M.A.","E","HEM2025",1,"Asplenium monodon",16.9441666666667,-92.5275,"1999-05-26","change1: Filled coordinateUncertaintyInMeters from decimal-place precision (conservative). | epi_taxo: acceptedName(match1); authorship_epig(match1); genus_from_scientificName; family_WFO; order_majorGroup_WCVP [2026-03-11] | CoordinateCleaner QA applied without sea test (validity, equal, zeros, capitals, centroids, gbif, institutions) [2026-03-29]","standardized authors names in recordedBy / standardized authors names in identifiedBy","Colección","M.A. Pérez-Farrera","M.A. Pérez-Farrera"
"363","HEM2025_0363","PreservedSpecimen","Coleccion",NA,"UNICACH","SPECIES","HEM","Perez-Farrera, M.A.","1988a","Perez-Farrera, M.A.","E","HEM2025",1,"Asplenium monodon",16.9441666666667,-92.5275,"1999-05-26","change1: Filled coordinateUncertaintyInMeters from decimal-place precision (conservative). | epi_taxo: acceptedName(match1); authorship_epig(match1); genus_from_scientificName; family_WFO; order_majorGroup_WCVP [2026-03-11] | CoordinateCleaner QA applied without sea test (validity, equal, zeros, capitals, centroids, gbif, institutions) [2026-03-29]","standardized authors names in recordedBy / standardized authors names in identifiedBy","Colección","M.A. Pérez-Farrera","M.A. Pérez-Farrera"
"364","HEM2025_0364","PreservedSpecimen","Coleccion",NA,"UNICACH","SPECIES","HEM","M.E.L.M.","28","M.E.L.M.","E","HEM2025",1,"Asplenium palmeri",15.8530555555556,-93.1511111111111,"1998-01-22","change1: Filled coordinateUncertaintyInMeters from decimal-place precision (conservative). | epi_taxo: acceptedName(match1); authorship_epig(match1); genus_from_scientificName; family_WFO; order_majorGroup_WCVP [2026-03-11] | CoordinateCleaner QA applied without sea test (validity, equal, zeros, capitals, centroids, gbif, institutions) [2026-03-29]","","Colección","M.E.L.M.","M.E.L.M."
"365","HEM2025_0365","PreservedSpecimen","Coleccion",NA,"UNICACH","SPECIES","HEM","P.S.","12","M.E.L.M.","E","HEM2025",1,"Asplenium polyphyllum",16.0791666666667,-91.6708333333333,"2003-08-05","change1: Filled coordinateUncertaintyInMeters from decimal-place precision (conservative). | epi_taxo: acceptedName(match1); authorship_epig(match1); genus_from_scientificName; family_WFO; order_majorGroup_WCVP [2026-03-11] | CoordinateCleaner QA applied without sea test (validity, equal, zeros, capitals, centroids, gbif, institutions) [2026-03-29]","","Colección","P.S.","M.E.L.M."
"366","HEM2025_0366","PreservedSpecimen","Coleccion",NA,"UNICACH","SPECIES","HEM","E.M.S. | A.M.G. | G.U. | M.R.","19597","M.E.L.M.","E","HEM2025",1,"Asplenium polyphyllum",15.1275,-92.1108333333333,"1987-02-06","change1: Filled coordinateUncertaintyInMeters from decimal-place precision (conservative). | epi_taxo: acceptedName(match1); authorship_epig(match1); genus_from_scientificName; family_WFO; order_majorGroup_WCVP [2026-03-11] | CoordinateCleaner QA applied without sea test (validity, equal, zeros, capitals, centroids, gbif, institutions) [2026-03-29]","standardized authors names in recordedBy","Colección","E.M.S. & A.M.G. & G.U. & M.R.","M.E.L.M."
"367","HEM2025_0367","PreservedSpecimen","Coleccion",NA,"UNICACH","SPECIES","HEM","Perez-Farrera, M.A.","2994","Perez-Farrera, M.A.","E","HEM2025",1,"Asplenium praemorsum",16.2100555555556,-93.5839166666667,"2006-08-10","change1: Filled coordinateUncertaintyInMeters from decimal-place precision (conservative). | epi_taxo: acceptedName(match1); authorship_epig(match1); genus_from_scientificName; family_WFO; order_majorGroup_WCVP [2026-03-11] | CoordinateCleaner QA applied without sea test (validity, equal, zeros, capitals, centroids, gbif, institutions) [2026-03-29]","standardized authors names in recordedBy / standardized authors names in identifiedBy","Colección","M.A. Pérez-Farrera","M.A. Pérez-Farrera"
"368","HEM2025_0368","PreservedSpecimen","Coleccion",NA,"UNICACH","SPECIES","HEM","M.A.B.R.","137","M.A.B.R.","E","HEM2025",1,"Asplenium praemorsum",17.0168333333333,-93.1320944444444,"2009-09-15","change1: Filled coordinateUncertaintyInMeters from decimal-place precision (conservative). | epi_taxo: acceptedName(match1); authorship_epig(match1); genus_from_scientificName; family_WFO; order_majorGroup_WCVP [2026-03-11] | CoordinateCleaner QA applied without sea test (validity, equal, zeros, capitals, centroids, gbif, institutions) [2026-03-29]","","Colección","M.A.B.R.","M.A.B.R."
"369","HEM2025_0369","PreservedSpecimen","Coleccion",NA,"UNICACH","SPECIES","HEM","T.E.C.C.","88","G.Y.P.L","E","HEM2025",1,"Asplenium praemorsum",16.7866111111111,-94.0265833333333,"2007-07-06","change1: Filled coordinateUncertaintyInMeters from decimal-place precision (conservative). | epi_taxo: acceptedName(match1); authorship_epig(match1); genus_from_scientificName; family_WFO; order_majorGroup_WCVP [2026-03-11] | CoordinateCleaner QA applied without sea test (validity, equal, zeros, capitals, centroids, gbif, institutions) [2026-03-29]","standardized authors names in recordedBy","Colección","T.E.C.C","G.Y.P.L"
"370","HEM2025_0370","PreservedSpecimen","Coleccion",NA,"UNICACH","SPECIES","HEM","D.O.C.O.","21","Perez-Farrera, M.A.","E","HEM2025",1,"Asplenium praemorsum",16.7288888888889,-92.6952777777778,"1997-12-06","change1: Filled coordinateUncertaintyInMeters from decimal-place precision (conservative). | epi_taxo: acceptedName(match1); authorship_epig(match1); genus_from_scientificName; family_WFO; order_majorGroup_WCVP [2026-03-11] | CoordinateCleaner QA applied without sea test (validity, equal, zeros, capitals, centroids, gbif, institutions) [2026-03-29]","standardized authors names in identifiedBy","Colección","D.O.C.O.","M.A. Pérez-Farrera"
"371","HEM2025_0371","PreservedSpecimen","Coleccion",NA,"UNICACH","SPECIES","HEM","C.A.Z.M.","17","Perez-Farrera, M.A.","E","HEM2025",1,"Asplenium praemorsum",16.8716666666667,-92.4769444444444,"2003-05-17","change1: Filled coordinateUncertaintyInMeters from decimal-place precision (conservative). | epi_taxo: acceptedName(match1); authorship_epig(match1); genus_from_scientificName; family_WFO; order_majorGroup_WCVP [2026-03-11] | CoordinateCleaner QA applied without sea test (validity, equal, zeros, capitals, centroids, gbif, institutions) [2026-03-29]","standardized authors names in identifiedBy","Colección","C.A.Z.M.","M.A. Pérez-Farrera"
"372","HEM2025_0372","PreservedSpecimen","Coleccion",NA,"UNICACH","SPECIES","HEM","C.A.Z.M.","17","Perez-Farrera, M.A.","E","HEM2025",1,"Asplenium praemorsum",16.8716666666667,-92.4769444444444,"2003-05-17","change1: Filled coordinateUncertaintyInMeters from decimal-place precision (conservative). | epi_taxo: acceptedName(match1); authorship_epig(match1); genus_from_scientificName; family_WFO; order_majorGroup_WCVP [2026-03-11] | CoordinateCleaner QA applied without sea test (validity, equal, zeros, capitals, centroids, gbif, institutions) [2026-03-29]","standardized authors names in identifiedBy","Colección","C.A.Z.M.","M.A. Pérez-Farrera"
"373","HEM2025_0373","PreservedSpecimen","Coleccion",NA,"UNICACH","SPECIES","HEM","M.M.M. | N.M.M. | R.J.R.V. | E.C.N.","4199","Perez-Farrera, M.A.","E","HEM2025",1,"Asplenium pteropus",15.0893888888889,-92.1465555555556,"2014-06-17","change1: Filled coordinateUncertaintyInMeters from decimal-place precision (conservative). | epi_taxo: acceptedName(match1); authorship_epig(match1); genus_from_scientificName; family_WFO; order_majorGroup_WCVP [2026-03-11] | CoordinateCleaner QA applied without sea test (validity, equal, zeros, capitals, centroids, gbif, institutions) [2026-03-29]","standardized authors names in recordedBy / standardized authors names in identifiedBy","Colección","M.M.M. & N.M.M. & R.J.R.V. & E.C.N.","M.A. Pérez-Farrera"
"374","HEM2025_0374","PreservedSpecimen","Coleccion",NA,"UNICACH","SPECIES","HEM","Perez-Farrera, M.A.","1087","M.E.L.M.","E","HEM2025",1,"Asplenium radicans",15.6166666666667,-92.8,"1996-08-10","change1: Filled coordinateUncertaintyInMeters from decimal-place precision (conservative). | epi_taxo: acceptedName(match1); authorship_epig(match1); genus_from_scientificName; family_WFO; order_majorGroup_WCVP [2026-03-11] | CoordinateCleaner QA applied without sea test (validity, equal, zeros, capitals, centroids, gbif, institutions) [2026-03-29]","standardized authors names in recordedBy","Colección","M.A. Pérez-Farrera","M.E.L.M."
"375","HEM2025_0375","PreservedSpecimen","Coleccion",NA,"UNICACH","SPECIES","HEM","R.O.","89","Perez-Farrera, M.A.","E","HEM2025",1,"Asplenium radicans",15.4805555555556,-92.6055555555556,"1999-01-27","change1: Filled coordinateUncertaintyInMeters from decimal-place precision (conservative). | epi_taxo: acceptedName(match1); authorship_epig(match1); genus_from_scientificName; family_WFO; order_majorGroup_WCVP [2026-03-11] | CoordinateCleaner QA applied without sea test (validity, equal, zeros, capitals, centroids, gbif, institutions) [2026-03-29]","standardized authors names in identifiedBy","Colección","R.O.","M.A. Pérez-Farrera"
"376","HEM2025_0376","PreservedSpecimen","Coleccion",NA,"UNICACH","SPECIES","HEM","R.J.C.T.","14","Smith, A.","E","HEM2025",1,"Asplenium resiliens",16.6866666666667,-92.5925,"2003-05-12","change1: Filled coordinateUncertaintyInMeters from decimal-place precision (conservative). | epi_taxo: acceptedName(match1); authorship_epig(match1); genus_from_scientificName; family_WFO; order_majorGroup_WCVP [2026-03-11] | CoordinateCleaner QA applied without sea test (validity, equal, zeros, capitals, centroids, gbif, institutions) [2026-03-29]","standardized authors names in identifiedBy","Colección","R.J.C.T.","A. Smith"
"377","HEM2025_0377","PreservedSpecimen","Coleccion",NA,"UNICACH","SPECIES","HEM","A.E.G.C.","17","Perez-Farrera, M.A.","E","HEM2025",1,"Asplenium resiliens",16.7608333333333,-92.6333333333333,"2003-05-11","change1: Filled coordinateUncertaintyInMeters from decimal-place precision (conservative). | epi_taxo: acceptedName(match1); authorship_epig(match1); genus_from_scientificName; family_WFO; order_majorGroup_WCVP [2026-03-11] | CoordinateCleaner QA applied without sea test (validity, equal, zeros, capitals, centroids, gbif, institutions) [2026-03-29]","standardized authors names in identifiedBy","Colección","A.E.G.C.","M.A. Pérez-Farrera"
"378","HEM2025_0378","PreservedSpecimen","Coleccion",NA,"UNICACH","SPECIES","HEM","A.E.G.C.","17","Perez-Farrera, M.A.","E","HEM2025",1,"Asplenium resiliens",16.7608333333333,-92.6333333333333,"2003-05-11","change1: Filled coordinateUncertaintyInMeters from decimal-place precision (conservative). | epi_taxo: acceptedName(match1); authorship_epig(match1); genus_from_scientificName; family_WFO; order_majorGroup_WCVP [2026-03-11] | CoordinateCleaner QA applied without sea test (validity, equal, zeros, capitals, centroids, gbif, institutions) [2026-03-29]","standardized authors names in identifiedBy","Colección","A.E.G.C.","M.A. Pérez-Farrera"
"379","HEM2025_0379","PreservedSpecimen","Coleccion",NA,"UNICACH","SPECIES","HEM","T.B.C.","47144","C.D.A.","E","HEM2025",1,"Asplenium seileri",15.0925,-92.1244444444444,"1979-02-10","change1: Filled coordinateUncertaintyInMeters from decimal-place precision (conservative). | epi_taxo: acceptedName(match1); authorship_epig(match1); genus_from_scientificName; family_WFO; order_majorGroup_WCVP [2026-03-11] | CoordinateCleaner QA applied without sea test (validity, equal, zeros, capitals, centroids, gbif, institutions) [2026-03-29]","","Colección","T.B.C.","C.D.A."
"380","HEM2025_0380","PreservedSpecimen","Coleccion",NA,"UNICACH","SPECIES","HEM","M.E.L.M.","107","M.E.L.M.","E","HEM2025",1,"Asplenium serra",15.6638888888889,-92.8202777777778,"1998-02-25","change1: Filled coordinateUncertaintyInMeters from decimal-place precision (conservative). | epi_taxo: acceptedName(match1); authorship_epig(match1); genus_from_scientificName; family_WFO; order_majorGroup_WCVP [2026-03-11] | CoordinateCleaner QA applied without sea test (validity, equal, zeros, capitals, centroids, gbif, institutions) [2026-03-29]","","Colección","M.E.L.M.","M.E.L.M."
"381","HEM2025_0381","PreservedSpecimen","Coleccion",NA,"UNICACH","SPECIES","HEM","M.E.L.M.","197","M.E.L.M.","E","HEM2025",1,"Asplenium serra",15.8388888888889,-93.0705555555556,"1999-02-11","change1: Filled coordinateUncertaintyInMeters from decimal-place precision (conservative). | epi_taxo: acceptedName(match1); authorship_epig(match1); genus_from_scientificName; family_WFO; order_majorGroup_WCVP [2026-03-11] | CoordinateCleaner QA applied without sea test (validity, equal, zeros, capitals, centroids, gbif, institutions) [2026-03-29]","","Colección","M.E.L.M.","M.E.L.M."
"382","HEM2025_0382","PreservedSpecimen","Coleccion",NA,"UNICACH","SPECIES","HEM","Camilo, R.M.","84","Perez-Farrera, M.A.","E","HEM2025",1,"Asplenium serra",15.7727777777778,-93.09,"2001-07-17","change1: Filled coordinateUncertaintyInMeters from decimal-place precision (conservative). | epi_taxo: acceptedName(match1); authorship_epig(match1); genus_from_scientificName; family_WFO; order_majorGroup_WCVP [2026-03-11] | CoordinateCleaner QA applied without sea test (validity, equal, zeros, capitals, centroids, gbif, institutions) [2026-03-29]","standardized authors names in recordedBy / standardized authors names in identifiedBy","Colección","R.M. Camilo","M.A. Pérez-Farrera"
"383","HEM2025_0383","PreservedSpecimen","Coleccion",NA,"UNICACH","SPECIES","HEM","N.M.M.","1761","Perez-Farrera, M.A.","E","HEM2025",1,"Asplenium serra",15.7230555555556,-93.0013888888889,"2006-10-13","change1: Filled coordinateUncertaintyInMeters from decimal-place precision (conservative). | epi_taxo: acceptedName(match1); authorship_epig(match1); genus_from_scientificName; family_WFO; order_majorGroup_WCVP [2026-03-11] | CoordinateCleaner QA applied without sea test (validity, equal, zeros, capitals, centroids, gbif, institutions) [2026-03-29]","standardized authors names in identifiedBy","Colección","N.M.M.","M.A. Pérez-Farrera"
"384","HEM2025_0384","PreservedSpecimen","Coleccion",NA,"UNICACH","SPECIES","HEM","N.M.M.","1771","Perez-Farrera, M.A.","E","HEM2025",1,"Asplenium serra",15.7230555555556,-93.0013888888889,"2006-10-13","change1: Filled coordinateUncertaintyInMeters from decimal-place precision (conservative). | epi_taxo: acceptedName(match1); authorship_epig(match1); genus_from_scientificName; family_WFO; order_majorGroup_WCVP [2026-03-11] | CoordinateCleaner QA applied without sea test (validity, equal, zeros, capitals, centroids, gbif, institutions) [2026-03-29]","standardized authors names in identifiedBy","Colección","N.M.M.","M.A. Pérez-Farrera"
"385","HEM2025_0385","PreservedSpecimen","Coleccion",NA,"UNICACH","SPECIES","HEM","J.M.M.","1646","J.M.M.","E","HEM2025",1,"Asplenium serra",15.6666666666667,-92.805,"2006-12-13","change1: Filled coordinateUncertaintyInMeters from decimal-place precision (conservative). | epi_taxo: acceptedName(match1); authorship_epig(match1); genus_from_scientificName; family_WFO; order_majorGroup_WCVP [2026-03-11] | CoordinateCleaner QA applied without sea test (validity, equal, zeros, capitals, centroids, gbif, institutions) [2026-03-29]","","Colección","J.M.M.","J.M.M."
"386","HEM2025_0386","PreservedSpecimen","Coleccion",NA,"UNICACH","SPECIES","HEM","M.M.M. | Camilo, R.M.","1160","N.M.M. | J.M.M.","E","HEM2025",1,"Asplenium serra",15.1126388888889,-92.0980555555555,"2013-04-04","change1: Filled coordinateUncertaintyInMeters from decimal-place precision (conservative). | epi_taxo: acceptedName(match1); authorship_epig(match1); genus_from_scientificName; family_WFO; order_majorGroup_WCVP [2026-03-11] | CoordinateCleaner QA applied without sea test (validity, equal, zeros, capitals, centroids, gbif, institutions) [2026-03-29]","standardized authors names in recordedBy / standardized authors names in identifiedBy","Colección","M.M.M. & R.M. Camilo","N.M.M. & J.M.M."
"387","HEM2025_0387","PreservedSpecimen","Coleccion",NA,"UNICACH","SPECIES","HEM","M.A.R.","87","Perez-Farrera, M.A.","E","HEM2025",1,"Asplenium serra",15.4805555555556,-92.6055555555556,"1999-01-27","change1: Filled coordinateUncertaintyInMeters from decimal-place precision (conservative). | epi_taxo: acceptedName(match1); authorship_epig(match1); genus_from_scientificName; family_WFO; order_majorGroup_WCVP [2026-03-11] | CoordinateCleaner QA applied without sea test (validity, equal, zeros, capitals, centroids, gbif, institutions) [2026-03-29]","standardized authors names in identifiedBy","Colección","M.A.R.","M.A. Pérez-Farrera"
"388","HEM2025_0388","PreservedSpecimen","Coleccion",NA,"UNICACH","SPECIES","HEM","M.M.M. | D.A.J.L.","3228","N.M.M.","E","HEM2025",1,"Asplenium serra",15.1439444444444,-92.1372777777778,"2013-12-13","change1: Filled coordinateUncertaintyInMeters from decimal-place precision (conservative). | epi_taxo: acceptedName(match1); authorship_epig(match1); genus_from_scientificName; family_WFO; order_majorGroup_WCVP [2026-03-11] | CoordinateCleaner QA applied without sea test (validity, equal, zeros, capitals, centroids, gbif, institutions) [2026-03-29]","standardized authors names in recordedBy","Colección","M.M.M. & D.A.J.L.","N.M.M."
"389","HEM2025_0389","PreservedSpecimen","Coleccion",NA,"UNICACH","SPECIES","HEM","F.E.P.C. | P.C.","87","Perez-Farrera, M.A.","E","HEM2025",1,"Asplenium serra",15.4805555555556,-92.6055555555556,"1999-01-27","change1: Filled coordinateUncertaintyInMeters from decimal-place precision (conservative). | epi_taxo: acceptedName(match1); authorship_epig(match1); genus_from_scientificName; family_WFO; order_majorGroup_WCVP [2026-03-11] | CoordinateCleaner QA applied without sea test (validity, equal, zeros, capitals, centroids, gbif, institutions) [2026-03-29]","standardized authors names in recordedBy / standardized authors names in identifiedBy","Colección","F.E.P.C. & P.C.","M.A. Pérez-Farrera"
"390","HEM2025_0390","PreservedSpecimen","Coleccion",NA,"UNICACH","SPECIES","HEM","Chagala, J.L.","85","M.E.L.M.","E","HEM2025",1,"Asplenium solmsii",15.5750277777778,-92.7436944444444,"","change1: Filled coordinateUncertaintyInMeters from decimal-place precision (conservative). | epi_taxo: acceptedName(match1); authorship_epig(match1); genus_from_scientificName; family_WFO; order_majorGroup_WCVP [2026-03-11] | CoordinateCleaner QA applied without sea test (validity, equal, zeros, capitals, centroids, gbif, institutions) [2026-03-29]","standardized authors names in recordedBy","Colección","J.L. Chagala","M.E.L.M."
"391","HEM2025_0391","PreservedSpecimen","Coleccion",NA,"UNICACH","GENUS","HEM","N.M.M.","494","Perez-Farrera, M.A.","E","HEM2025",NA,"",16.8926944444444,-93.3419166666667,"2004-10-15","change1: Genus placeholder (sp./spp.): moved to 'genus', set taxonRank=GENUS, cleared scientificName; kept original in verbatim. | change2: Filled coordinateUncertaintyInMeters from decimal-place precision (conservative). | epi_taxo: acceptedName(match1); authorship_epig(match1); genus_from_scientificName; family_WFO; order_majorGroup_WCVP [2026-03-11] | CoordinateCleaner QA applied without sea test (validity, equal, zeros, capitals, centroids, gbif, institutions) [2026-03-29]","standardized authors names in identifiedBy","Colección","N.M.M.","M.A. Pérez-Farrera"
"392","HEM2025_0392","PreservedSpecimen","Coleccion",NA,"UNICACH","GENUS","HEM","S.F.A.","15","S.F.A.","E","HEM2025",NA,"",16.8186388888889,-93.2767833333333,"2010-09-04","change1: Genus placeholder (sp./spp.): moved to 'genus', set taxonRank=GENUS, cleared scientificName; kept original in verbatim. | change2: Filled coordinateUncertaintyInMeters from decimal-place precision (conservative). | epi_taxo: acceptedName(match1); authorship_epig(match1); genus_from_scientificName; family_WFO; order_majorGroup_WCVP [2026-03-11] | CoordinateCleaner QA applied without sea test (validity, equal, zeros, capitals, centroids, gbif, institutions) [2026-03-29]","","Colección","S.F.A.","S.F.A."
"393","HEM2025_0393","PreservedSpecimen","Coleccion",NA,"UNICACH","SPECIES","HEM","Camilo, R.M.","109","Perez-Farrera, M.A.","E","HEM2025",1,"Asplenium sphaerosporum",15.7727777777778,-93.09,"2001-07-17","change1: Filled coordinateUncertaintyInMeters from decimal-place precision (conservative). | epi_taxo: acceptedName(match1); authorship_epig(match1); genus_from_scientificName; family_WFO; order_majorGroup_WCVP [2026-03-11] | CoordinateCleaner QA applied without sea test (validity, equal, zeros, capitals, centroids, gbif, institutions) [2026-03-29]","standardized authors names in recordedBy / standardized authors names in identifiedBy","Colección","R.M. Camilo","M.A. Pérez-Farrera"
"394","HEM2025_0394","PreservedSpecimen","Coleccion",NA,"UNICACH","SPECIES","HEM","M.M.M. | M.A.D.V.","2134","N.M.M.","E","HEM2025",1,"Asplenium sphaerosporum",15.04225,-92.1473611111111,"2013-06-28","change1: Filled coordinateUncertaintyInMeters from decimal-place precision (conservative). | epi_taxo: acceptedName(match1); authorship_epig(match1); genus_from_scientificName; family_WFO; order_majorGroup_WCVP [2026-03-11] | CoordinateCleaner QA applied without sea test (validity, equal, zeros, capitals, centroids, gbif, institutions) [2026-03-29]","standardized authors names in recordedBy","Colección","M.M.M. & M.A.D.V.","N.M.M."
"395","HEM2025_0395","PreservedSpecimen","Coleccion",NA,"UNICACH","SPECIES","HEM","M.M.M. | M.A.D.V.","2171","N.M.M.","E","HEM2025",1,"Asplenium sphaerosporum",15.0979166666667,-92.0847777777778,"2013-07-01","change1: Filled coordinateUncertaintyInMeters from decimal-place precision (conservative). | epi_taxo: acceptedName(match1); authorship_epig(match1); genus_from_scientificName; family_WFO; order_majorGroup_WCVP [2026-03-11] | CoordinateCleaner QA applied without sea test (validity, equal, zeros, capitals, centroids, gbif, institutions) [2026-03-29]","standardized authors names in recordedBy","Colección","M.M.M. & M.A.D.V.","N.M.M."
"396","HEM2025_0396","PreservedSpecimen","Coleccion",NA,"UNICACH","SPECIES","HEM","M.M.M. | A.L.C.","4868","N.M.M.","E","HEM2025",1,"Asplenium sphaerosporum",15.0942222222222,-92.1718611111111,"2014-08-15","change1: Filled coordinateUncertaintyInMeters from decimal-place precision (conservative). | epi_taxo: acceptedName(match1); authorship_epig(match1); genus_from_scientificName; family_WFO; order_majorGroup_WCVP [2026-03-11] | CoordinateCleaner QA applied without sea test (validity, equal, zeros, capitals, centroids, gbif, institutions) [2026-03-29]","standardized authors names in recordedBy","Colección","M.M.M. & A.L.C.","N.M.M."
"397","HEM2025_0397","PreservedSpecimen","Coleccion",NA,"UNICACH","SPECIES","HEM","M.M.M. | A.L.C.","4957","N.M.M.","E","HEM2025",1,"Asplenium sphaerosporum",15.1059166666667,-92.1953333333333,"2014-08-17","change1: Filled coordinateUncertaintyInMeters from decimal-place precision (conservative). | epi_taxo: acceptedName(match1); authorship_epig(match1); genus_from_scientificName; family_WFO; order_majorGroup_WCVP [2026-03-11] | CoordinateCleaner QA applied without sea test (validity, equal, zeros, capitals, centroids, gbif, institutions) [2026-03-29]","standardized authors names in recordedBy","Colección","M.M.M. & A.L.C.","N.M.M."
"398","HEM2025_0398","PreservedSpecimen","Coleccion",NA,"UNICACH","SPECIES","HEM","Camilo, R.M. | M.I.L.R. | N.A.F.R.","2341","N.M.M.","E","HEM2025",1,"Asplenium sphaerosporum",15.0905833333333,-92.1476388888889,"2014-07-06","change1: Filled coordinateUncertaintyInMeters from decimal-place precision (conservative). | epi_taxo: acceptedName(match1); authorship_epig(match1); genus_from_scientificName; family_WFO; order_majorGroup_WCVP [2026-03-11] | CoordinateCleaner QA applied without sea test (validity, equal, zeros, capitals, centroids, gbif, institutions) [2026-03-29]","standardized authors names in recordedBy","Colección","R.M. Camilo & M.I.L.R. & N.A.F.R.","N.M.M."
"399","HEM2025_0399","PreservedSpecimen","Coleccion",NA,"UNICACH","SPECIES","HEM","M.M.M. | M.C.R.M.","5261","N.M.M.","E","HEM2025",1,"Asplenium sphaerosporum",15.1086388888889,-92.1911666666667,"2014-09-20","change1: Filled coordinateUncertaintyInMeters from decimal-place precision (conservative). | epi_taxo: acceptedName(match1); authorship_epig(match1); genus_from_scientificName; family_WFO; order_majorGroup_WCVP [2026-03-11] | CoordinateCleaner QA applied without sea test (validity, equal, zeros, capitals, centroids, gbif, institutions) [2026-03-29]","standardized authors names in recordedBy","Colección","M.M.M. & M.C.R.M.","N.M.M."
"400","HEM2025_0400","PreservedSpecimen","Coleccion",NA,"UNICACH","SPECIES","HEM","M.M.M. | M.C.R.M.","5265","N.M.M.","E","HEM2025",1,"Asplenium sphaerosporum",15.1086388888889,-92.1911666666667,"2014-09-20","change1: Filled coordinateUncertaintyInMeters from decimal-place precision (conservative). | epi_taxo: acceptedName(match1); authorship_epig(match1); genus_from_scientificName; family_WFO; order_majorGroup_WCVP [2026-03-11] | CoordinateCleaner QA applied without sea test (validity, equal, zeros, capitals, centroids, gbif, institutions) [2026-03-29]","standardized authors names in recordedBy","Colección","M.M.M. & M.C.R.M.","N.M.M."
"401","HEM2025_0401","PreservedSpecimen","Coleccion",NA,"UNICACH","SPECIES","HEM","M.M.M. | M.C.R.M.","5283","N.M.M.","E","HEM2025",1,"Asplenium sphaerosporum",15.0908888888889,-92.1786666666667,"2014-09-16","change1: Filled coordinateUncertaintyInMeters from decimal-place precision (conservative). | epi_taxo: acceptedName(match1); authorship_epig(match1); genus_from_scientificName; family_WFO; order_majorGroup_WCVP [2026-03-11] | CoordinateCleaner QA applied without sea test (validity, equal, zeros, capitals, centroids, gbif, institutions) [2026-03-29]","standardized authors names in recordedBy","Colección","M.M.M. & M.C.R.M.","N.M.M."
"402","HEM2025_0402","PreservedSpecimen","Coleccion",NA,"UNICACH","SPECIES","HEM","M.M.M. | M.C.R.M.","5237","N.M.M.","E","HEM2025",1,"Asplenium sphaerosporum",15.1086388888889,-92.1911666666667,"2014-09-20","change1: Filled coordinateUncertaintyInMeters from decimal-place precision (conservative). | epi_taxo: acceptedName(match1); authorship_epig(match1); genus_from_scientificName; family_WFO; order_majorGroup_WCVP [2026-03-11] | CoordinateCleaner QA applied without sea test (validity, equal, zeros, capitals, centroids, gbif, institutions) [2026-03-29]","standardized authors names in recordedBy","Colección","M.M.M. & M.C.R.M.","N.M.M."
"403","HEM2025_0403","PreservedSpecimen","Coleccion",NA,"UNICACH","SPECIES","HEM","G.U. | E.M.S. | A.M.G.","95-bis","Perez-Farrera, M.A.","E","HEM2025",1,"Asplenium sphaerosporum",16.9913888888889,-91.6227777777778,"1987-05-24","change1: Filled coordinateUncertaintyInMeters from decimal-place precision (conservative). | epi_taxo: acceptedName(match1); authorship_epig(match1); genus_from_scientificName; family_WFO; order_majorGroup_WCVP [2026-03-11] | CoordinateCleaner QA applied without sea test (validity, equal, zeros, capitals, centroids, gbif, institutions) [2026-03-29]","standardized authors names in recordedBy / standardized authors names in identifiedBy","Colección","G.U. & E.M.S. & A.M.G.","M.A. Pérez-Farrera"
"404","HEM2025_0404","PreservedSpecimen","Coleccion",NA,"UNICACH","SPECIES","HEM","M.M.M. | M.C.R.M.","2979","N.M.M.","E","HEM2025",1,"Asplenium uniseriale",15.1627222222222,-92.1505277777778,"2013-12-02","change1: Filled coordinateUncertaintyInMeters from decimal-place precision (conservative). | epi_taxo: acceptedName(match1); authorship_epig(match1); genus_from_scientificName; family_WFO; order_majorGroup_WCVP [2026-03-11] | CoordinateCleaner QA applied without sea test (validity, equal, zeros, capitals, centroids, gbif, institutions) [2026-03-29]","standardized authors names in recordedBy","Colección","M.M.M. & M.C.R.M.","N.M.M."
"405","HEM2025_0405","PreservedSpecimen","Coleccion",NA,"UNICACH","SPECIES","HEM","R.R.S.","524","J.M.M.","E","HEM2025",1,"Neomirandea ovandensis",15.6396388888889,-92.6553611111111,"2005-01-17","change1: Filled coordinateUncertaintyInMeters from decimal-place precision (conservative). | epi_taxo: acceptedName(match1); authorship_epig(match1); genus_from_scientificName; family_WFO; order_majorGroup_WCVP [2026-03-11] | CoordinateCleaner QA applied without sea test (validity, equal, zeros, capitals, centroids, gbif, institutions) [2026-03-29]","","Colección","R.R.S.","J.M.M."
"406","HEM2025_0406","PreservedSpecimen","Coleccion",NA,"UNICACH","SPECIES","HEM","H.G.D.","ND","J.M.M.","E","HEM2025",1,"Neomirandea ovandensis",15.6422222222222,-92.6722222222222,"2005-01-15","change1: Filled coordinateUncertaintyInMeters from decimal-place precision (conservative). | epi_taxo: acceptedName(match1); authorship_epig(match1); genus_from_scientificName; family_WFO; order_majorGroup_WCVP [2026-03-11] | CoordinateCleaner QA applied without sea test (validity, equal, zeros, capitals, centroids, gbif, institutions) [2026-03-29]","","Colección","H.G.D.","J.M.M."
"407","HEM2025_0407","PreservedSpecimen","Coleccion",NA,"UNICACH","SPECIES","HEM","M.E.L.M.","398","F.R.M.","HE","HEM2025",1,"Chromolaena odorata",15.8541666666667,-93.2180555555556,"1999-05-26","change1: Filled coordinateUncertaintyInMeters from decimal-place precision (conservative). | epi_taxo: acceptedName(match1); authorship_epig(match1); genus_from_scientificName; family_WFO; order_majorGroup_WCVP [2026-03-11] | CoordinateCleaner QA applied without sea test (validity, equal, zeros, capitals, centroids, gbif, institutions) [2026-03-29]","","Colección","M.E.L.M.","F.R.M."
"408","HEM2025_0408","PreservedSpecimen","Coleccion",NA,"UNICACH","SPECIES","HEM","M.M.M. | M.C.R.M.","2947","N.M.M.","HE","HEM2025",1,"Neomirandea ovandensis",15.1453333333333,-92.1408333333333,"2013-12-01","change1: Filled coordinateUncertaintyInMeters from decimal-place precision (conservative). | epi_taxo: acceptedName(match1); authorship_epig(match1); genus_from_scientificName; family_WFO; order_majorGroup_WCVP [2026-03-11] | CoordinateCleaner QA applied without sea test (validity, equal, zeros, capitals, centroids, gbif, institutions) [2026-03-29]","standardized authors names in recordedBy","Colección","M.M.M. & M.C.R.M.","N.M.M."
"409","HEM2025_0409","PreservedSpecimen","Coleccion",NA,"UNICACH","SPECIES","HEM","M.M.M. | M.C.R.M.","3301","N.M.M.","HE","HEM2025",1,"Neomirandea ovandensis",15.1383333333333,-92.1394444444445,"2013-12-14","change1: Filled coordinateUncertaintyInMeters from decimal-place precision (conservative). | epi_taxo: acceptedName(match1); authorship_epig(match1); genus_from_scientificName; family_WFO; order_majorGroup_WCVP [2026-03-11] | CoordinateCleaner QA applied without sea test (validity, equal, zeros, capitals, centroids, gbif, institutions) [2026-03-29]","standardized authors names in recordedBy","Colección","M.M.M. & M.C.R.M.","N.M.M."
"410","HEM2025_0410","PreservedSpecimen","Coleccion",NA,"UNICACH","SPECIES","HEM","D.E.B.","58095","Almeda, F.","NV","HEM2025",3,"Pentacalia desiderabilis",15.4141666666667,-92.3136111111111,"1982-01-30","change1: Filled coordinateUncertaintyInMeters from decimal-place precision (conservative). | epi_taxo: acceptedName(match1); authorship_epig(match1); genus_from_scientificName; family_WFO; order_majorGroup_WCVP [2026-03-11] | CoordinateCleaner QA applied without sea test (validity, equal, zeros, capitals, centroids, gbif, institutions) [2026-03-29]","standardized authors names in identifiedBy","Colección","D.E.B.","F. Almeda"
"411","HEM2025_0411","PreservedSpecimen","Coleccion",NA,"UNICACH","SPECIES","HEM","D.E.B.","58206","Almeda, F.","NV","HEM2025",0,"",15.4313888888889,-92.3446111111111,"1982-01-31","change1: Filled coordinateUncertaintyInMeters from decimal-place precision (conservative). | epi_taxo: acceptedName(match1); authorship_epig(match1); genus_from_scientificName; family_WFO; order_majorGroup_WCVP [2026-03-11] | CoordinateCleaner QA applied without sea test (validity, equal, zeros, capitals, centroids, gbif, institutions) [2026-03-29]","standardized authors names in identifiedBy","Colección","D.E.B.","F. Almeda"
"412","HEM2025_0412","PreservedSpecimen","Coleccion",NA,"UNICACH","SPECIES","HEM","J.A.E.J.","700","J.A.E.J.","NV","HEM2025",1,"Sinclairia polyantha",16.8411111111111,-93.1322222222222,"2008-03-13","change1: Filled coordinateUncertaintyInMeters from decimal-place precision (conservative). | epi_taxo: acceptedName(match1); authorship_epig(match1); genus_from_scientificName; family_WFO; order_majorGroup_WCVP [2026-03-11] | CoordinateCleaner QA applied without sea test (validity, equal, zeros, capitals, centroids, gbif, institutions) [2026-03-29]","","Colección","J.A.E.J.","J.A.E.J."
"413","HEM2025_0413","PreservedSpecimen","Coleccion",NA,"UNICACH","SPECIES","HEM","J.P.V.H.","120","Perez-Farrera, M.A.","E","HEM2025",0,"",15.9727777777778,-93.4708333333333,"2002-10-12","change1: Filled coordinateUncertaintyInMeters from decimal-place precision (conservative). | epi_taxo: acceptedName(match1); authorship_epig(match1); genus_from_scientificName; family_WFO; order_majorGroup_WCVP [2026-03-11] | CoordinateCleaner QA applied without sea test (validity, equal, zeros, capitals, centroids, gbif, institutions) [2026-03-29]","standardized authors names in identifiedBy","Colección","J.P.V.H.","M.A. Pérez-Farrera"
"414","HEM2025_0414","PreservedSpecimen","Coleccion",NA,"UNICACH","SPECIES","HEM","Perez-Farrera, M.A.","1961","Perez-Farrera, M.A.","E","HEM2025",3,"Diplazium dilatatum",16.5108333333333,-94.1275,"1999-05-20","change1: Filled coordinateUncertaintyInMeters from decimal-place precision (conservative). | epi_taxo: acceptedName(match1); authorship_epig(match1); genus_from_scientificName; family_WFO; order_majorGroup_WCVP [2026-03-11] | CoordinateCleaner QA applied without sea test (validity, equal, zeros, capitals, centroids, gbif, institutions) [2026-03-29]","standardized authors names in recordedBy / standardized authors names in identifiedBy","Colección","M.A. Pérez-Farrera","M.A. Pérez-Farrera"
"415","HEM2025_0415","PreservedSpecimen","Coleccion",NA,"UNICACH","SPECIES","HEM","M.M.M. | M.D.E.M.","1266","Perez-Farrera, M.A.","E","HEM2025",3,"Diplazium hians",15.08625,-92.0986944444444,"2013-04-27","change1: Filled coordinateUncertaintyInMeters from decimal-place precision (conservative). | epi_taxo: acceptedName(match1); authorship_epig(match1); genus_from_scientificName; family_WFO; order_majorGroup_WCVP [2026-03-11] | CoordinateCleaner QA applied without sea test (validity, equal, zeros, capitals, centroids, gbif, institutions) [2026-03-29]","standardized authors names in recordedBy / standardized authors names in identifiedBy","Colección","M.M.M. & M.D.E.M.","M.A. Pérez-Farrera"
"416","HEM2025_0416","PreservedSpecimen","Coleccion",NA,"UNICACH","SPECIES","HEM","M.M.M. | N.M.M. | R.J.R.V. | E.C.N.","4416-BIS","Camilo, R.M.","E","HEM2025",3,"Asplenium salicifolium",15.0975833333333,-92.1434166666667,"2014-06-19","change1: Filled coordinateUncertaintyInMeters from decimal-place precision (conservative). | epi_taxo: acceptedName(match1); authorship_epig(match1); genus_from_scientificName; family_WFO; order_majorGroup_WCVP [2026-03-11] | CoordinateCleaner QA applied without sea test (validity, equal, zeros, capitals, centroids, gbif, institutions) [2026-03-29]","standardized authors names in recordedBy / standardized authors names in identifiedBy","Colección","M.M.M. & N.M.M. & R.J.R.V. & E.C.N.","R.M. Camilo"
"417","HEM2025_0417","PreservedSpecimen","Coleccion",NA,"UNICACH","SPECIES","HEM","M.M.M. | D.A.J.L.","3538","N.M.M.","E","HEM2025",3,"Asplenium cuneatum",15.1512777777778,-92.1338888888889,"2014-01-17","change1: Filled coordinateUncertaintyInMeters from decimal-place precision (conservative). | epi_taxo: acceptedName(match1); authorship_epig(match1); genus_from_scientificName; family_WFO; order_majorGroup_WCVP [2026-03-11] | CoordinateCleaner QA applied without sea test (validity, equal, zeros, capitals, centroids, gbif, institutions) [2026-03-29]","standardized authors names in recordedBy","Colección","M.M.M. & D.A.J.L.","N.M.M."
"418","HEM2025_0418","PreservedSpecimen","Coleccion",NA,"UNICACH","SPECIES","HEM","C.A.Z.M.","3","Perez-Farrera, M.A.","E","HEM2025",3,"Asplenium cuneatum",17.1291666666667,-93.1505555555556,"2003-03-22","change1: Filled coordinateUncertaintyInMeters from decimal-place precision (conservative). | epi_taxo: acceptedName(match1); authorship_epig(match1); genus_from_scientificName; family_WFO; order_majorGroup_WCVP [2026-03-11] | CoordinateCleaner QA applied without sea test (validity, equal, zeros, capitals, centroids, gbif, institutions) [2026-03-29]","standardized authors names in identifiedBy","Colección","C.A.Z.M.","M.A. Pérez-Farrera"
"419","HEM2025_0419","PreservedSpecimen","Coleccion",NA,"UNICACH","SPECIES","HEM","M.M.M. | M.C.R.M.","5110","N.M.M.","E","HEM2025",3,"Asplenium cuneatum",15.0993611111111,-92.1659722222222,"2014-09-16","change1: Filled coordinateUncertaintyInMeters from decimal-place precision (conservative). | epi_taxo: acceptedName(match1); authorship_epig(match1); genus_from_scientificName; family_WFO; order_majorGroup_WCVP [2026-03-11] | CoordinateCleaner QA applied without sea test (validity, equal, zeros, capitals, centroids, gbif, institutions) [2026-03-29]","standardized authors names in recordedBy","Colección","M.M.M. & M.C.R.M.","N.M.M."
"420","HEM2025_0420","PreservedSpecimen","Coleccion",NA,"UNICACH","SPECIES","HEM","M.M.M. | M.C.R.M.","2670","N.M.M.","HE","HEM2025",1,"Begonia plebeja",15.1569722222222,-92.1405555555556,"2013-11-16","change1: Filled coordinateUncertaintyInMeters from decimal-place precision (conservative). | epi_taxo: acceptedName(match1); authorship_epig(match1); genus_from_scientificName; family_WFO; order_majorGroup_WCVP [2026-03-11] | CoordinateCleaner QA applied without sea test (validity, equal, zeros, capitals, centroids, gbif, institutions) [2026-03-29]","standardized authors names in recordedBy","Colección","M.M.M. & M.C.R.M.","N.M.M."
"421","HEM2025_0421","PreservedSpecimen","Coleccion",NA,"UNICACH","SPECIES","HEM","M.M.M. | N.M.M. | R.J.R.V. | E.C.N.","4211","N.M.M.","HE","HEM2025",3,"Begonia preussii",15.0893888888889,-92.1465555555556,"2014-06-17","change1: Filled coordinateUncertaintyInMeters from decimal-place precision (conservative). | epi_taxo: acceptedName(match1); authorship_epig(match1); genus_from_scientificName; family_WFO; order_majorGroup_WCVP [2026-03-11] | CoordinateCleaner QA applied without sea test (validity, equal, zeros, capitals, centroids, gbif, institutions) [2026-03-29]","standardized authors names in recordedBy","Colección","M.M.M. & N.M.M. & R.J.R.V. & E.C.N.","N.M.M."
"422","HEM2025_0422","PreservedSpecimen","Coleccion",NA,"UNICACH","SPECIES","HEM","Camilo, R.M. | N.M.M.","2615","Camilo, R.M.","HE","HEM2025",3,"Begonia preussii",15.0988611111111,-92.1681388888889,"2014-08-16","change1: Filled coordinateUncertaintyInMeters from decimal-place precision (conservative). | epi_taxo: acceptedName(match1); authorship_epig(match1); genus_from_scientificName; family_WFO; order_majorGroup_WCVP [2026-03-11] | CoordinateCleaner QA applied without sea test (validity, equal, zeros, capitals, centroids, gbif, institutions) [2026-03-29]","standardized authors names in recordedBy / standardized authors names in identifiedBy","Colección","R.M. Camilo & N.M.M.","R.M. Camilo"
"423","HEM2025_0423","PreservedSpecimen","Coleccion",NA,"UNICACH","GENUS","HEM","M.M.M. | N.M.M. | R.J.R.V. | E.C.N.","4243","N.M.M.","HE","HEM2025",NA,"",15.099,-92.1409722222222,"2014-06-18","change1: Genus placeholder (sp./spp.): moved to 'genus', set taxonRank=GENUS, cleared scientificName; kept original in verbatim. | change2: Filled coordinateUncertaintyInMeters from decimal-place precision (conservative). | epi_taxo: acceptedName(match1); authorship_epig(match1); genus_from_scientificName; family_WFO; order_majorGroup_WCVP [2026-03-11] | CoordinateCleaner QA applied without sea test (validity, equal, zeros, capitals, centroids, gbif, institutions) [2026-03-29]","standardized authors names in recordedBy","Colección","M.M.M. & N.M.M. & R.J.R.V. & E.C.N.","N.M.M."
"424","HEM2025_0424","PreservedSpecimen","Coleccion",NA,"UNICACH","SPECIES","HEM","M.M.M. | M.C.R.M.","2563","N.M.M.","HE","HEM2025",1,"Begonia strigillosa",15.14725,-92.1429166666667,"2013-11-14","change1: Filled coordinateUncertaintyInMeters from decimal-place precision (conservative). | epi_taxo: acceptedName(match1); authorship_epig(match1); genus_from_scientificName; family_WFO; order_majorGroup_WCVP [2026-03-11] | CoordinateCleaner QA applied without sea test (validity, equal, zeros, capitals, centroids, gbif, institutions) [2026-03-29]","standardized authors names in recordedBy","Colección","M.M.M. & M.C.R.M.","N.M.M."
"425","HEM2025_0425","PreservedSpecimen","Coleccion",NA,"UNICACH","SPECIES","HEM","Camilo, R.M.","35","A.R.S.","E","HEM2025",1,"Blechnum appendiculatum",15.7197222222222,-92.9361111111111,"2001-01-24","change1: Filled coordinateUncertaintyInMeters from decimal-place precision (conservative). | epi_taxo: acceptedName(match1); authorship_epig(match1); genus_from_scientificName; family_WFO; order_majorGroup_WCVP [2026-03-11] | CoordinateCleaner QA applied without sea test (validity, equal, zeros, capitals, centroids, gbif, institutions) [2026-03-29]","standardized authors names in recordedBy","Colección","R.M. Camilo","A.R.S."
"426","HEM2025_0426","PreservedSpecimen","Coleccion",NA,"UNICACH","SPECIES","HEM","H.G.D.","1620","H.G.D.","E","HEM2025",1,"Blechnum appendiculatum",15.6441666666667,-92.8275,"","change1: Filled coordinateUncertaintyInMeters from decimal-place precision (conservative). | epi_taxo: acceptedName(match1); authorship_epig(match1); genus_from_scientificName; family_WFO; order_majorGroup_WCVP [2026-03-11] | CoordinateCleaner QA applied without sea test (validity, equal, zeros, capitals, centroids, gbif, institutions) [2026-03-29]","","Colección","H.G.D.","H.G.D."
"427","HEM2025_0427","PreservedSpecimen","Coleccion",NA,"UNICACH","SPECIES","HEM","Camilo, R.M. | M.I.L.R. | N.A.F.R.","2340","N.M.M.","E","HEM2025",3,"Blechnum brasiliense",15.0905833333333,-92.1476388888889,"2014-07-06","change1: Filled coordinateUncertaintyInMeters from decimal-place precision (conservative). | epi_taxo: acceptedName(match1); authorship_epig(match1); genus_from_scientificName; family_WFO; order_majorGroup_WCVP [2026-03-11] | CoordinateCleaner QA applied without sea test (validity, equal, zeros, capitals, centroids, gbif, institutions) [2026-03-29]","standardized authors names in recordedBy","Colección","R.M. Camilo & M.I.L.R. & N.A.F.R.","N.M.M."
"428","HEM2025_0428","PreservedSpecimen","Coleccion",NA,"UNICACH","SPECIES","HEM","Perez-Farrera, M.A.","405","Perez-Farrera, M.A.","E","HEM2025",1,"Blechnum ensiforme",16.1972222222222,-93.7083333333333,"1995-05-24","change1: Filled coordinateUncertaintyInMeters from decimal-place precision (conservative). | epi_taxo: acceptedName(match1); authorship_epig(match1); genus_from_scientificName; family_WFO; order_majorGroup_WCVP [2026-03-11] | CoordinateCleaner QA applied without sea test (validity, equal, zeros, capitals, centroids, gbif, institutions) [2026-03-29]","standardized authors names in recordedBy / standardized authors names in identifiedBy","Colección","M.A. Pérez-Farrera","M.A. Pérez-Farrera"
"429","HEM2025_0429","PreservedSpecimen","Coleccion",NA,"UNICACH","SPECIES","HEM","M.M.M. | E.A.M.A.","4610","N.M.M.","E","HEM2025",1,"Blechnum ensiforme",15.0910555555556,-92.14175,"2014-07-04","change1: Filled coordinateUncertaintyInMeters from decimal-place precision (conservative). | epi_taxo: acceptedName(match1); authorship_epig(match1); genus_from_scientificName; family_WFO; order_majorGroup_WCVP [2026-03-11] | CoordinateCleaner QA applied without sea test (validity, equal, zeros, capitals, centroids, gbif, institutions) [2026-03-29]","standardized authors names in recordedBy","Colección","M.M.M. & E.A.M.A.","N.M.M."
"430","HEM2025_0430","PreservedSpecimen","Coleccion",NA,"UNICACH","SPECIES","HEM","M.M.M. | E.A.M.A.","4807","N.M.M.","E","HEM2025",1,"Blechnum ensiforme",15.0935,-92.1405,"2014-07-08","change1: Filled coordinateUncertaintyInMeters from decimal-place precision (conservative). | epi_taxo: acceptedName(match1); authorship_epig(match1); genus_from_scientificName; family_WFO; order_majorGroup_WCVP [2026-03-11] | CoordinateCleaner QA applied without sea test (validity, equal, zeros, capitals, centroids, gbif, institutions) [2026-03-29]","standardized authors names in recordedBy","Colección","M.M.M. & E.A.M.A.","N.M.M."
"431","HEM2025_0431","PreservedSpecimen","Coleccion",NA,"UNICACH","SPECIES","HEM","M.E.L.M.","407","M.E.L.M.","E","HEM2025",1,"Blechnum ensiforme",15.4836111111111,-92.6005555555555,"1999-07-01","change1: Filled coordinateUncertaintyInMeters from decimal-place precision (conservative). | epi_taxo: acceptedName(match1); authorship_epig(match1); genus_from_scientificName; family_WFO; order_majorGroup_WCVP [2026-03-11] | CoordinateCleaner QA applied without sea test (validity, equal, zeros, capitals, centroids, gbif, institutions) [2026-03-29]","","Colección","M.E.L.M.","M.E.L.M."
"432","HEM2025_0432","PreservedSpecimen","Coleccion",NA,"UNICACH","SPECIES","HEM","Perez-Farrera, M.A.","374a","Perez-Farrera, M.A.","E","HEM2025",1,"Blechnum fragile",16.1944444444444,-93.6083333333333,"1995-05-23","change1: Filled coordinateUncertaintyInMeters from decimal-place precision (conservative). | epi_taxo: acceptedName(match1); authorship_epig(match1); genus_from_scientificName; family_WFO; order_majorGroup_WCVP [2026-03-11] | CoordinateCleaner QA applied without sea test (validity, equal, zeros, capitals, centroids, gbif, institutions) [2026-03-29]","standardized authors names in recordedBy / standardized authors names in identifiedBy","Colección","M.A. Pérez-Farrera","M.A. Pérez-Farrera"
"433","HEM2025_0433","PreservedSpecimen","Coleccion",NA,"UNICACH","SPECIES","HEM","M.M.M. | N.M.M. | R.J.R.V. | E.C.N.","4480","N.M.M.","E","HEM2025",1,"Blechnum fragile",15.0955,-92.1390555555556,"2014-06-20","change1: Filled coordinateUncertaintyInMeters from decimal-place precision (conservative). | epi_taxo: acceptedName(match1); authorship_epig(match1); genus_from_scientificName; family_WFO; order_majorGroup_WCVP [2026-03-11] | CoordinateCleaner QA applied without sea test (validity, equal, zeros, capitals, centroids, gbif, institutions) [2026-03-29]","standardized authors names in recordedBy","Colección","M.M.M. & N.M.M. & R.J.R.V. & E.C.N.","N.M.M."
"434","HEM2025_0434","PreservedSpecimen","Coleccion",NA,"UNICACH","SPECIES","HEM","D.E.B.","65732","D.E.B.","E","HEM2025",1,"Blechnum occidentale",15.2941666666667,-92.2775,"1986-07-11","change1: Filled coordinateUncertaintyInMeters from decimal-place precision (conservative). | epi_taxo: acceptedName(match1); authorship_epig(match1); genus_from_scientificName; family_WFO; order_majorGroup_WCVP [2026-03-11] | CoordinateCleaner QA applied without sea test (validity, equal, zeros, capitals, centroids, gbif, institutions) [2026-03-29]","","Colección","D.E.B.","D.E.B."
"435","HEM2025_0435","PreservedSpecimen","Coleccion",NA,"UNICACH","SPECIES","HEM","V.A.V.A.","36","Perez-Farrera, M.A.","E","HEM2025",1,"Blechnum polypodioides",15.7227777777778,-92.9572222222222,"2001-01-24","change1: Filled coordinateUncertaintyInMeters from decimal-place precision (conservative). | epi_taxo: acceptedName(match1); authorship_epig(match1); genus_from_scientificName; family_WFO; order_majorGroup_WCVP [2026-03-11] | CoordinateCleaner QA applied without sea test (validity, equal, zeros, capitals, centroids, gbif, institutions) [2026-03-29]","standardized authors names in identifiedBy","Colección","V.A.V.A.","M.A. Pérez-Farrera"
"436","HEM2025_0436","PreservedSpecimen","Coleccion",NA,"UNICACH","SPECIES","HEM","M.M.M. | N.M.M. | R.J.R.V. | E.C.N.","4535","N.M.M.","E","HEM2025",1,"Blechnum polypodioides",15.0923888888889,-92.1485277777778,"2014-06-20","change1: Filled coordinateUncertaintyInMeters from decimal-place precision (conservative). | epi_taxo: acceptedName(match1); authorship_epig(match1); genus_from_scientificName; family_WFO; order_majorGroup_WCVP [2026-03-11] | CoordinateCleaner QA applied without sea test (validity, equal, zeros, capitals, centroids, gbif, institutions) [2026-03-29]","standardized authors names in recordedBy","Colección","M.M.M. & N.M.M. & R.J.R.V. & E.C.N.","N.M.M."
"437","HEM2025_0437","PreservedSpecimen","Coleccion",NA,"UNICACH","SPECIES","HEM","M.M.M. | E.A.M.A.","4669","N.M.M.","E","HEM2025",1,"Blechnum polypodioides",15.0861111111111,-92.1467222222222,"2014-07-05","change1: Filled coordinateUncertaintyInMeters from decimal-place precision (conservative). | epi_taxo: acceptedName(match1); authorship_epig(match1); genus_from_scientificName; family_WFO; order_majorGroup_WCVP [2026-03-11] | CoordinateCleaner QA applied without sea test (validity, equal, zeros, capitals, centroids, gbif, institutions) [2026-03-29]","standardized authors names in recordedBy","Colección","M.M.M. & E.A.M.A.","N.M.M."
"438","HEM2025_0438","PreservedSpecimen","Coleccion",NA,"UNICACH","SPECIES","HEM","T.A.S.","268","M.E.L.M.","E","HEM2025",3,"Blechnum polypodioides",16.7608333333333,-91.1108333333333,"1989-05-11","change1: Filled coordinateUncertaintyInMeters from decimal-place precision (conservative). | epi_taxo: acceptedName(match1); authorship_epig(match1); genus_from_scientificName; family_WFO; order_majorGroup_WCVP [2026-03-11] | CoordinateCleaner QA applied without sea test (validity, equal, zeros, capitals, centroids, gbif, institutions) [2026-03-29]","","Colección","T.A.S.","M.E.L.M."
"439","HEM2025_0439","PreservedSpecimen","Coleccion",NA,"UNICACH","SPECIES","HEM","M.M.M. | N.M.M. | R.J.R.V. | E.C.N.","4254","N.M.M.","E","HEM2025",3,"Blechnum cordatum",15.099,-92.1409722222222,"2014-06-18","change1: Filled coordinateUncertaintyInMeters from decimal-place precision (conservative). | epi_taxo: acceptedName(match1); authorship_epig(match1); genus_from_scientificName; family_WFO; order_majorGroup_WCVP [2026-03-11] | CoordinateCleaner QA applied without sea test (validity, equal, zeros, capitals, centroids, gbif, institutions) [2026-03-29]","standardized authors names in recordedBy","Colección","M.M.M. & N.M.M. & R.J.R.V. & E.C.N.","N.M.M."
"440","HEM2025_0440","PreservedSpecimen","Coleccion",NA,"UNICACH","SPECIES","HEM","M.E.L.M.","676","Perez-Farrera, M.A.","E","HEM2025",1,"Aechmea bracteata",20.6108333333333,-105.094166666667,"2005-06-19","change1: Filled coordinateUncertaintyInMeters from decimal-place precision (conservative). | epi_taxo: acceptedName(match1); authorship_epig(match1); genus_from_scientificName; family_WFO; order_majorGroup_WCVP [2026-03-11] | CoordinateCleaner QA applied without sea test (validity, equal, zeros, capitals, centroids, gbif, institutions) [2026-03-29]","standardized authors names in identifiedBy","Colección","M.E.L.M.","M.A. Pérez-Farrera"
"441","HEM2025_0441","PreservedSpecimen","Coleccion",NA,"UNICACH","SPECIES","HEM","Camilo, R.M.","687-bis","C.R.B.B.","E","HEM2025",1,"Aechmea bracteata",16.9655555555556,-93.2769444444444,"2002-08-30","change1: Filled coordinateUncertaintyInMeters from decimal-place precision (conservative). | epi_taxo: acceptedName(match1); authorship_epig(match1); genus_from_scientificName; family_WFO; order_majorGroup_WCVP [2026-03-11] | CoordinateCleaner QA applied without sea test (validity, equal, zeros, capitals, centroids, gbif, institutions) [2026-03-29]","standardized authors names in recordedBy","Colección","R.M. Camilo","C.R.B.B."
"442","HEM2025_0442","PreservedSpecimen","Coleccion",NA,"UNICACH","SPECIES","HEM","A.M.G. | G.U. | E.M.S.","107","Espejo, A. | A.R.L.F.","E","HEM2025",1,"Aechmea bracteata",16.7033333333333,-90.8666666666667,"1987-05-16","change1: Filled coordinateUncertaintyInMeters from decimal-place precision (conservative). | epi_taxo: acceptedName(match1); authorship_epig(match1); genus_from_scientificName; family_WFO; order_majorGroup_WCVP [2026-03-11] | CoordinateCleaner QA applied without sea test (validity, equal, zeros, capitals, centroids, gbif, institutions) [2026-03-29]","standardized authors names in recordedBy / standardized authors names in identifiedBy","Colección","A.M.G. & G.U. & E.M.S.","A. Espejo & A.R.L.F."
"443","HEM2025_0443","PreservedSpecimen","Coleccion",NA,"UNICACH","SPECIES","HEM","G.U. | E.M.S. | A.M.G.","138-bis","G.U.","E","HEM2025",1,"Aechmea bracteata",16.8211111111111,-90.8877777777778,"1987-05-26","change1: Filled coordinateUncertaintyInMeters from decimal-place precision (conservative). | epi_taxo: acceptedName(match1); authorship_epig(match1); genus_from_scientificName; family_WFO; order_majorGroup_WCVP [2026-03-11] | CoordinateCleaner QA applied without sea test (validity, equal, zeros, capitals, centroids, gbif, institutions) [2026-03-29]","standardized authors names in recordedBy","Colección","G.U. & E.M.S. & A.M.G.","G.U."
"444","HEM2025_0444","PreservedSpecimen","Coleccion",NA,"UNICACH","SPECIES","HEM","Camilo, R.M.","687","Espejo, A. | A.R.L.F.","E","HEM2025",1,"Aechmea bracteata",16.9655555555556,-93.2769444444444,"2002-09-30","change1: Filled coordinateUncertaintyInMeters from decimal-place precision (conservative). | epi_taxo: acceptedName(match1); authorship_epig(match1); genus_from_scientificName; family_WFO; order_majorGroup_WCVP [2026-03-11] | CoordinateCleaner QA applied without sea test (validity, equal, zeros, capitals, centroids, gbif, institutions) [2026-03-29]","standardized authors names in recordedBy / standardized authors names in identifiedBy","Colección","R.M. Camilo","A. Espejo & A.R.L.F."
"445","HEM2025_0445","PreservedSpecimen","Coleccion",NA,"UNICACH","SPECIES","HEM","Perez-Farrera, M.A.","296","Espejo, A. | A.R.L.F.","E","HEM2025",1,"Aechmea lueddemanniana",16.9166666666667,-93.2305555555556,"1995-04-29","change1: Filled coordinateUncertaintyInMeters from decimal-place precision (conservative). | epi_taxo: acceptedName(match1); authorship_epig(match1); genus_from_scientificName; family_WFO; order_majorGroup_WCVP [2026-03-11] | CoordinateCleaner QA applied without sea test (validity, equal, zeros, capitals, centroids, gbif, institutions) [2026-03-29]","standardized authors names in recordedBy / standardized authors names in identifiedBy","Colección","M.A. Pérez-Farrera","A. Espejo & A.R.L.F."
"446","HEM2025_0446","PreservedSpecimen","Coleccion",NA,"UNICACH","SPECIES","HEM","N.M.M.","1294","Perez-Farrera, M.A.","E","HEM2025",1,"Aechmea lueddemanniana",16.9243055555556,-93.4726666666667,"2006-03-16","change1: Filled coordinateUncertaintyInMeters from decimal-place precision (conservative). | epi_taxo: acceptedName(match1); authorship_epig(match1); genus_from_scientificName; family_WFO; order_majorGroup_WCVP [2026-03-11] | CoordinateCleaner QA applied without sea test (validity, equal, zeros, capitals, centroids, gbif, institutions) [2026-03-29]","standardized authors names in identifiedBy","Colección","N.M.M.","M.A. Pérez-Farrera"
"447","HEM2025_0447","PreservedSpecimen","Coleccion",NA,"UNICACH","SPECIES","HEM","C.R.A.","12","C.R.A.","E","HEM2025",1,"Aechmea lueddemanniana",16.8169444444444,-93.2969444444444,"2006-02-18","change1: Filled coordinateUncertaintyInMeters from decimal-place precision (conservative). | epi_taxo: acceptedName(match1); authorship_epig(match1); genus_from_scientificName; family_WFO; order_majorGroup_WCVP [2026-03-11] | CoordinateCleaner QA applied without sea test (validity, equal, zeros, capitals, centroids, gbif, institutions) [2026-03-29]","","Colección","C.R.A.","C.R.A."
"448","HEM2025_0448","PreservedSpecimen","Coleccion",NA,"UNICACH","SPECIES","HEM","C.R.A.","12","C.R.A.","E","HEM2025",1,"Aechmea lueddemanniana",16.8169444444444,-93.2969444444444,"2006-02-18","change1: Filled coordinateUncertaintyInMeters from decimal-place precision (conservative). | epi_taxo: acceptedName(match1); authorship_epig(match1); genus_from_scientificName; family_WFO; order_majorGroup_WCVP [2026-03-11] | CoordinateCleaner QA applied without sea test (validity, equal, zeros, capitals, centroids, gbif, institutions) [2026-03-29]","","Colección","C.R.A.","C.R.A."
"449","HEM2025_0449","PreservedSpecimen","Coleccion",NA,"UNICACH","SPECIES","HEM","E.P.O.","5","E.P.O.","E","HEM2025",1,"Aechmea lueddemanniana",16.8,-93.2666666666667,"2006-02-12","change1: Filled coordinateUncertaintyInMeters from decimal-place precision (conservative). | epi_taxo: acceptedName(match1); authorship_epig(match1); genus_from_scientificName; family_WFO; order_majorGroup_WCVP [2026-03-11] | CoordinateCleaner QA applied without sea test (validity, equal, zeros, capitals, centroids, gbif, institutions) [2026-03-29]","","Colección","E.P.O.","E.P.O."
"450","HEM2025_0450","PreservedSpecimen","Coleccion",NA,"UNICACH","SPECIES","HEM","E.P.O.","5","E.P.O.","E","HEM2025",1,"Aechmea lueddemanniana",16.8,-93.2666666666667,"2006-02-12","change1: Filled coordinateUncertaintyInMeters from decimal-place precision (conservative). | epi_taxo: acceptedName(match1); authorship_epig(match1); genus_from_scientificName; family_WFO; order_majorGroup_WCVP [2026-03-11] | CoordinateCleaner QA applied without sea test (validity, equal, zeros, capitals, centroids, gbif, institutions) [2026-03-29]","","Colección","E.P.O.","E.P.O."
"451","HEM2025_0451","PreservedSpecimen","Coleccion",NA,"UNICACH","SPECIES","HEM","F.E.P.C.","ND","Perez-Farrera, M.A.","E","HEM2025",2,"Aechmea matudae",15.3944444444444,-92.6166666666667,"1999-08-05","change1: Filled coordinateUncertaintyInMeters from decimal-place precision (conservative). | epi_taxo: acceptedName(match1); authorship_epig(match1); genus_from_scientificName; family_WFO; order_majorGroup_WCVP [2026-03-11] | CoordinateCleaner QA applied without sea test (validity, equal, zeros, capitals, centroids, gbif, institutions) [2026-03-29]","standardized authors names in identifiedBy","Colección","F.E.P.C.","M.A. Pérez-Farrera"
"452","HEM2025_0452","PreservedSpecimen","Coleccion",NA,"UNICACH","SPECIES","HEM","A.L.C.","21","Perez-Farrera, M.A.","E","HEM2025",2,"Aechmea matudae",15.3394444444444,-92.6741666666667,"2005-02-20","change1: Filled coordinateUncertaintyInMeters from decimal-place precision (conservative). | epi_taxo: acceptedName(match1); authorship_epig(match1); genus_from_scientificName; family_WFO; order_majorGroup_WCVP [2026-03-11] | CoordinateCleaner QA applied without sea test (validity, equal, zeros, capitals, centroids, gbif, institutions) [2026-03-29]","standardized authors names in identifiedBy","Colección","A.L.C.","M.A. Pérez-Farrera"
"453","HEM2025_0453","PreservedSpecimen","Coleccion",NA,"UNICACH","GENUS","HEM","A.M.G. | G.U. | E.M.S.","50","C.R.B.B.","E","HEM2025",NA,"",16.8941666666667,-93.1275,"1987-02-17","change1: Genus placeholder (sp./spp.): moved to 'genus', set taxonRank=GENUS, cleared scientificName; kept original in verbatim. | change2: Filled coordinateUncertaintyInMeters from decimal-place precision (conservative). | epi_taxo: acceptedName(match1); authorship_epig(match1); genus_from_scientificName; family_WFO; order_majorGroup_WCVP [2026-03-11] | CoordinateCleaner QA applied without sea test (validity, equal, zeros, capitals, centroids, gbif, institutions) [2026-03-29]","standardized authors names in recordedBy","Colección","A.M.G. & G.U. & E.M.S.","C.R.B.B."
"454","HEM2025_0454","PreservedSpecimen","Coleccion",NA,"UNICACH","SPECIES","HEM","A.L.C.","789","A.L.C.","E","HEM2025",1,"Billbergia pallidiflora",16.9129972222222,-93.0579444444444,"2009-07-07","change1: Filled coordinateUncertaintyInMeters from decimal-place precision (conservative). | epi_taxo: acceptedName(match1); authorship_epig(match1); genus_from_scientificName; family_WFO; order_majorGroup_WCVP [2026-03-11] | CoordinateCleaner QA applied without sea test (validity, equal, zeros, capitals, centroids, gbif, institutions) [2026-03-29]","","Colección","A.L.C.","A.L.C."
"455","HEM2025_0455","PreservedSpecimen","Coleccion",NA,"UNICACH","SPECIES","HEM","G.U. | E.M.S. | A.M.G.","32","Espejo, A. | A.R.L.F.","E","HEM2025",1,"Billbergia pallidiflora",16.7944444444444,-93.1008333333333,"1987-02-18","change1: Filled coordinateUncertaintyInMeters from decimal-place precision (conservative). | epi_taxo: acceptedName(match1); authorship_epig(match1); genus_from_scientificName; family_WFO; order_majorGroup_WCVP [2026-03-11] | CoordinateCleaner QA applied without sea test (validity, equal, zeros, capitals, centroids, gbif, institutions) [2026-03-29]","standardized authors names in recordedBy / standardized authors names in identifiedBy","Colección","G.U. & E.M.S. & A.M.G.","A. Espejo & A.R.L.F."
"456","HEM2025_0456","PreservedSpecimen","Coleccion",NA,"UNICACH","SPECIES","HEM","G.U. | E.M.S. | A.M.G.","32","Espejo, A. | A.R.L.F.","E","HEM2025",1,"Billbergia pallidiflora",16.7944444444444,-93.1008333333333,"1987-02-18","change1: Filled coordinateUncertaintyInMeters from decimal-place precision (conservative). | epi_taxo: acceptedName(match1); authorship_epig(match1); genus_from_scientificName; family_WFO; order_majorGroup_WCVP [2026-03-11] | CoordinateCleaner QA applied without sea test (validity, equal, zeros, capitals, centroids, gbif, institutions) [2026-03-29]","standardized authors names in recordedBy / standardized authors names in identifiedBy","Colección","G.U. & E.M.S. & A.M.G.","A. Espejo & A.R.L.F."
"457","HEM2025_0457","PreservedSpecimen","Coleccion",NA,"UNICACH","SPECIES","HEM","Perez-Farrera, M.A.","469","Espejo, A. | A.R.L.F.","E","HEM2025",1,"Billbergia pallidiflora",16.3416666666667,-93.7083333333333,"1995-05-25","change1: Filled coordinateUncertaintyInMeters from decimal-place precision (conservative). | epi_taxo: acceptedName(match1); authorship_epig(match1); genus_from_scientificName; family_WFO; order_majorGroup_WCVP [2026-03-11] | CoordinateCleaner QA applied without sea test (validity, equal, zeros, capitals, centroids, gbif, institutions) [2026-03-29]","standardized authors names in recordedBy / standardized authors names in identifiedBy","Colección","M.A. Pérez-Farrera","A. Espejo & A.R.L.F."
"458","HEM2025_0458","PreservedSpecimen","Coleccion",NA,"UNICACH","FORM","HEM","H.R.E.","58","N.M.M.","E","HEM2025",1,"Catopsis berteroniana",15.5490833333333,-92.6077222222222,"2005-07-21","change1: Corrected taxonRank (SPECIES→FORM); kept scientificName as-is. | change2: Filled coordinateUncertaintyInMeters from decimal-place precision (conservative). | epi_taxo: acceptedName(match1); authorship_epig(match1); genus_from_scientificName; family_WFO; order_majorGroup_WCVP [2026-03-11] | CoordinateCleaner QA applied without sea test (validity, equal, zeros, capitals, centroids, gbif, institutions) [2026-03-29]","","Colección","H.R.E.","N.M.M."
"459","HEM2025_0459","PreservedSpecimen","Coleccion",NA,"UNICACH","FORM","HEM","A.M.G. | G.U. | E.M.S.","175","J.M.M.","E","HEM2025",1,"Catopsis berteroniana",16.7033333333333,-90.8666666666667,"1987-05-26","change1: Corrected taxonRank (SPECIES→FORM); kept scientificName as-is. | change2: Filled coordinateUncertaintyInMeters from decimal-place precision (conservative). | epi_taxo: acceptedName(match1); authorship_epig(match1); genus_from_scientificName; family_WFO; order_majorGroup_WCVP [2026-03-11] | CoordinateCleaner QA applied without sea test (validity, equal, zeros, capitals, centroids, gbif, institutions) [2026-03-29]","standardized authors names in recordedBy","Colección","A.M.G. & G.U. & E.M.S.","J.M.M."
"460","HEM2025_0460","PreservedSpecimen","Coleccion",NA,"UNICACH","FORM","HEM","N.M.M.","1620","N.M.M.","E","HEM2025",1,"Catopsis berteroniana",16.4900833333333,-93.3834444444445,"2006-06-07","change1: Corrected taxonRank (SPECIES→FORM); kept scientificName as-is. | change2: Filled coordinateUncertaintyInMeters from decimal-place precision (conservative). | epi_taxo: acceptedName(match1); authorship_epig(match1); genus_from_scientificName; family_WFO; order_majorGroup_WCVP [2026-03-11] | CoordinateCleaner QA applied without sea test (validity, equal, zeros, capitals, centroids, gbif, institutions) [2026-03-29]","","Colección","N.M.M.","N.M.M."
"461","HEM2025_0461","PreservedSpecimen","Coleccion",NA,"UNICACH","FORM","HEM","N.M.M.","1452","N.M.M.","E","HEM2025",1,"Catopsis berteroniana",15.5516666666667,-92.6333333333333,"2006-03-25","change1: Corrected taxonRank (SPECIES→FORM); kept scientificName as-is. | change2: Filled coordinateUncertaintyInMeters from decimal-place precision (conservative). | epi_taxo: acceptedName(match1); authorship_epig(match1); genus_from_scientificName; family_WFO; order_majorGroup_WCVP [2026-03-11] | CoordinateCleaner QA applied without sea test (validity, equal, zeros, capitals, centroids, gbif, institutions) [2026-03-29]","","Colección","N.M.M.","N.M.M."
"462","HEM2025_0462","PreservedSpecimen","Coleccion",NA,"UNICACH","FORM","HEM","H.G.D.","1347","N.M.M.","E","HEM2025",1,"Catopsis berteroniana",15.7084444444444,-92.7269166666667,"2006-07-21","change1: Corrected taxonRank (SPECIES→FORM); kept scientificName as-is. | change2: Filled coordinateUncertaintyInMeters from decimal-place precision (conservative). | epi_taxo: acceptedName(match1); authorship_epig(match1); genus_from_scientificName; family_WFO; order_majorGroup_WCVP [2026-03-11] | CoordinateCleaner QA applied without sea test (validity, equal, zeros, capitals, centroids, gbif, institutions) [2026-03-29]","","Colección","H.G.D.","N.M.M."
"463","HEM2025_0463","PreservedSpecimen","Coleccion",NA,"UNICACH","FORM","HEM","J.M.M.","1355","N.M.M.","E","HEM2025",1,"Catopsis berteroniana",16.2145277777778,-93.7202777777778,"2006-06-04","change1: Corrected taxonRank (SPECIES→FORM); kept scientificName as-is. | change2: Filled coordinateUncertaintyInMeters from decimal-place precision (conservative). | epi_taxo: acceptedName(match1); authorship_epig(match1); genus_from_scientificName; family_WFO; order_majorGroup_WCVP [2026-03-11] | CoordinateCleaner QA applied without sea test (validity, equal, zeros, capitals, centroids, gbif, institutions) [2026-03-29]","","Colección","J.M.M.","N.M.M."
"464","HEM2025_0464","PreservedSpecimen","Coleccion",NA,"UNICACH","FORM","HEM","T.E.C.C.","101","J.M.M.","E","HEM2025",1,"Catopsis berteroniana",16.7866111111111,-94.0265833333333,"2007-07-08","change1: Corrected taxonRank (SPECIES→FORM); kept scientificName as-is. | change2: Filled coordinateUncertaintyInMeters from decimal-place precision (conservative). | epi_taxo: acceptedName(match1); authorship_epig(match1); genus_from_scientificName; family_WFO; order_majorGroup_WCVP [2026-03-11] | CoordinateCleaner QA applied without sea test (validity, equal, zeros, capitals, centroids, gbif, institutions) [2026-03-29]","standardized authors names in recordedBy","Colección","T.E.C.C","J.M.M."
"465","HEM2025_0465","PreservedSpecimen","Coleccion",NA,"UNICACH","FORM","HEM","H.G.D.","1798","H.G.D.","E","HEM2025",1,"Catopsis berteroniana",16.1441666666667,-92.7108333333333,"2014-06-07","change1: Corrected taxonRank (SPECIES→FORM); kept scientificName as-is. | change2: Filled coordinateUncertaintyInMeters from decimal-place precision (conservative). | epi_taxo: acceptedName(match1); authorship_epig(match1); genus_from_scientificName; family_WFO; order_majorGroup_WCVP [2026-03-11] | CoordinateCleaner QA applied without sea test (validity, equal, zeros, capitals, centroids, gbif, institutions) [2026-03-29]","","Colección","H.G.D.","H.G.D."
"466","HEM2025_0466","PreservedSpecimen","Coleccion",NA,"UNICACH","FORM","HEM","F.G.M.A.","12","O.F.S.","E","HEM2025",1,"Catopsis berteroniana",16.0469444444444,-93.3761111111111,"2002-04-29","change1: Corrected taxonRank (SPECIES→FORM); kept scientificName as-is. | change2: Filled coordinateUncertaintyInMeters from decimal-place precision (conservative). | epi_taxo: acceptedName(match1); authorship_epig(match1); genus_from_scientificName; family_WFO; order_majorGroup_WCVP [2026-03-11] | CoordinateCleaner QA applied without sea test (validity, equal, zeros, capitals, centroids, gbif, institutions) [2026-03-29]","","Colección","F.G.M.A.","O.F.S."
"467","HEM2025_0467","PreservedSpecimen","Coleccion",NA,"UNICACH","FORM","HEM","M.M.M. | M.A.D.V.","33578","N.M.M. | J.M.M.","E","HEM2025",1,"Catopsis berteroniana",15.1025277777778,-92.1054444444444,"2013-05-30","change1: Corrected taxonRank (SPECIES→FORM); kept scientificName as-is. | change2: Filled coordinateUncertaintyInMeters from decimal-place precision (conservative). | epi_taxo: acceptedName(match1); authorship_epig(match1); genus_from_scientificName; family_WFO; order_majorGroup_WCVP [2026-03-11] | CoordinateCleaner QA applied without sea test (validity, equal, zeros, capitals, centroids, gbif, institutions) [2026-03-29]","standardized authors names in recordedBy / standardized authors names in identifiedBy","Colección","M.M.M. & M.A.D.V.","N.M.M. & J.M.M."
"468","HEM2025_0468","PreservedSpecimen","Coleccion",NA,"UNICACH","FORM","HEM","F.G.M.A.","12","O.F.S.","E","HEM2025",1,"Catopsis berteroniana",16.0469444444444,-93.3788888888889,"2002-04-29","change1: Corrected taxonRank (SPECIES→FORM); kept scientificName as-is. | change2: Filled coordinateUncertaintyInMeters from decimal-place precision (conservative). | epi_taxo: acceptedName(match1); authorship_epig(match1); genus_from_scientificName; family_WFO; order_majorGroup_WCVP [2026-03-11] | CoordinateCleaner QA applied without sea test (validity, equal, zeros, capitals, centroids, gbif, institutions) [2026-03-29]","","Colección","F.G.M.A.","O.F.S."
"469","HEM2025_0469","PreservedSpecimen","Coleccion",NA,"UNICACH","FORM","HEM","F.G.M.A.","12","O.F.S.","E","HEM2025",1,"Catopsis berteroniana",16.0469444444444,-93.3788888888889,"2002-04-29","change1: Corrected taxonRank (SPECIES→FORM); kept scientificName as-is. | change2: Filled coordinateUncertaintyInMeters from decimal-place precision (conservative). | epi_taxo: acceptedName(match1); authorship_epig(match1); genus_from_scientificName; family_WFO; order_majorGroup_WCVP [2026-03-11] | CoordinateCleaner QA applied without sea test (validity, equal, zeros, capitals, centroids, gbif, institutions) [2026-03-29]","","Colección","F.G.M.A.","O.F.S."
"470","HEM2025_0470","PreservedSpecimen","Coleccion",NA,"UNICACH","FORM","HEM","N.M.M. | M.M.M. | R.V.H.","3265","N.M.M.","E","HEM2025",1,"Catopsis berteroniana",15.1049722222222,-92.1001055555555,"2014-09-22","change1: Corrected taxonRank (SPECIES→FORM); kept scientificName as-is. | change2: Filled coordinateUncertaintyInMeters from decimal-place precision (conservative). | epi_taxo: acceptedName(match1); authorship_epig(match1); genus_from_scientificName; family_WFO; order_majorGroup_WCVP [2026-03-11] | CoordinateCleaner QA applied without sea test (validity, equal, zeros, capitals, centroids, gbif, institutions) [2026-03-29]","standardized authors names in recordedBy","Colección","N.M.M. & M.M.M. & R.V.H.","N.M.M."
"471","HEM2025_0471","PreservedSpecimen","Coleccion",NA,"UNICACH","FORM","HEM","A.M.G. | G.U. | E.M.S.","175","Espejo, A. | A.R.L.F.","E","HEM2025",1,"Catopsis berteroniana",16.7033333333333,-90.8666666666667,"1987-05-26","change1: Corrected taxonRank (SPECIES→FORM); kept scientificName as-is. | change2: Filled coordinateUncertaintyInMeters from decimal-place precision (conservative). | epi_taxo: acceptedName(match1); authorship_epig(match1); genus_from_scientificName; family_WFO; order_majorGroup_WCVP [2026-03-11] | CoordinateCleaner QA applied without sea test (validity, equal, zeros, capitals, centroids, gbif, institutions) [2026-03-29]","standardized authors names in recordedBy / standardized authors names in identifiedBy","Colección","A.M.G. & G.U. & E.M.S.","A. Espejo & A.R.L.F."
"472","HEM2025_0472","PreservedSpecimen","Coleccion",NA,"UNICACH","SPECIES","HEM","A.L.C.","843","A.L.C.","E","HEM2025",1,"Catopsis floribunda",16.9183861111111,-92.9952222222222,"2009-07-10","change1: Filled coordinateUncertaintyInMeters from decimal-place precision (conservative). | epi_taxo: acceptedName(match1); authorship_epig(match1); genus_from_scientificName; family_WFO; order_majorGroup_WCVP [2026-03-11] | CoordinateCleaner QA applied without sea test (validity, equal, zeros, capitals, centroids, gbif, institutions) [2026-03-29]","","Colección","A.L.C.","A.L.C."
"473","HEM2025_0473","PreservedSpecimen","Coleccion",NA,"UNICACH","SPECIES","HEM","Perez-Farrera, M.A.","1462","Espejo, A. | A.R.L.F.","E","HEM2025",3,"Catopsis nitida",16.7027777777778,-91.9930555555556,"1996-11-28","change1: Filled coordinateUncertaintyInMeters from decimal-place precision (conservative). | epi_taxo: acceptedName(match1); authorship_epig(match1); genus_from_scientificName; family_WFO; order_majorGroup_WCVP [2026-03-11] | CoordinateCleaner QA applied without sea test (validity, equal, zeros, capitals, centroids, gbif, institutions) [2026-03-29]","standardized authors names in recordedBy / standardized authors names in identifiedBy","Colección","M.A. Pérez-Farrera","A. Espejo & A.R.L.F."
"474","HEM2025_0474","PreservedSpecimen","Coleccion",NA,"UNICACH","SPECIES","HEM","Perez-Farrera, M.A.","1462","Espejo, A. | A.R.L.F.","E","HEM2025",3,"Catopsis nitida",16.7027777777778,-91.9930555555556,"1996-11-28","change1: Filled coordinateUncertaintyInMeters from decimal-place precision (conservative). | epi_taxo: acceptedName(match1); authorship_epig(match1); genus_from_scientificName; family_WFO; order_majorGroup_WCVP [2026-03-11] | CoordinateCleaner QA applied without sea test (validity, equal, zeros, capitals, centroids, gbif, institutions) [2026-03-29]","standardized authors names in recordedBy / standardized authors names in identifiedBy","Colección","M.A. Pérez-Farrera","A. Espejo & A.R.L.F."
"475","HEM2025_0475","PreservedSpecimen","Coleccion",NA,"UNICACH","SPECIES","HEM","Perez-Farrera, M.A.","2427","Espejo, A. | A.R.L.F.","E","HEM2025",1,"Catopsis morreniana",17.5041666666667,-92.8663888888889,"2000-07-25","change1: Filled coordinateUncertaintyInMeters from decimal-place precision (conservative). | epi_taxo: acceptedName(match1); authorship_epig(match1); genus_from_scientificName; family_WFO; order_majorGroup_WCVP [2026-03-11] | CoordinateCleaner QA applied without sea test (validity, equal, zeros, capitals, centroids, gbif, institutions) [2026-03-29]","standardized authors names in recordedBy / standardized authors names in identifiedBy","Colección","M.A. Pérez-Farrera","A. Espejo & A.R.L.F."
"476","HEM2025_0476","PreservedSpecimen","Coleccion",NA,"UNICACH","SPECIES","HEM","M.M.M. | M.A.D.V.","1714","N.M.M. | J.M.M.","E","HEM2025",1,"Catopsis morreniana",15.0828333333333,-92.0994444444444,"2013-05-25","change1: Filled coordinateUncertaintyInMeters from decimal-place precision (conservative). | epi_taxo: acceptedName(match1); authorship_epig(match1); genus_from_scientificName; family_WFO; order_majorGroup_WCVP [2026-03-11] | CoordinateCleaner QA applied without sea test (validity, equal, zeros, capitals, centroids, gbif, institutions) [2026-03-29]","standardized authors names in recordedBy / standardized authors names in identifiedBy","Colección","M.M.M. & M.A.D.V.","N.M.M. & J.M.M."
"477","HEM2025_0477","PreservedSpecimen","Coleccion",NA,"UNICACH","SPECIES","HEM","M.M.M. | M.A.D.V.","1835","N.M.M. | J.M.M.","E","HEM2025",1,"Catopsis morreniana",15.0820555555556,-92.1015277777778,"2013-05-30","change1: Filled coordinateUncertaintyInMeters from decimal-place precision (conservative). | epi_taxo: acceptedName(match1); authorship_epig(match1); genus_from_scientificName; family_WFO; order_majorGroup_WCVP [2026-03-11] | CoordinateCleaner QA applied without sea test (validity, equal, zeros, capitals, centroids, gbif, institutions) [2026-03-29]","standardized authors names in recordedBy / standardized authors names in identifiedBy","Colección","M.M.M. & M.A.D.V.","N.M.M. & J.M.M."
"478","HEM2025_0478","PreservedSpecimen","Coleccion",NA,"UNICACH","SPECIES","HEM","M.M.M. | M.A.D.V.","1862","N.M.M. | J.M.M.","E","HEM2025",1,"Catopsis morreniana",15.0820555555556,-92.1015277777778,"2013-05-30","change1: Filled coordinateUncertaintyInMeters from decimal-place precision (conservative). | epi_taxo: acceptedName(match1); authorship_epig(match1); genus_from_scientificName; family_WFO; order_majorGroup_WCVP [2026-03-11] | CoordinateCleaner QA applied without sea test (validity, equal, zeros, capitals, centroids, gbif, institutions) [2026-03-29]","standardized authors names in recordedBy / standardized authors names in identifiedBy","Colección","M.M.M. & M.A.D.V.","N.M.M. & J.M.M."
"479","HEM2025_0479","PreservedSpecimen","Coleccion",NA,"UNICACH","SPECIES","HEM","E.A.T.","38","Espejo, A. | A.R.L.F.","E","HEM2025",1,"Catopsis nitida",16.3394444444444,-93.8752777777778,"2002-05-18","change1: Filled coordinateUncertaintyInMeters from decimal-place precision (conservative). | epi_taxo: acceptedName(match1); authorship_epig(match1); genus_from_scientificName; family_WFO; order_majorGroup_WCVP [2026-03-11] | CoordinateCleaner QA applied without sea test (validity, equal, zeros, capitals, centroids, gbif, institutions) [2026-03-29]","standardized authors names in identifiedBy","Colección","E.A.T.","A. Espejo & A.R.L.F."
"480","HEM2025_0480","PreservedSpecimen","Coleccion",NA,"UNICACH","SPECIES","HEM","Espejo, A. | A.R.L.F. | Ceja, J. | A.M.R.","6422","A.R.L.F. | Espejo, A.","E","HEM2025",1,"Catopsis nutans",15.3413888888889,-92.3266666666667,"2002-08-27","change1: Filled coordinateUncertaintyInMeters from decimal-place precision (conservative). | epi_taxo: acceptedName(match1); authorship_epig(match1); genus_from_scientificName; family_WFO; order_majorGroup_WCVP [2026-03-11] | CoordinateCleaner QA applied without sea test (validity, equal, zeros, capitals, centroids, gbif, institutions) [2026-03-29]","standardized authors names in recordedBy / standardized authors names in identifiedBy","Colección","A. Espejo & A.R.L.F. & J. Ceja & A.M.R.","A.R.L.F. & A. Espejo"
"481","HEM2025_0481","PreservedSpecimen","Coleccion",NA,"UNICACH","SPECIES","HEM","E.M.S. | A.M.G. | G.U.","19339","Espejo, A. | A.R.L.F.","E","HEM2025",1,"Catopsis nutans",15.1275,-92.1275,"1987-02-03","change1: Filled coordinateUncertaintyInMeters from decimal-place precision (conservative). | epi_taxo: acceptedName(match1); authorship_epig(match1); genus_from_scientificName; family_WFO; order_majorGroup_WCVP [2026-03-11] | CoordinateCleaner QA applied without sea test (validity, equal, zeros, capitals, centroids, gbif, institutions) [2026-03-29]","standardized authors names in recordedBy / standardized authors names in identifiedBy","Colección","E.M.S. & A.M.G. & G.U.","A. Espejo & A.R.L.F."
"482","HEM2025_0482","PreservedSpecimen","Coleccion",NA,"UNICACH","SPECIES","HEM","U.B.C. | Rojas.","196","F.R.M. | Aguirre","E","HEM2025",1,"Catopsis nutans",16.0658333333333,-93.1169444444444,"1988-11-12","change1: Filled coordinateUncertaintyInMeters from decimal-place precision (conservative). | epi_taxo: acceptedName(match1); authorship_epig(match1); genus_from_scientificName; family_WFO; order_majorGroup_WCVP [2026-03-11] | CoordinateCleaner QA applied without sea test (validity, equal, zeros, capitals, centroids, gbif, institutions) [2026-03-29]","standardized authors names in recordedBy / standardized authors names in identifiedBy","Colección","U.B.C. & Rojas","F.R.M. & Aguirre"
"483","HEM2025_0483","PreservedSpecimen","Coleccion",NA,"UNICACH","SPECIES","HEM","Perez-Farrera, M.A.","1615","Espejo, A. | A.R.L.F.","E","HEM2025",1,"Catopsis nutans",15.425,-92.6333333333333,"1998-01-24","change1: Filled coordinateUncertaintyInMeters from decimal-place precision (conservative). | epi_taxo: acceptedName(match1); authorship_epig(match1); genus_from_scientificName; family_WFO; order_majorGroup_WCVP [2026-03-11] | CoordinateCleaner QA applied without sea test (validity, equal, zeros, capitals, centroids, gbif, institutions) [2026-03-29]","standardized authors names in recordedBy / standardized authors names in identifiedBy","Colección","M.A. Pérez-Farrera","A. Espejo & A.R.L.F."
"484","HEM2025_0484","PreservedSpecimen","Coleccion",NA,"UNICACH","SPECIES","HEM","N.M.M.","881","N.M.M.","E","HEM2025",1,"Catopsis nutans",15.7735277777778,-93.1635555555556,"2005-05-21","change1: Filled coordinateUncertaintyInMeters from decimal-place precision (conservative). | epi_taxo: acceptedName(match1); authorship_epig(match1); genus_from_scientificName; family_WFO; order_majorGroup_WCVP [2026-03-11] | CoordinateCleaner QA applied without sea test (validity, equal, zeros, capitals, centroids, gbif, institutions) [2026-03-29]","","Colección","N.M.M.","N.M.M."
"485","HEM2025_0485","PreservedSpecimen","Coleccion",NA,"UNICACH","SPECIES","HEM","G.C.L.H.","92","Camilo, R.M.","E","HEM2025",1,"Catopsis nutans",15.7227777777778,-92.9436111111111,"2002-12-20","change1: Filled coordinateUncertaintyInMeters from decimal-place precision (conservative). | epi_taxo: acceptedName(match1); authorship_epig(match1); genus_from_scientificName; family_WFO; order_majorGroup_WCVP [2026-03-11] | CoordinateCleaner QA applied without sea test (validity, equal, zeros, capitals, centroids, gbif, institutions) [2026-03-29]","standardized authors names in identifiedBy","Colección","G.C.L.H.","R.M. Camilo"
"486","HEM2025_0486","PreservedSpecimen","Coleccion",NA,"UNICACH","SPECIES","HEM","J.M.M.","1016","Camilo, R.M.","E","HEM2025",1,"Catopsis nutans",15.7974444444444,-93.0759166666667,"2005-07-15","change1: Filled coordinateUncertaintyInMeters from decimal-place precision (conservative). | epi_taxo: acceptedName(match1); authorship_epig(match1); genus_from_scientificName; family_WFO; order_majorGroup_WCVP [2026-03-11] | CoordinateCleaner QA applied without sea test (validity, equal, zeros, capitals, centroids, gbif, institutions) [2026-03-29]","standardized authors names in identifiedBy","Colección","J.M.M.","R.M. Camilo"
"487","HEM2025_0487","PreservedSpecimen","Coleccion",NA,"UNICACH","SPECIES","HEM","J.M.M.","81","O.F.S.","E","HEM2025",1,"Catopsis nutans",16.0555555555556,-93.3425,"2002-09-28","change1: Filled coordinateUncertaintyInMeters from decimal-place precision (conservative). | epi_taxo: acceptedName(match1); authorship_epig(match1); genus_from_scientificName; family_WFO; order_majorGroup_WCVP [2026-03-11] | CoordinateCleaner QA applied without sea test (validity, equal, zeros, capitals, centroids, gbif, institutions) [2026-03-29]","","Colección","J.M.M.","O.F.S."
"488","HEM2025_0488","PreservedSpecimen","Coleccion",NA,"UNICACH","SPECIES","HEM","H.G.D.","543","O.F.S.","E","HEM2025",1,"Catopsis nutans",15.9652777777778,-93.2719444444444,"2004-02-21","change1: Filled coordinateUncertaintyInMeters from decimal-place precision (conservative). | epi_taxo: acceptedName(match1); authorship_epig(match1); genus_from_scientificName; family_WFO; order_majorGroup_WCVP [2026-03-11] | CoordinateCleaner QA applied without sea test (validity, equal, zeros, capitals, centroids, gbif, institutions) [2026-03-29]","","Colección","H.G.D.","O.F.S."
"489","HEM2025_0489","PreservedSpecimen","Coleccion",NA,"UNICACH","SPECIES","HEM","I.V.M.","16","Espejo, A. | A.R.L.F.","E","HEM2025",1,"Catopsis nutans",15.2041666666667,-92.4736111111111,"2002-09-14","change1: Filled coordinateUncertaintyInMeters from decimal-place precision (conservative). | epi_taxo: acceptedName(match1); authorship_epig(match1); genus_from_scientificName; family_WFO; order_majorGroup_WCVP [2026-03-11] | CoordinateCleaner QA applied without sea test (validity, equal, zeros, capitals, centroids, gbif, institutions) [2026-03-29]","standardized authors names in identifiedBy","Colección","I.V.M.","A. Espejo & A.R.L.F."
"490","HEM2025_0490","PreservedSpecimen","Coleccion",NA,"UNICACH","SPECIES","HEM","I.V.M.","16","Espejo, A. | A.R.L.F.","E","HEM2025",1,"Catopsis nutans",15.2041666666667,-92.4736111111111,"2002-09-14","change1: Filled coordinateUncertaintyInMeters from decimal-place precision (conservative). | epi_taxo: acceptedName(match1); authorship_epig(match1); genus_from_scientificName; family_WFO; order_majorGroup_WCVP [2026-03-11] | CoordinateCleaner QA applied without sea test (validity, equal, zeros, capitals, centroids, gbif, institutions) [2026-03-29]","standardized authors names in identifiedBy","Colección","I.V.M.","A. Espejo & A.R.L.F."
"491","HEM2025_0491","PreservedSpecimen","Coleccion",NA,"UNICACH","SPECIES","HEM","H.G.D.","496","O.F.S.","E","HEM2025",1,"Catopsis nutans",16.0888888888889,-93.4169444444445,"2004-01-31","change1: Filled coordinateUncertaintyInMeters from decimal-place precision (conservative). | epi_taxo: acceptedName(match1); authorship_epig(match1); genus_from_scientificName; family_WFO; order_majorGroup_WCVP [2026-03-11] | CoordinateCleaner QA applied without sea test (validity, equal, zeros, capitals, centroids, gbif, institutions) [2026-03-29]","","Colección","H.G.D.","O.F.S."
"492","HEM2025_0492","PreservedSpecimen","Coleccion",NA,"UNICACH","SPECIES","HEM","M.A.J.G.","8","O.F.S.","E","HEM2025",1,"Catopsis nutans",15.9841666666667,-93.2883333333333,"2003-05-06","change1: Filled coordinateUncertaintyInMeters from decimal-place precision (conservative). | epi_taxo: acceptedName(match1); authorship_epig(match1); genus_from_scientificName; family_WFO; order_majorGroup_WCVP [2026-03-11] | CoordinateCleaner QA applied without sea test (validity, equal, zeros, capitals, centroids, gbif, institutions) [2026-03-29]","","Colección","M.A.J.G.","O.F.S."
"493","HEM2025_0493","PreservedSpecimen","Coleccion",NA,"UNICACH","SPECIES","HEM","Camilo, R.M.","986","Camilo, R.M.","E","HEM2025",1,"Catopsis nutans",15.6844444444444,-92.7186111111111,"2006-07-20","change1: Filled coordinateUncertaintyInMeters from decimal-place precision (conservative). | epi_taxo: acceptedName(match1); authorship_epig(match1); genus_from_scientificName; family_WFO; order_majorGroup_WCVP [2026-03-11] | CoordinateCleaner QA applied without sea test (validity, equal, zeros, capitals, centroids, gbif, institutions) [2026-03-29]","standardized authors names in recordedBy / standardized authors names in identifiedBy","Colección","R.M. Camilo","R.M. Camilo"
"494","HEM2025_0494","PreservedSpecimen","Coleccion",NA,"UNICACH","SPECIES","HEM","H.G.D.","1318","H.G.D.","E","HEM2025",1,"Catopsis nutans",15.688,-92.7426944444444,"2006-07-21","change1: Filled coordinateUncertaintyInMeters from decimal-place precision (conservative). | epi_taxo: acceptedName(match1); authorship_epig(match1); genus_from_scientificName; family_WFO; order_majorGroup_WCVP [2026-03-11] | CoordinateCleaner QA applied without sea test (validity, equal, zeros, capitals, centroids, gbif, institutions) [2026-03-29]","","Colección","H.G.D.","H.G.D."
"495","HEM2025_0495","PreservedSpecimen","Coleccion",NA,"UNICACH","SPECIES","HEM","N.M.M.","1874","Espejo, A. | A.R.L.F.","E","HEM2025",1,"Catopsis nutans",15.4441666666667,-92.6608333333333,"2006-11-16","change1: Filled coordinateUncertaintyInMeters from decimal-place precision (conservative). | epi_taxo: acceptedName(match1); authorship_epig(match1); genus_from_scientificName; family_WFO; order_majorGroup_WCVP [2026-03-11] | CoordinateCleaner QA applied without sea test (validity, equal, zeros, capitals, centroids, gbif, institutions) [2026-03-29]","standardized authors names in identifiedBy","Colección","N.M.M.","A. Espejo & A.R.L.F."
"496","HEM2025_0496","PreservedSpecimen","Coleccion",NA,"UNICACH","SPECIES","HEM","H.G.D.","1672","H.G.D.","E","HEM2025",1,"Catopsis nutans",15.8275,-93.1108333333333,"2007-01-25","change1: Filled coordinateUncertaintyInMeters from decimal-place precision (conservative). | epi_taxo: acceptedName(match1); authorship_epig(match1); genus_from_scientificName; family_WFO; order_majorGroup_WCVP [2026-03-11] | CoordinateCleaner QA applied without sea test (validity, equal, zeros, capitals, centroids, gbif, institutions) [2026-03-29]","","Colección","H.G.D.","H.G.D."
"497","HEM2025_0497","PreservedSpecimen","Coleccion",NA,"UNICACH","SPECIES","HEM","P.C. | R.O. | M.V.M.","53","Perez-Farrera, M.A.","E","HEM2025",1,"Catopsis nutans",15.3944444444444,-92.6166666666667,"1998-11-27","change1: Filled coordinateUncertaintyInMeters from decimal-place precision (conservative). | epi_taxo: acceptedName(match1); authorship_epig(match1); genus_from_scientificName; family_WFO; order_majorGroup_WCVP [2026-03-11] | CoordinateCleaner QA applied without sea test (validity, equal, zeros, capitals, centroids, gbif, institutions) [2026-03-29]","standardized authors names in recordedBy / standardized authors names in identifiedBy","Colección","P.C. & R.O. & M.V.M.","M.A. Pérez-Farrera"
"498","HEM2025_0498","PreservedSpecimen","Coleccion",NA,"UNICACH","SPECIES","HEM","M.M.M.","139","H.G.D.","E","HEM2025",1,"Catopsis nutans",16.7866111111111,-94.0265833333333,"2007-07-07","change1: Filled coordinateUncertaintyInMeters from decimal-place precision (conservative). | epi_taxo: acceptedName(match1); authorship_epig(match1); genus_from_scientificName; family_WFO; order_majorGroup_WCVP [2026-03-11] | CoordinateCleaner QA applied without sea test (validity, equal, zeros, capitals, centroids, gbif, institutions) [2026-03-29]","","Colección","M.M.M.","H.G.D."
"499","HEM2025_0499","PreservedSpecimen","Coleccion",NA,"UNICACH","SPECIES","HEM","Camilo, R.M.","1130","Camilo, R.M.","E","HEM2025",1,"Catopsis nutans",15.8347222222222,-93.0527777777778,"2006-12-19","change1: Filled coordinateUncertaintyInMeters from decimal-place precision (conservative). | epi_taxo: acceptedName(match1); authorship_epig(match1); genus_from_scientificName; family_WFO; order_majorGroup_WCVP [2026-03-11] | CoordinateCleaner QA applied without sea test (validity, equal, zeros, capitals, centroids, gbif, institutions) [2026-03-29]","standardized authors names in recordedBy / standardized authors names in identifiedBy","Colección","R.M. Camilo","R.M. Camilo"
"500","HEM2025_0500","PreservedSpecimen","Coleccion",NA,"UNICACH","SPECIES","HEM","A.E.R.A.","7","Espejo, A. | A.R.L.F.","E","HEM2025",1,"Catopsis nutans",15.9713888888889,-93.3130555555556,"2003-05-06","change1: Filled coordinateUncertaintyInMeters from decimal-place precision (conservative). | epi_taxo: acceptedName(match1); authorship_epig(match1); genus_from_scientificName; family_WFO; order_majorGroup_WCVP [2026-03-11] | CoordinateCleaner QA applied without sea test (validity, equal, zeros, capitals, centroids, gbif, institutions) [2026-03-29]","standardized authors names in identifiedBy","Colección","A.E.R.A.","A. Espejo & A.R.L.F."
"501","HEM2025_0501","PreservedSpecimen","Coleccion",NA,"UNICACH","SPECIES","HEM","H.G.D.","414","O.F.S.","E","HEM2025",1,"Catopsis nutans",16.0458333333333,-93.4041666666667,"2003-09-14","change1: Filled coordinateUncertaintyInMeters from decimal-place precision (conservative). | epi_taxo: acceptedName(match1); authorship_epig(match1); genus_from_scientificName; family_WFO; order_majorGroup_WCVP [2026-03-11] | CoordinateCleaner QA applied without sea test (validity, equal, zeros, capitals, centroids, gbif, institutions) [2026-03-29]","","Colección","H.G.D.","O.F.S."
"502","HEM2025_0502","PreservedSpecimen","Coleccion",NA,"UNICACH","SPECIES","HEM","Najarro, F.H. | C.M.M.","1781","O.F.S.","E","HEM2025",1,"Catopsis nutans",16.0919444444444,-93.3222222222222,"2004-01-31","change1: Filled coordinateUncertaintyInMeters from decimal-place precision (conservative). | epi_taxo: acceptedName(match1); authorship_epig(match1); genus_from_scientificName; family_WFO; order_majorGroup_WCVP [2026-03-11] | CoordinateCleaner QA applied without sea test (validity, equal, zeros, capitals, centroids, gbif, institutions) [2026-03-29]","standardized authors names in recordedBy","Colección","F.H. Najarro & C.M.M.","O.F.S."
"503","HEM2025_0503","PreservedSpecimen","Coleccion",NA,"UNICACH","SPECIES","HEM","Camilo, R.M.","438","N.M.C.","E","HEM2025",1,"Catopsis nutans",15.7727777777778,-93.09,"2002-02-24","change1: Filled coordinateUncertaintyInMeters from decimal-place precision (conservative). | epi_taxo: acceptedName(match1); authorship_epig(match1); genus_from_scientificName; family_WFO; order_majorGroup_WCVP [2026-03-11] | CoordinateCleaner QA applied without sea test (validity, equal, zeros, capitals, centroids, gbif, institutions) [2026-03-29]","standardized authors names in recordedBy","Colección","R.M. Camilo","N.M.C."
"504","HEM2025_0504","PreservedSpecimen","Coleccion",NA,"UNICACH","SPECIES","HEM","M.N.L.P.","33","Espejo, A. | A.R.L.F.","E","HEM2025",1,"Catopsis nutans",15.9925,-93.4088888888889,"2002-03-08","change1: Filled coordinateUncertaintyInMeters from decimal-place precision (conservative). | epi_taxo: acceptedName(match1); authorship_epig(match1); genus_from_scientificName; family_WFO; order_majorGroup_WCVP [2026-03-11] | CoordinateCleaner QA applied without sea test (validity, equal, zeros, capitals, centroids, gbif, institutions) [2026-03-29]","standardized authors names in identifiedBy","Colección","M.N.L.P.","A. Espejo & A.R.L.F."
"505","HEM2025_0505","PreservedSpecimen","Coleccion",NA,"UNICACH","SPECIES","HEM","M.N.L.P.","33","Espejo, A. | A.R.L.F.","E","HEM2025",1,"Catopsis nutans",15.9925,-93.4088888888889,"2002-03-08","change1: Filled coordinateUncertaintyInMeters from decimal-place precision (conservative). | epi_taxo: acceptedName(match1); authorship_epig(match1); genus_from_scientificName; family_WFO; order_majorGroup_WCVP [2026-03-11] | CoordinateCleaner QA applied without sea test (validity, equal, zeros, capitals, centroids, gbif, institutions) [2026-03-29]","standardized authors names in identifiedBy","Colección","M.N.L.P.","A. Espejo & A.R.L.F."
"506","HEM2025_0506","PreservedSpecimen","Coleccion",NA,"UNICACH","SPECIES","HEM","N.M.M.","303-bis","R.R.S.","E","HEM2025",1,"Catopsis nutans",15.7555555555556,-93.0333333333333,"2002-03-16","change1: Filled coordinateUncertaintyInMeters from decimal-place precision (conservative). | epi_taxo: acceptedName(match1); authorship_epig(match1); genus_from_scientificName; family_WFO; order_majorGroup_WCVP [2026-03-11] | CoordinateCleaner QA applied without sea test (validity, equal, zeros, capitals, centroids, gbif, institutions) [2026-03-29]","","Colección","N.M.M.","R.R.S."
"507","HEM2025_0507","PreservedSpecimen","Coleccion",NA,"UNICACH","SPECIES","HEM","H.G.D.","1077","Espejo, A. | A.R.L.F.","E","HEM2025",1,"Catopsis occulta",15.5977222222222,-92.6570277777778,"2005-07-21","change1: Filled coordinateUncertaintyInMeters from decimal-place precision (conservative). | epi_taxo: acceptedName(match1); authorship_epig(match1); genus_from_scientificName; family_WFO; order_majorGroup_WCVP [2026-03-11] | CoordinateCleaner QA applied without sea test (validity, equal, zeros, capitals, centroids, gbif, institutions) [2026-03-29]","standardized authors names in identifiedBy","Colección","H.G.D.","A. Espejo & A.R.L.F."
"508","HEM2025_0508","PreservedSpecimen","Coleccion",NA,"UNICACH","SPECIES","HEM","N.M.M.","501","Espejo, A. | A.R.L.F.","E","HEM2025",1,"Catopsis occulta",16.8926972222222,-93.3419222222222,"2004-10-15","change1: Filled coordinateUncertaintyInMeters from decimal-place precision (conservative). | epi_taxo: acceptedName(match1); authorship_epig(match1); genus_from_scientificName; family_WFO; order_majorGroup_WCVP [2026-03-11] | CoordinateCleaner QA applied without sea test (validity, equal, zeros, capitals, centroids, gbif, institutions) [2026-03-29]","standardized authors names in identifiedBy","Colección","N.M.M.","A. Espejo & A.R.L.F."
"509","HEM2025_0509","PreservedSpecimen","Coleccion",NA,"UNICACH","SPECIES","HEM","N.M.M.","2222","Espejo, A. | A.R.L.F.","E","HEM2025",1,"Catopsis occulta",16.7866111111111,-94.0265833333333,"2007-12-14","change1: Filled coordinateUncertaintyInMeters from decimal-place precision (conservative). | epi_taxo: acceptedName(match1); authorship_epig(match1); genus_from_scientificName; family_WFO; order_majorGroup_WCVP [2026-03-11] | CoordinateCleaner QA applied without sea test (validity, equal, zeros, capitals, centroids, gbif, institutions) [2026-03-29]","standardized authors names in identifiedBy","Colección","N.M.M.","A. Espejo & A.R.L.F."
"510","HEM2025_0510","PreservedSpecimen","Coleccion",NA,"UNICACH","SPECIES","HEM","G.U. | E.M.S. | A.M.G.","1","Espejo, A. | A.R.L.F.","E","HEM2025",1,"Catopsis occulta",16.7944444444444,-93.1008333333333,"1987-02-18","change1: Filled coordinateUncertaintyInMeters from decimal-place precision (conservative). | epi_taxo: acceptedName(match1); authorship_epig(match1); genus_from_scientificName; family_WFO; order_majorGroup_WCVP [2026-03-11] | CoordinateCleaner QA applied without sea test (validity, equal, zeros, capitals, centroids, gbif, institutions) [2026-03-29]","standardized authors names in recordedBy / standardized authors names in identifiedBy","Colección","G.U. & E.M.S. & A.M.G.","A. Espejo & A.R.L.F."
"511","HEM2025_0511","PreservedSpecimen","Coleccion",NA,"UNICACH","SPECIES","HEM","G.U. | E.M.S. | A.M.G.","1","Espejo, A. | A.R.L.F.","E","HEM2025",1,"Catopsis occulta",16.7944444444444,-93.1008333333333,"1987-02-18","change1: Filled coordinateUncertaintyInMeters from decimal-place precision (conservative). | epi_taxo: acceptedName(match1); authorship_epig(match1); genus_from_scientificName; family_WFO; order_majorGroup_WCVP [2026-03-11] | CoordinateCleaner QA applied without sea test (validity, equal, zeros, capitals, centroids, gbif, institutions) [2026-03-29]","standardized authors names in recordedBy / standardized authors names in identifiedBy","Colección","G.U. & E.M.S. & A.M.G.","A. Espejo & A.R.L.F."
"512","HEM2025_0512","PreservedSpecimen","Coleccion",NA,"UNICACH","SPECIES","HEM","J.M.","25","Camilo, R.M.","E","HEM2025",1,"Catopsis paniculata",16.2775,-92.1441666666667,"2005-10-24","change1: Filled coordinateUncertaintyInMeters from decimal-place precision (conservative). | epi_taxo: acceptedName(match1); authorship_epig(match1); genus_from_scientificName; family_WFO; order_majorGroup_WCVP [2026-03-11] | CoordinateCleaner QA applied without sea test (validity, equal, zeros, capitals, centroids, gbif, institutions) [2026-03-29]","standardized authors names in identifiedBy","Colección","J.M.","R.M. Camilo"
"513","HEM2025_0513","PreservedSpecimen","Coleccion",NA,"UNICACH","SPECIES","HEM","Perez-Farrera, M.A.","3016","Espejo, A. | A.R.L.F.","E","HEM2025",1,"Catopsis paniculata",16.2100555555556,-93.5839166666667,"2006-08-10","change1: Filled coordinateUncertaintyInMeters from decimal-place precision (conservative). | epi_taxo: acceptedName(match1); authorship_epig(match1); genus_from_scientificName; family_WFO; order_majorGroup_WCVP [2026-03-11] | CoordinateCleaner QA applied without sea test (validity, equal, zeros, capitals, centroids, gbif, institutions) [2026-03-29]","standardized authors names in recordedBy / standardized authors names in identifiedBy","Colección","M.A. Pérez-Farrera","A. Espejo & A.R.L.F."
"514","HEM2025_0514","PreservedSpecimen","Coleccion",NA,"UNICACH","SPECIES","HEM","Perez-Farrera, M.A.","355","Perez-Farrera, M.A.","E","HEM2025",1,"Catopsis sessiliflora",16.1944444444444,-93.5083333333333,"1995-05-23","change1: Filled coordinateUncertaintyInMeters from decimal-place precision (conservative). | epi_taxo: acceptedName(match1); authorship_epig(match1); genus_from_scientificName; family_WFO; order_majorGroup_WCVP [2026-03-11] | CoordinateCleaner QA applied without sea test (validity, equal, zeros, capitals, centroids, gbif, institutions) [2026-03-29]","standardized authors names in recordedBy / standardized authors names in identifiedBy","Colección","M.A. Pérez-Farrera","M.A. Pérez-Farrera"
"515","HEM2025_0515","PreservedSpecimen","Coleccion",NA,"UNICACH","SPECIES","HEM","N.M.M.","1082","N.M.M.","E","HEM2025",1,"Catopsis sessiliflora",15.4593333333333,-92.6576111111111,"2005-07-23","change1: Filled coordinateUncertaintyInMeters from decimal-place precision (conservative). | epi_taxo: acceptedName(match1); authorship_epig(match1); genus_from_scientificName; family_WFO; order_majorGroup_WCVP [2026-03-11] | CoordinateCleaner QA applied without sea test (validity, equal, zeros, capitals, centroids, gbif, institutions) [2026-03-29]","","Colección","N.M.M.","N.M.M."
"516","HEM2025_0516","PreservedSpecimen","Coleccion",NA,"UNICACH","SPECIES","HEM","J.M.M.","1100","J.M.M.","E","HEM2025",1,"Catopsis sessiliflora",15.8013055555556,-93.0518333333333,"2005-08-23","change1: Filled coordinateUncertaintyInMeters from decimal-place precision (conservative). | epi_taxo: acceptedName(match1); authorship_epig(match1); genus_from_scientificName; family_WFO; order_majorGroup_WCVP [2026-03-11] | CoordinateCleaner QA applied without sea test (validity, equal, zeros, capitals, centroids, gbif, institutions) [2026-03-29]","","Colección","J.M.M.","J.M.M."
"517","HEM2025_0517","PreservedSpecimen","Coleccion",NA,"UNICACH","SPECIES","HEM","H.R.E.","9","H.R.E.","E","HEM2025",1,"Catopsis sessiliflora",15.7213888888889,-92.9522222222222,"2005-04-22","change1: Filled coordinateUncertaintyInMeters from decimal-place precision (conservative). | epi_taxo: acceptedName(match1); authorship_epig(match1); genus_from_scientificName; family_WFO; order_majorGroup_WCVP [2026-03-11] | CoordinateCleaner QA applied without sea test (validity, equal, zeros, capitals, centroids, gbif, institutions) [2026-03-29]","","Colección","H.R.E.","H.R.E."
"518","HEM2025_0518","PreservedSpecimen","Coleccion",NA,"UNICACH","SPECIES","HEM","H.R.E.","57","H.R.E.","E","HEM2025",1,"Catopsis sessiliflora",15.5490833333333,-92.6077222222222,"2005-07-21","change1: Filled coordinateUncertaintyInMeters from decimal-place precision (conservative). | epi_taxo: acceptedName(match1); authorship_epig(match1); genus_from_scientificName; family_WFO; order_majorGroup_WCVP [2026-03-11] | CoordinateCleaner QA applied without sea test (validity, equal, zeros, capitals, centroids, gbif, institutions) [2026-03-29]","","Colección","H.R.E.","H.R.E."
"519","HEM2025_0519","PreservedSpecimen","Coleccion",NA,"UNICACH","SPECIES","HEM","H.R.E.","28-bis","H.R.E.","E","HEM2025",1,"Catopsis sessiliflora",16.7671388888889,-93.1065,"2005-05-19","change1: Filled coordinateUncertaintyInMeters from decimal-place precision (conservative). | epi_taxo: acceptedName(match1); authorship_epig(match1); genus_from_scientificName; family_WFO; order_majorGroup_WCVP [2026-03-11] | CoordinateCleaner QA applied without sea test (validity, equal, zeros, capitals, centroids, gbif, institutions) [2026-03-29]","","Colección","H.R.E.","H.R.E."
"520","HEM2025_0520","PreservedSpecimen","Coleccion",NA,"UNICACH","SPECIES","HEM","Perez-Farrera, M.A.","1424","Espejo, A. | A.R.L.F.","E","HEM2025",1,"Catopsis sessiliflora",16.3386111111111,-93.8702777777778,"1996-11-19","change1: Filled coordinateUncertaintyInMeters from decimal-place precision (conservative). | epi_taxo: acceptedName(match1); authorship_epig(match1); genus_from_scientificName; family_WFO; order_majorGroup_WCVP [2026-03-11] | CoordinateCleaner QA applied without sea test (validity, equal, zeros, capitals, centroids, gbif, institutions) [2026-03-29]","standardized authors names in recordedBy / standardized authors names in identifiedBy","Colección","M.A. Pérez-Farrera","A. Espejo & A.R.L.F."
"521","HEM2025_0521","PreservedSpecimen","Coleccion",NA,"UNICACH","SPECIES","HEM","H.G.D.","497","O.F.S.","E","HEM2025",1,"Catopsis sessiliflora",16.0888888888889,-93.4169444444445,"2004-01-31","change1: Filled coordinateUncertaintyInMeters from decimal-place precision (conservative). | epi_taxo: acceptedName(match1); authorship_epig(match1); genus_from_scientificName; family_WFO; order_majorGroup_WCVP [2026-03-11] | CoordinateCleaner QA applied without sea test (validity, equal, zeros, capitals, centroids, gbif, institutions) [2026-03-29]","","Colección","H.G.D.","O.F.S."
"522","HEM2025_0522","PreservedSpecimen","Coleccion",NA,"UNICACH","SPECIES","HEM","M.N.M.G.","486","Espejo, A. | A.R.L.F.","E","HEM2025",1,"Catopsis sessiliflora",15.9877777777778,-93.4830555555556,"2002-08-21","change1: Filled coordinateUncertaintyInMeters from decimal-place precision (conservative). | epi_taxo: acceptedName(match1); authorship_epig(match1); genus_from_scientificName; family_WFO; order_majorGroup_WCVP [2026-03-11] | CoordinateCleaner QA applied without sea test (validity, equal, zeros, capitals, centroids, gbif, institutions) [2026-03-29]","standardized authors names in identifiedBy","Colección","M.N.M.G.","A. Espejo & A.R.L.F."
"523","HEM2025_0523","PreservedSpecimen","Coleccion",NA,"UNICACH","SPECIES","HEM","M.L.P.H.","1","O.F.S.","E","HEM2025",1,"Catopsis sessiliflora",15.9841666666667,-93.2883333333333,"2003-05-06","change1: Filled coordinateUncertaintyInMeters from decimal-place precision (conservative). | epi_taxo: acceptedName(match1); authorship_epig(match1); genus_from_scientificName; family_WFO; order_majorGroup_WCVP [2026-03-11] | CoordinateCleaner QA applied without sea test (validity, equal, zeros, capitals, centroids, gbif, institutions) [2026-03-29]","","Colección","M.L.P.H.","O.F.S."
"524","HEM2025_0524","PreservedSpecimen","Coleccion",NA,"UNICACH","SPECIES","HEM","P.C. | V.M.","33","N.M.M.","E","HEM2025",1,"Catopsis sessiliflora",15.1222222222222,-92.4180555555556,"1998-11-14","change1: Filled coordinateUncertaintyInMeters from decimal-place precision (conservative). | epi_taxo: acceptedName(match1); authorship_epig(match1); genus_from_scientificName; family_WFO; order_majorGroup_WCVP [2026-03-11] | CoordinateCleaner QA applied without sea test (validity, equal, zeros, capitals, centroids, gbif, institutions) [2026-03-29]","standardized authors names in recordedBy","Colección","P.C. & V.M.","N.M.M."
"525","HEM2025_0525","PreservedSpecimen","Coleccion",NA,"UNICACH","SPECIES","HEM","L.M.E.C.","19","J.M.M.","E","HEM2025",1,"Catopsis sessiliflora",16.9211111111111,-93.6658333333333,"2007-04-23","change1: Filled coordinateUncertaintyInMeters from decimal-place precision (conservative). | epi_taxo: acceptedName(match1); authorship_epig(match1); genus_from_scientificName; family_WFO; order_majorGroup_WCVP [2026-03-11] | CoordinateCleaner QA applied without sea test (validity, equal, zeros, capitals, centroids, gbif, institutions) [2026-03-29]","","Colección","L.M.E.C.","J.M.M."
"526","HEM2025_0526","PreservedSpecimen","Coleccion",NA,"UNICACH","SPECIES","HEM","M.A.B.R.","143","J.A.E.J.","E","HEM2025",1,"Catopsis sessiliflora",17.0168333333333,-93.1320944444444,"2009-09-15","change1: Filled coordinateUncertaintyInMeters from decimal-place precision (conservative). | epi_taxo: acceptedName(match1); authorship_epig(match1); genus_from_scientificName; family_WFO; order_majorGroup_WCVP [2026-03-11] | CoordinateCleaner QA applied without sea test (validity, equal, zeros, capitals, centroids, gbif, institutions) [2026-03-29]","","Colección","M.A.B.R.","J.A.E.J."
"527","HEM2025_0527","PreservedSpecimen","Coleccion",NA,"UNICACH","SPECIES","HEM","J.A.E.J. | A.L.C. | M.M.M. | M.A.B.R.","1052","J.M.M.","E","HEM2025",1,"Catopsis sessiliflora",16.9681166666667,-92.9768666666667,"2009-10-27","change1: Filled coordinateUncertaintyInMeters from decimal-place precision (conservative). | epi_taxo: acceptedName(match1); authorship_epig(match1); genus_from_scientificName; family_WFO; order_majorGroup_WCVP [2026-03-11] | CoordinateCleaner QA applied without sea test (validity, equal, zeros, capitals, centroids, gbif, institutions) [2026-03-29]","standardized authors names in recordedBy","Colección","J.A.E.J. & A.L.C. & M.M.M. & M.A.B.R.","J.M.M."
"528","HEM2025_0528","PreservedSpecimen","Coleccion",NA,"UNICACH","SPECIES","HEM","J.M.M.","80","O.F.S.","E","HEM2025",1,"Catopsis sessiliflora",16.0555555555556,-93.3425,"2002-09-28","change1: Filled coordinateUncertaintyInMeters from decimal-place precision (conservative). | epi_taxo: acceptedName(match1); authorship_epig(match1); genus_from_scientificName; family_WFO; order_majorGroup_WCVP [2026-03-11] | CoordinateCleaner QA applied without sea test (validity, equal, zeros, capitals, centroids, gbif, institutions) [2026-03-29]","","Colección","J.M.M.","O.F.S."
"529","HEM2025_0529","PreservedSpecimen","Coleccion",NA,"UNICACH","SPECIES","HEM","Najarro, F.H. | C.M.M.","1613","O.F.S.","E","HEM2025",1,"Catopsis sessiliflora",16.0919444444444,-93.3222222222222,"2004-01-31","change1: Filled coordinateUncertaintyInMeters from decimal-place precision (conservative). | epi_taxo: acceptedName(match1); authorship_epig(match1); genus_from_scientificName; family_WFO; order_majorGroup_WCVP [2026-03-11] | CoordinateCleaner QA applied without sea test (validity, equal, zeros, capitals, centroids, gbif, institutions) [2026-03-29]","standardized authors names in recordedBy","Colección","F.H. Najarro & C.M.M.","O.F.S."
"530","HEM2025_0530","PreservedSpecimen","Coleccion",NA,"UNICACH","SPECIES","HEM","M.M.M. | M.A.D.V.","2141","N.M.M. | J.M.M.","E","HEM2025",1,"Catopsis sessiliflora",15.04225,-92.1473611111111,"2013-06-30","change1: Filled coordinateUncertaintyInMeters from decimal-place precision (conservative). | epi_taxo: acceptedName(match1); authorship_epig(match1); genus_from_scientificName; family_WFO; order_majorGroup_WCVP [2026-03-11] | CoordinateCleaner QA applied without sea test (validity, equal, zeros, capitals, centroids, gbif, institutions) [2026-03-29]","standardized authors names in recordedBy / standardized authors names in identifiedBy","Colección","M.M.M. & M.A.D.V.","N.M.M. & J.M.M."
"531","HEM2025_0531","PreservedSpecimen","Coleccion",NA,"UNICACH","SPECIES","HEM","M.M.M. | Camilo, R.M. | E.A.M.A. | M.I.L.R. | N.A.F.R.","4759","N.M.M.","E","HEM2025",1,"Catopsis sessiliflora",15.0926111111111,-92.1466944444444,"2014-07-07","change1: Filled coordinateUncertaintyInMeters from decimal-place precision (conservative). | epi_taxo: acceptedName(match1); authorship_epig(match1); genus_from_scientificName; family_WFO; order_majorGroup_WCVP [2026-03-11] | CoordinateCleaner QA applied without sea test (validity, equal, zeros, capitals, centroids, gbif, institutions) [2026-03-29]","standardized authors names in recordedBy","Colección","M.M.M. & R.M. Camilo & E.A.M.A. & M.I.L.R. & N.A.F.R.","N.M.M."
"532","HEM2025_0532","PreservedSpecimen","Coleccion",NA,"UNICACH","SPECIES","HEM","M.M.M. | A.L.C.","4844","N.M.M.","E","HEM2025",1,"Catopsis sessiliflora",15.0942222222222,-92.1718611111111,"2014-08-15","change1: Filled coordinateUncertaintyInMeters from decimal-place precision (conservative). | epi_taxo: acceptedName(match1); authorship_epig(match1); genus_from_scientificName; family_WFO; order_majorGroup_WCVP [2026-03-11] | CoordinateCleaner QA applied without sea test (validity, equal, zeros, capitals, centroids, gbif, institutions) [2026-03-29]","standardized authors names in recordedBy","Colección","M.M.M. & A.L.C.","N.M.M."
"533","HEM2025_0533","PreservedSpecimen","Coleccion",NA,"UNICACH","SPECIES","HEM","M.M.M. | M.C.R.M.","5059","N.M.M.","E","HEM2025",1,"Catopsis sessiliflora",15.0993611111111,-92.1659722222222,"2014-09-16","change1: Filled coordinateUncertaintyInMeters from decimal-place precision (conservative). | epi_taxo: acceptedName(match1); authorship_epig(match1); genus_from_scientificName; family_WFO; order_majorGroup_WCVP [2026-03-11] | CoordinateCleaner QA applied without sea test (validity, equal, zeros, capitals, centroids, gbif, institutions) [2026-03-29]","standardized authors names in recordedBy","Colección","M.M.M. & M.C.R.M.","N.M.M."
"534","HEM2025_0534","PreservedSpecimen","Coleccion",NA,"UNICACH","SPECIES","HEM","M.M.M. | M.C.R.M.","5062","N.M.M.","E","HEM2025",1,"Catopsis sessiliflora",15.0993611111111,-92.1659722222222,"2014-09-16","change1: Filled coordinateUncertaintyInMeters from decimal-place precision (conservative). | epi_taxo: acceptedName(match1); authorship_epig(match1); genus_from_scientificName; family_WFO; order_majorGroup_WCVP [2026-03-11] | CoordinateCleaner QA applied without sea test (validity, equal, zeros, capitals, centroids, gbif, institutions) [2026-03-29]","standardized authors names in recordedBy","Colección","M.M.M. & M.C.R.M.","N.M.M."
"535","HEM2025_0535","PreservedSpecimen","Coleccion",NA,"UNICACH","SPECIES","HEM","M.M.M. | M.C.R.M.","5167","N.M.M.","E","HEM2025",1,"Catopsis sessiliflora",15.1046944444444,-92.1807222222222,"2014-09-17","change1: Filled coordinateUncertaintyInMeters from decimal-place precision (conservative). | epi_taxo: acceptedName(match1); authorship_epig(match1); genus_from_scientificName; family_WFO; order_majorGroup_WCVP [2026-03-11] | CoordinateCleaner QA applied without sea test (validity, equal, zeros, capitals, centroids, gbif, institutions) [2026-03-29]","standardized authors names in recordedBy","Colección","M.M.M. & M.C.R.M.","N.M.M."
"536","HEM2025_0536","PreservedSpecimen","Coleccion",NA,"UNICACH","SPECIES","HEM","M.M.M. | M.C.R.M.","5217","N.M.M.","E","HEM2025",1,"Catopsis sessiliflora",15.1086388888889,-92.1911666666667,"2014-09-20","change1: Filled coordinateUncertaintyInMeters from decimal-place precision (conservative). | epi_taxo: acceptedName(match1); authorship_epig(match1); genus_from_scientificName; family_WFO; order_majorGroup_WCVP [2026-03-11] | CoordinateCleaner QA applied without sea test (validity, equal, zeros, capitals, centroids, gbif, institutions) [2026-03-29]","standardized authors names in recordedBy","Colección","M.M.M. & M.C.R.M.","N.M.M."
"537","HEM2025_0537","PreservedSpecimen","Coleccion",NA,"UNICACH","SPECIES","HEM","Camilo, R.M. | N.M.M.","2580","Camilo, R.M.","E","HEM2025",1,"Catopsis sessiliflora",15.0969444444444,-92.1347222222222,"2014-08-15","change1: Filled coordinateUncertaintyInMeters from decimal-place precision (conservative). | epi_taxo: acceptedName(match1); authorship_epig(match1); genus_from_scientificName; family_WFO; order_majorGroup_WCVP [2026-03-11] | CoordinateCleaner QA applied without sea test (validity, equal, zeros, capitals, centroids, gbif, institutions) [2026-03-29]","standardized authors names in recordedBy / standardized authors names in identifiedBy","Colección","R.M. Camilo & N.M.M.","R.M. Camilo"
"538","HEM2025_0538","PreservedSpecimen","Coleccion",NA,"UNICACH","SPECIES","HEM","Camilo, R.M. | N.M.M.","2635","Camilo, R.M.","E","HEM2025",1,"Catopsis sessiliflora",15.0988611111111,-92.1681388888889,"2014-08-16","change1: Filled coordinateUncertaintyInMeters from decimal-place precision (conservative). | epi_taxo: acceptedName(match1); authorship_epig(match1); genus_from_scientificName; family_WFO; order_majorGroup_WCVP [2026-03-11] | CoordinateCleaner QA applied without sea test (validity, equal, zeros, capitals, centroids, gbif, institutions) [2026-03-29]","standardized authors names in recordedBy / standardized authors names in identifiedBy","Colección","R.M. Camilo & N.M.M.","R.M. Camilo"
"539","HEM2025_0539","PreservedSpecimen","Coleccion",NA,"UNICACH","SPECIES","HEM","N.M.M. | R.V.H.","3830","N.M.M.","E","HEM2025",1,"Catopsis sessiliflora",15.1259444444444,-92.18,"2014-09-23","change1: Filled coordinateUncertaintyInMeters from decimal-place precision (conservative). | epi_taxo: acceptedName(match1); authorship_epig(match1); genus_from_scientificName; family_WFO; order_majorGroup_WCVP [2026-03-11] | CoordinateCleaner QA applied without sea test (validity, equal, zeros, capitals, centroids, gbif, institutions) [2026-03-29]","standardized authors names in recordedBy","Colección","N.M.M. & R.V.H.","N.M.M."
"540","HEM2025_0540","PreservedSpecimen","Coleccion",NA,"UNICACH","SPECIES","HEM","N.M.M. | R.V.H.","3837","N.M.M.","E","HEM2025",1,"Catopsis sessiliflora",15.1259444444444,-92.18,"2014-09-23","change1: Filled coordinateUncertaintyInMeters from decimal-place precision (conservative). | epi_taxo: acceptedName(match1); authorship_epig(match1); genus_from_scientificName; family_WFO; order_majorGroup_WCVP [2026-03-11] | CoordinateCleaner QA applied without sea test (validity, equal, zeros, capitals, centroids, gbif, institutions) [2026-03-29]","standardized authors names in recordedBy","Colección","N.M.M. & R.V.H.","N.M.M."
"541","HEM2025_0541","PreservedSpecimen","Coleccion",NA,"UNICACH","SPECIES","HEM","Camilo, R.M. | M.I.L.R. | N.A.F.R.","2385","Camilo, R.M.","E","HEM2025",1,"Catopsis sessiliflora",15.0972222222222,-92.1427777777778,"2014-07-08","change1: Filled coordinateUncertaintyInMeters from decimal-place precision (conservative). | epi_taxo: acceptedName(match1); authorship_epig(match1); genus_from_scientificName; family_WFO; order_majorGroup_WCVP [2026-03-11] | CoordinateCleaner QA applied without sea test (validity, equal, zeros, capitals, centroids, gbif, institutions) [2026-03-29]","standardized authors names in recordedBy / standardized authors names in identifiedBy","Colección","R.M. Camilo & M.I.L.R. & N.A.F.R.","R.M. Camilo"
"542","HEM2025_0542","PreservedSpecimen","Coleccion",NA,"UNICACH","SPECIES","HEM","Perez-Farrera, M.A.","831","Espejo, A. | A.R.L.F.","E","HEM2025",1,"Catopsis sessiliflora",16.8583333333333,-93.1441666666667,"1995-11-01","change1: Filled coordinateUncertaintyInMeters from decimal-place precision (conservative). | epi_taxo: acceptedName(match1); authorship_epig(match1); genus_from_scientificName; family_WFO; order_majorGroup_WCVP [2026-03-11] | CoordinateCleaner QA applied without sea test (validity, equal, zeros, capitals, centroids, gbif, institutions) [2026-03-29]","standardized authors names in recordedBy / standardized authors names in identifiedBy","Colección","M.A. Pérez-Farrera","A. Espejo & A.R.L.F."
"543","HEM2025_0543","PreservedSpecimen","Coleccion",NA,"UNICACH","SPECIES","HEM","Perez-Farrera, M.A.","2772","Espejo, A. | A.R.L.F.","E","HEM2025",1,"Catopsis sessiliflora",15.8775,-93.2275,"2002-05-25","change1: Filled coordinateUncertaintyInMeters from decimal-place precision (conservative). | epi_taxo: acceptedName(match1); authorship_epig(match1); genus_from_scientificName; family_WFO; order_majorGroup_WCVP [2026-03-11] | CoordinateCleaner QA applied without sea test (validity, equal, zeros, capitals, centroids, gbif, institutions) [2026-03-29]","standardized authors names in recordedBy / standardized authors names in identifiedBy","Colección","M.A. Pérez-Farrera","A. Espejo & A.R.L.F."
"544","HEM2025_0544","PreservedSpecimen","Coleccion",NA,"UNICACH","SPECIES","HEM","N.M.M.","2268","N.M.M.","E","HEM2025",1,"Catopsis sessiliflora",17.1916666666667,-92.2658333333333,"2000-04-10","change1: Filled coordinateUncertaintyInMeters from decimal-place precision (conservative). | epi_taxo: acceptedName(match1); authorship_epig(match1); genus_from_scientificName; family_WFO; order_majorGroup_WCVP [2026-03-11] | CoordinateCleaner QA applied without sea test (validity, equal, zeros, capitals, centroids, gbif, institutions) [2026-03-29]","","Colección","N.M.M.","N.M.M."
"545","HEM2025_0545","PreservedSpecimen","Coleccion",NA,"UNICACH","SPECIES","HEM","N.M.M.","2268","N.M.M.","E","HEM2025",1,"Catopsis sessiliflora",17.1916666666667,-92.2658333333333,"2000-04-10","change1: Filled coordinateUncertaintyInMeters from decimal-place precision (conservative). | epi_taxo: acceptedName(match1); authorship_epig(match1); genus_from_scientificName; family_WFO; order_majorGroup_WCVP [2026-03-11] | CoordinateCleaner QA applied without sea test (validity, equal, zeros, capitals, centroids, gbif, institutions) [2026-03-29]","","Colección","N.M.M.","N.M.M."
"546","HEM2025_0546","PreservedSpecimen","Coleccion",NA,"UNICACH","SPECIES","HEM","Perez-Farrera, M.A.","487","Espejo, A. | A.R.L.F.","E","HEM2025",1,"Catopsis sessiliflora",15.9416666666667,-93.2916666666667,"1995-07-11","change1: Filled coordinateUncertaintyInMeters from decimal-place precision (conservative). | epi_taxo: acceptedName(match1); authorship_epig(match1); genus_from_scientificName; family_WFO; order_majorGroup_WCVP [2026-03-11] | CoordinateCleaner QA applied without sea test (validity, equal, zeros, capitals, centroids, gbif, institutions) [2026-03-29]","standardized authors names in recordedBy / standardized authors names in identifiedBy","Colección","M.A. Pérez-Farrera","A. Espejo & A.R.L.F."
"547","HEM2025_0547","PreservedSpecimen","Coleccion",NA,"UNICACH","SPECIES","HEM","P.C. | V.M.","33","N.M.C.","E","HEM2025",1,"Catopsis sessiliflora",15.1222222222222,-92.4180555555556,"1998-11-14","change1: Filled coordinateUncertaintyInMeters from decimal-place precision (conservative). | epi_taxo: acceptedName(match1); authorship_epig(match1); genus_from_scientificName; family_WFO; order_majorGroup_WCVP [2026-03-11] | CoordinateCleaner QA applied without sea test (validity, equal, zeros, capitals, centroids, gbif, institutions) [2026-03-29]","standardized authors names in recordedBy","Colección","P.C. & V.M.","N.M.C."
"548","HEM2025_0548","PreservedSpecimen","Coleccion",NA,"UNICACH","GENUS","HEM","M.M.M. | N.M.M. | R.J.R.V. | E.C.N.","4442","N.M.M.","E","HEM2025",NA,"",15.0975833333333,-92.1434166666667,"2014-06-19","change1: Genus placeholder (sp./spp.): moved to 'genus', set taxonRank=GENUS, cleared scientificName; kept original in verbatim. | change2: Filled coordinateUncertaintyInMeters from decimal-place precision (conservative). | epi_taxo: acceptedName(match1); authorship_epig(match1); genus_from_scientificName; family_WFO; order_majorGroup_WCVP [2026-03-11] | CoordinateCleaner QA applied without sea test (validity, equal, zeros, capitals, centroids, gbif, institutions) [2026-03-29]","standardized authors names in recordedBy","Colección","M.M.M. & N.M.M. & R.J.R.V. & E.C.N.","N.M.M."
"549","HEM2025_0549","PreservedSpecimen","Coleccion",NA,"UNICACH","GENUS","HEM","D.C.H.","4","Espejo, A. | A.R.L.F.","E","HEM2025",NA,"",17.1563888888889,-93.1658333333333,"1993-03-13","change1: Genus placeholder (sp./spp.): moved to 'genus', set taxonRank=GENUS, cleared scientificName; kept original in verbatim. | change2: Filled coordinateUncertaintyInMeters from decimal-place precision (conservative). | epi_taxo: acceptedName(match1); authorship_epig(match1); genus_from_scientificName; family_WFO; order_majorGroup_WCVP [2026-03-11] | CoordinateCleaner QA applied without sea test (validity, equal, zeros, capitals, centroids, gbif, institutions) [2026-03-29]","standardized authors names in identifiedBy","Colección","D.C.H.","A. Espejo & A.R.L.F."
"550","HEM2025_0550","PreservedSpecimen","Coleccion",NA,"UNICACH","GENUS","HEM","P.C. | V.M.","53","Espejo, A. | A.R.L.F.","E","HEM2025",NA,"",15.3944444444444,-92.6166666666667,"1998-11-27","change1: Genus placeholder (sp./spp.): moved to 'genus', set taxonRank=GENUS, cleared scientificName; kept original in verbatim. | change2: Filled coordinateUncertaintyInMeters from decimal-place precision (conservative). | epi_taxo: acceptedName(match1); authorship_epig(match1); genus_from_scientificName; family_WFO; order_majorGroup_WCVP [2026-03-11] | CoordinateCleaner QA applied without sea test (validity, equal, zeros, capitals, centroids, gbif, institutions) [2026-03-29]","standardized authors names in recordedBy / standardized authors names in identifiedBy","Colección","P.C. & V.M.","A. Espejo & A.R.L.F."
"551","HEM2025_0551","PreservedSpecimen","Coleccion",NA,"UNICACH","SPECIES","HEM","Perez-Farrera, M.A.","3002-bis","Espejo, A. | A.R.L.F.","E","HEM2025",1,"Catopsis subulata",16.2100555555556,-93.5839166666667,"2006-08-10","change1: Filled coordinateUncertaintyInMeters from decimal-place precision (conservative). | epi_taxo: acceptedName(match1); authorship_epig(match1); genus_from_scientificName; family_WFO; order_majorGroup_WCVP [2026-03-11] | CoordinateCleaner QA applied without sea test (validity, equal, zeros, capitals, centroids, gbif, institutions) [2026-03-29]","standardized authors names in recordedBy / standardized authors names in identifiedBy","Colección","M.A. Pérez-Farrera","A. Espejo & A.R.L.F."
"552","HEM2025_0552","PreservedSpecimen","Coleccion",NA,"UNICACH","SPECIES","HEM","Perez-Farrera, M.A.","1953","Perez-Farrera, M.A.","E","HEM2025",1,"Catopsis subulata",16.5108333333333,-94.1275,"1999-05-20","change1: Filled coordinateUncertaintyInMeters from decimal-place precision (conservative). | epi_taxo: acceptedName(match1); authorship_epig(match1); genus_from_scientificName; family_WFO; order_majorGroup_WCVP [2026-03-11] | CoordinateCleaner QA applied without sea test (validity, equal, zeros, capitals, centroids, gbif, institutions) [2026-03-29]","standardized authors names in recordedBy / standardized authors names in identifiedBy","Colección","M.A. Pérez-Farrera","M.A. Pérez-Farrera"
"553","HEM2025_0553","PreservedSpecimen","Coleccion",NA,"UNICACH","SPECIES","HEM","R.O.","13","Espejo, A. | A.R.L.F.","E","HEM2025",1,"Catopsis subulata",15.6805555555556,-92.5958333333333,"1998-06-23","change1: Filled coordinateUncertaintyInMeters from decimal-place precision (conservative). | epi_taxo: acceptedName(match1); authorship_epig(match1); genus_from_scientificName; family_WFO; order_majorGroup_WCVP [2026-03-11] | CoordinateCleaner QA applied without sea test (validity, equal, zeros, capitals, centroids, gbif, institutions) [2026-03-29]","standardized authors names in identifiedBy","Colección","R.O.","A. Espejo & A.R.L.F."
"554","HEM2025_0554","PreservedSpecimen","Coleccion",NA,"UNICACH","SPECIES","HEM","Camilo, R.M. | N.M.M.","1358","Camilo, R.M.","E","HEM2025",1,"Catopsis wangerinii",15.0888611111111,-92.0976388888889,"2012-05-24","change1: Filled coordinateUncertaintyInMeters from decimal-place precision (conservative). | epi_taxo: acceptedName(match1); authorship_epig(match1); genus_from_scientificName; family_WFO; order_majorGroup_WCVP [2026-03-11] | CoordinateCleaner QA applied without sea test (validity, equal, zeros, capitals, centroids, gbif, institutions) [2026-03-29]","standardized authors names in recordedBy / standardized authors names in identifiedBy","Colección","R.M. Camilo & N.M.M.","R.M. Camilo"
"555","HEM2025_0555","PreservedSpecimen","Coleccion",NA,"UNICACH","SPECIES","HEM","M.M.M. | M.C.R.M.","2697","N.M.M.","E","HEM2025",1,"Catopsis wangerinii",15.1569722222222,-92.1405555555556,"2013-11-16","change1: Filled coordinateUncertaintyInMeters from decimal-place precision (conservative). | epi_taxo: acceptedName(match1); authorship_epig(match1); genus_from_scientificName; family_WFO; order_majorGroup_WCVP [2026-03-11] | CoordinateCleaner QA applied without sea test (validity, equal, zeros, capitals, centroids, gbif, institutions) [2026-03-29]","standardized authors names in recordedBy","Colección","M.M.M. & M.C.R.M.","N.M.M."
"556","HEM2025_0556","PreservedSpecimen","Coleccion",NA,"UNICACH","SPECIES","HEM","Perez-Farrera, M.A.","1396","N.M.C.","E","HEM2025",1,"Catopsis wangerinii",15.7,-92.9361111111111,"1996-11-05","change1: Filled coordinateUncertaintyInMeters from decimal-place precision (conservative). | epi_taxo: acceptedName(match1); authorship_epig(match1); genus_from_scientificName; family_WFO; order_majorGroup_WCVP [2026-03-11] | CoordinateCleaner QA applied without sea test (validity, equal, zeros, capitals, centroids, gbif, institutions) [2026-03-29]","standardized authors names in recordedBy","Colección","M.A. Pérez-Farrera","N.M.C."
"557","HEM2025_0557","PreservedSpecimen","Coleccion",NA,"UNICACH","SPECIES","HEM","L.M.E.C.","14","Espejo, A. | A.R.L.F.","E","HEM2025",2,"Catopsis wawreana",16.9168888888889,-100.6775,"2007-04-23","change1: Filled coordinateUncertaintyInMeters from decimal-place precision (conservative). | epi_taxo: acceptedName(match1); authorship_epig(match1); genus_from_scientificName; family_WFO; order_majorGroup_WCVP [2026-03-11] | CoordinateCleaner QA applied without sea test (validity, equal, zeros, capitals, centroids, gbif, institutions) [2026-03-29]","standardized authors names in identifiedBy","Colección","L.M.E.C.","A. Espejo & A.R.L.F."
"558","HEM2025_0558","PreservedSpecimen","Coleccion",NA,"UNICACH","SPECIES","HEM","B.C.L.","23","N.M.M.","E","HEM2025",1,"Guzmania lingulata",16.0831944444444,-91.10375,"2005-03-06","change1: Filled coordinateUncertaintyInMeters from decimal-place precision (conservative). | epi_taxo: acceptedName(match1); authorship_epig(match1); genus_from_scientificName; family_WFO; order_majorGroup_WCVP [2026-03-11] | CoordinateCleaner QA applied without sea test (validity, equal, zeros, capitals, centroids, gbif, institutions) [2026-03-29]","","Colección","B.C.L.","N.M.M."
"559","HEM2025_0559","PreservedSpecimen","Coleccion",NA,"UNICACH","SPECIES","HEM","M.M.M. | M.C.R.M.","5123","N.M.M.","E","HEM2025",1,"Pitcairnia atrorubens",15.1046944444444,-92.1807222222222,"2014-09-17","change1: Filled coordinateUncertaintyInMeters from decimal-place precision (conservative). | epi_taxo: acceptedName(match1); authorship_epig(match1); genus_from_scientificName; family_WFO; order_majorGroup_WCVP [2026-03-11] | CoordinateCleaner QA applied without sea test (validity, equal, zeros, capitals, centroids, gbif, institutions) [2026-03-29]","standardized authors names in recordedBy","Colección","M.M.M. & M.C.R.M.","N.M.M."
"560","HEM2025_0560","PreservedSpecimen","Coleccion",NA,"UNICACH","SPECIES","HEM","M.M.M. | M.A.D.V.","1761","Camilo, R.M.","HE","HEM2025",3,"Pitcairnia bakeri",15.0959444444444,-92.11525,"2013-05-26","change1: Filled coordinateUncertaintyInMeters from decimal-place precision (conservative). | epi_taxo: acceptedName(match1); authorship_epig(match1); genus_from_scientificName; family_WFO; order_majorGroup_WCVP [2026-03-11] | CoordinateCleaner QA applied without sea test (validity, equal, zeros, capitals, centroids, gbif, institutions) [2026-03-29]","standardized authors names in recordedBy / standardized authors names in identifiedBy","Colección","M.M.M. & M.A.D.V.","R.M. Camilo"
"561","HEM2025_0561","PreservedSpecimen","Coleccion",NA,"UNICACH","SPECIES","HEM","C.A.P.B.","70","N.M.M.","HE","HEM2025",3,"Pitcairnia clarkii",15.8220555555556,-93.0455555555556,"2005-07-17","change1: Filled coordinateUncertaintyInMeters from decimal-place precision (conservative). | epi_taxo: acceptedName(match1); authorship_epig(match1); genus_from_scientificName; family_WFO; order_majorGroup_WCVP [2026-03-11] | CoordinateCleaner QA applied without sea test (validity, equal, zeros, capitals, centroids, gbif, institutions) [2026-03-29]","","Colección","C.A.P.B.","N.M.M."
"562","HEM2025_0562","PreservedSpecimen","Coleccion",NA,"UNICACH","SPECIES","HEM","G.L.V.","214","G.L.V.","E","HEM2025",1,"Pitcairnia heterophylla",15.1027777777778,-92.0880555555556,"2005-11-23","change1: Filled coordinateUncertaintyInMeters from decimal-place precision (conservative). | epi_taxo: acceptedName(match1); authorship_epig(match1); genus_from_scientificName; family_WFO; order_majorGroup_WCVP [2026-03-11] | CoordinateCleaner QA applied without sea test (validity, equal, zeros, capitals, centroids, gbif, institutions) [2026-03-29]","","Colección","G.L.V.","G.L.V."
"563","HEM2025_0563","PreservedSpecimen","Coleccion",NA,"UNICACH","SPECIES","HEM","V.A.G.L.","23","V.A.G.L.","E","HEM2025",1,"Pitcairnia heterophylla",16.2336111111111,-93.1272222222222,"2005-10-25","change1: Filled coordinateUncertaintyInMeters from decimal-place precision (conservative). | epi_taxo: acceptedName(match1); authorship_epig(match1); genus_from_scientificName; family_WFO; order_majorGroup_WCVP [2026-03-11] | CoordinateCleaner QA applied without sea test (validity, equal, zeros, capitals, centroids, gbif, institutions) [2026-03-29]","","Colección","V.A.G.L.","V.A.G.L."
"564","HEM2025_0564","PreservedSpecimen","Coleccion",NA,"UNICACH","SPECIES","HEM","J.M.M.","1234","J.M.M.","E","HEM2025",1,"Pitcairnia heterophylla",15.5648611111111,-92.6209722222222,"2006-03-25","change1: Filled coordinateUncertaintyInMeters from decimal-place precision (conservative). | epi_taxo: acceptedName(match1); authorship_epig(match1); genus_from_scientificName; family_WFO; order_majorGroup_WCVP [2026-03-11] | CoordinateCleaner QA applied without sea test (validity, equal, zeros, capitals, centroids, gbif, institutions) [2026-03-29]","","Colección","J.M.M.","J.M.M."
"565","HEM2025_0565","PreservedSpecimen","Coleccion",NA,"UNICACH","SPECIES","HEM","N.M.M.","1250","N.M.M.","E","HEM2025",1,"Pitcairnia heterophylla",16.8833333333333,-93.1105555555555,"2006-01-29","change1: Filled coordinateUncertaintyInMeters from decimal-place precision (conservative). | epi_taxo: acceptedName(match1); authorship_epig(match1); genus_from_scientificName; family_WFO; order_majorGroup_WCVP [2026-03-11] | CoordinateCleaner QA applied without sea test (validity, equal, zeros, capitals, centroids, gbif, institutions) [2026-03-29]","","Colección","N.M.M.","N.M.M."
"566","HEM2025_0566","PreservedSpecimen","Coleccion",NA,"UNICACH","SPECIES","HEM","N.M.M.","1898","N.M.M.","E","HEM2025",1,"Pitcairnia heterophylla",15.4441666666667,-92.6608333333333,"2006-11-16","change1: Filled coordinateUncertaintyInMeters from decimal-place precision (conservative). | epi_taxo: acceptedName(match1); authorship_epig(match1); genus_from_scientificName; family_WFO; order_majorGroup_WCVP [2026-03-11] | CoordinateCleaner QA applied without sea test (validity, equal, zeros, capitals, centroids, gbif, institutions) [2026-03-29]","","Colección","N.M.M.","N.M.M."
"567","HEM2025_0567","PreservedSpecimen","Coleccion",NA,"UNICACH","SPECIES","HEM","Camilo, R.M.","528","Espejo, A. | A.R.L.F.","E","HEM2025",1,"Pitcairnia heterophylla",15.8138888888889,-93.0305555555556,"2002-03-15","change1: Filled coordinateUncertaintyInMeters from decimal-place precision (conservative). | epi_taxo: acceptedName(match1); authorship_epig(match1); genus_from_scientificName; family_WFO; order_majorGroup_WCVP [2026-03-11] | CoordinateCleaner QA applied without sea test (validity, equal, zeros, capitals, centroids, gbif, institutions) [2026-03-29]","standardized authors names in recordedBy / standardized authors names in identifiedBy","Colección","R.M. Camilo","A. Espejo & A.R.L.F."
"568","HEM2025_0568","PreservedSpecimen","Coleccion",NA,"UNICACH","SPECIES","HEM","J.C.R.","211","Perez-Farrera, M.A.","E","HEM2025",1,"Pitcairnia heterophylla",15.855,-93.1397222222222,"2000-03-22","change1: Filled coordinateUncertaintyInMeters from decimal-place precision (conservative). | epi_taxo: acceptedName(match1); authorship_epig(match1); genus_from_scientificName; family_WFO; order_majorGroup_WCVP [2026-03-11] | CoordinateCleaner QA applied without sea test (validity, equal, zeros, capitals, centroids, gbif, institutions) [2026-03-29]","standardized authors names in identifiedBy","Colección","J.C.R.","M.A. Pérez-Farrera"
"569","HEM2025_0569","PreservedSpecimen","Coleccion",NA,"UNICACH","SPECIES","HEM","M.M.M. | M.A.D.V.","1057","A.L.C.","E","HEM2025",1,"Pitcairnia heterophylla",15.2513333333333,-92.2998611111111,"2013-03-07","change1: Filled coordinateUncertaintyInMeters from decimal-place precision (conservative). | epi_taxo: acceptedName(match1); authorship_epig(match1); genus_from_scientificName; family_WFO; order_majorGroup_WCVP [2026-03-11] | CoordinateCleaner QA applied without sea test (validity, equal, zeros, capitals, centroids, gbif, institutions) [2026-03-29]","standardized authors names in recordedBy","Colección","M.M.M. & M.A.D.V.","A.L.C."
"570","HEM2025_0570","PreservedSpecimen","Coleccion",NA,"UNICACH","SPECIES","HEM","M.M.M. | M.C.R.M.","2700","N.M.M.","E","HEM2025",1,"Pitcairnia heterophylla",15.1569722222222,-92.1405555555556,"2013-11-16","change1: Filled coordinateUncertaintyInMeters from decimal-place precision (conservative). | epi_taxo: acceptedName(match1); authorship_epig(match1); genus_from_scientificName; family_WFO; order_majorGroup_WCVP [2026-03-11] | CoordinateCleaner QA applied without sea test (validity, equal, zeros, capitals, centroids, gbif, institutions) [2026-03-29]","standardized authors names in recordedBy","Colección","M.M.M. & M.C.R.M.","N.M.M."
"571","HEM2025_0571","PreservedSpecimen","Coleccion",NA,"UNICACH","SPECIES","HEM","M.M.M. | D.A.J.L.","3770","N.M.M.","E","HEM2025",1,"Pitcairnia heterophylla",15.0900833333333,-92.0916388888889,"2014-01-21","change1: Filled coordinateUncertaintyInMeters from decimal-place precision (conservative). | epi_taxo: acceptedName(match1); authorship_epig(match1); genus_from_scientificName; family_WFO; order_majorGroup_WCVP [2026-03-11] | CoordinateCleaner QA applied without sea test (validity, equal, zeros, capitals, centroids, gbif, institutions) [2026-03-29]","standardized authors names in recordedBy","Colección","M.M.M. & D.A.J.L.","N.M.M."
"572","HEM2025_0572","PreservedSpecimen","Coleccion",NA,"UNICACH","SPECIES","HEM","Camilo, R.M. | R.V.H. | M.M.M.","2888","Camilo, R.M.","E","HEM2025",1,"Pitcairnia heterophylla",15.1259166666667,-92.1876944444444,"2015-03-25","change1: Filled coordinateUncertaintyInMeters from decimal-place precision (conservative). | epi_taxo: acceptedName(match1); authorship_epig(match1); genus_from_scientificName; family_WFO; order_majorGroup_WCVP [2026-03-11] | CoordinateCleaner QA applied without sea test (validity, equal, zeros, capitals, centroids, gbif, institutions) [2026-03-29]","standardized authors names in recordedBy / standardized authors names in identifiedBy","Colección","R.M. Camilo & R.V.H. & M.M.M.","R.M. Camilo"
"573","HEM2025_0573","PreservedSpecimen","Coleccion",NA,"UNICACH","SPECIES","HEM","M.M.M. | D.A.J.L. | R.J.R.V.","5501","N.M.M.","E","HEM2025",1,"Pitcairnia heterophylla",15.1071944444444,-92.1756666666667,"2015-03-25","change1: Filled coordinateUncertaintyInMeters from decimal-place precision (conservative). | epi_taxo: acceptedName(match1); authorship_epig(match1); genus_from_scientificName; family_WFO; order_majorGroup_WCVP [2026-03-11] | CoordinateCleaner QA applied without sea test (validity, equal, zeros, capitals, centroids, gbif, institutions) [2026-03-29]","standardized authors names in recordedBy","Colección","M.M.M. & D.A.J.L. & R.J.R.V.","N.M.M."
"574","HEM2025_0574","PreservedSpecimen","Coleccion",NA,"UNICACH","SPECIES","HEM","E.A.T.","34","Espejo, A. | A.R.L.F.","E","HEM2025",1,"Pitcairnia heterophylla",16.6430555555556,-93.3997222222222,"2002-05-04","change1: Filled coordinateUncertaintyInMeters from decimal-place precision (conservative). | epi_taxo: acceptedName(match1); authorship_epig(match1); genus_from_scientificName; family_WFO; order_majorGroup_WCVP [2026-03-11] | CoordinateCleaner QA applied without sea test (validity, equal, zeros, capitals, centroids, gbif, institutions) [2026-03-29]","standardized authors names in identifiedBy","Colección","E.A.T.","A. Espejo & A.R.L.F."
"575","HEM2025_0575","PreservedSpecimen","Coleccion",NA,"UNICACH","SPECIES","HEM","E.A.T.","34","Espejo, A. | A.R.L.F.","E","HEM2025",1,"Pitcairnia heterophylla",16.6430555555556,-93.3997222222222,"2002-05-04","change1: Filled coordinateUncertaintyInMeters from decimal-place precision (conservative). | epi_taxo: acceptedName(match1); authorship_epig(match1); genus_from_scientificName; family_WFO; order_majorGroup_WCVP [2026-03-11] | CoordinateCleaner QA applied without sea test (validity, equal, zeros, capitals, centroids, gbif, institutions) [2026-03-29]","standardized authors names in identifiedBy","Colección","E.A.T.","A. Espejo & A.R.L.F."
"576","HEM2025_0576","PreservedSpecimen","Coleccion",NA,"UNICACH","SPECIES","HEM","Perez-Farrera, M.A.","1558","Espejo, A. | A.R.L.F.","E","HEM2025",1,"Pitcairnia heterophylla",15.425,-92.6333333333333,"1996-12-15","change1: Filled coordinateUncertaintyInMeters from decimal-place precision (conservative). | epi_taxo: acceptedName(match1); authorship_epig(match1); genus_from_scientificName; family_WFO; order_majorGroup_WCVP [2026-03-11] | CoordinateCleaner QA applied without sea test (validity, equal, zeros, capitals, centroids, gbif, institutions) [2026-03-29]","standardized authors names in recordedBy / standardized authors names in identifiedBy","Colección","M.A. Pérez-Farrera","A. Espejo & A.R.L.F."
"577","HEM2025_0577","PreservedSpecimen","Coleccion",NA,"UNICACH","SPECIES","HEM","N.M.M.","719","N.M.M.","HE","HEM2025",1,"Pitcairnia heterophylla",15.8533333333333,-93.2118055555556,"2005-03-30","change1: Filled coordinateUncertaintyInMeters from decimal-place precision (conservative). | epi_taxo: acceptedName(match1); authorship_epig(match1); genus_from_scientificName; family_WFO; order_majorGroup_WCVP [2026-03-11] | CoordinateCleaner QA applied without sea test (validity, equal, zeros, capitals, centroids, gbif, institutions) [2026-03-29]","","Colección","N.M.M.","N.M.M."
"578","HEM2025_0578","PreservedSpecimen","Coleccion",NA,"UNICACH","SPECIES","HEM","H.G.D.","3915","M.A.P.P","HE","HEM2025",1,"Pitcairnia imbricata",16.9773138888889,-94.0783333333333,"2022-07-22","change1: Filled coordinateUncertaintyInMeters from decimal-place precision (conservative). | epi_taxo: acceptedName(match1); authorship_epig(match1); genus_from_scientificName; family_WFO; order_majorGroup_WCVP [2026-03-11] | CoordinateCleaner QA applied without sea test (validity, equal, zeros, capitals, centroids, gbif, institutions) [2026-03-29]","","Colección","H.G.D.","M.A.P.P"
"579","HEM2025_0579","PreservedSpecimen","Coleccion",NA,"UNICACH","SPECIES","HEM","G.C.L.H.","159","Espejo, A. | A.R.L.F.","HE","HEM2025",1,"Pitcairnia imbricata",15.8616666666667,-93.0844444444444,"2002-07-10","change1: Filled coordinateUncertaintyInMeters from decimal-place precision (conservative). | epi_taxo: acceptedName(match1); authorship_epig(match1); genus_from_scientificName; family_WFO; order_majorGroup_WCVP [2026-03-11] | CoordinateCleaner QA applied without sea test (validity, equal, zeros, capitals, centroids, gbif, institutions) [2026-03-29]","standardized authors names in identifiedBy","Colección","G.C.L.H.","A. Espejo & A.R.L.F."
"580","HEM2025_0580","PreservedSpecimen","Coleccion",NA,"UNICACH","SPECIES","HEM","Perez-Farrera, M.A.","488","Espejo, A. | A.R.L.F.","HE","HEM2025",1,"Pitcairnia imbricata",15.9416666666667,-93.2916666666667,"1995-07-11","change1: Filled coordinateUncertaintyInMeters from decimal-place precision (conservative). | epi_taxo: acceptedName(match1); authorship_epig(match1); genus_from_scientificName; family_WFO; order_majorGroup_WCVP [2026-03-11] | CoordinateCleaner QA applied without sea test (validity, equal, zeros, capitals, centroids, gbif, institutions) [2026-03-29]","standardized authors names in recordedBy / standardized authors names in identifiedBy","Colección","M.A. Pérez-Farrera","A. Espejo & A.R.L.F."
"581","HEM2025_0581","PreservedSpecimen","Coleccion",NA,"UNICACH","SPECIES","HEM","A.R.A.","42","Camilo, R.M.","HE","HEM2025",3,"Pitcairnia funkiae",16.9061111111111,-93.2366666666667,"2002-05-05","change1: Filled coordinateUncertaintyInMeters from decimal-place precision (conservative). | epi_taxo: acceptedName(match1); authorship_epig(match1); genus_from_scientificName; family_WFO; order_majorGroup_WCVP [2026-03-11] | CoordinateCleaner QA applied without sea test (validity, equal, zeros, capitals, centroids, gbif, institutions) [2026-03-29]","standardized authors names in identifiedBy","Colección","A.R.A.","R.M. Camilo"
"582","HEM2025_0582","PreservedSpecimen","Coleccion",NA,"UNICACH","SPECIES","HEM","A.R.A.","42","Camilo, R.M.","HE","HEM2025",3,"Pitcairnia funkiae",16.9061111111111,-93.2366666666667,"2002-05-05","change1: Filled coordinateUncertaintyInMeters from decimal-place precision (conservative). | epi_taxo: acceptedName(match1); authorship_epig(match1); genus_from_scientificName; family_WFO; order_majorGroup_WCVP [2026-03-11] | CoordinateCleaner QA applied without sea test (validity, equal, zeros, capitals, centroids, gbif, institutions) [2026-03-29]","standardized authors names in identifiedBy","Colección","A.R.A.","R.M. Camilo"
"583","HEM2025_0583","PreservedSpecimen","Coleccion",NA,"UNICACH","SPECIES","HEM","Perez-Farrera, M.A.","2271","Espejo, A. | A.R.L.F.","E","HEM2025",1,"Racinaea rothschuhiana",17.1916666666667,-92.2658333333333,"2000-04-10","change1: Filled coordinateUncertaintyInMeters from decimal-place precision (conservative). | epi_taxo: acceptedName(match1); authorship_epig(match1); genus_from_scientificName; family_WFO; order_majorGroup_WCVP [2026-03-11] | CoordinateCleaner QA applied without sea test (validity, equal, zeros, capitals, centroids, gbif, institutions) [2026-03-29]","standardized authors names in recordedBy / standardized authors names in identifiedBy","Colección","M.A. Pérez-Farrera","A. Espejo & A.R.L.F."
"584","HEM2025_0584","PreservedSpecimen","Coleccion",NA,"UNICACH","SPECIES","HEM","Perez-Farrera, M.A.","2271","Espejo, A. | A.R.L.F.","E","HEM2025",1,"Racinaea rothschuhiana",17.1916666666667,-92.2658333333333,"2000-04-10","change1: Filled coordinateUncertaintyInMeters from decimal-place precision (conservative). | epi_taxo: acceptedName(match1); authorship_epig(match1); genus_from_scientificName; family_WFO; order_majorGroup_WCVP [2026-03-11] | CoordinateCleaner QA applied without sea test (validity, equal, zeros, capitals, centroids, gbif, institutions) [2026-03-29]","standardized authors names in recordedBy / standardized authors names in identifiedBy","Colección","M.A. Pérez-Farrera","A. Espejo & A.R.L.F."
"585","HEM2025_0585","PreservedSpecimen","Coleccion",NA,"UNICACH","FORM","HEM","G.K.G.R.","24","G.K.G.R.","E","HEM2025",1,"Tillandsia balbisiana",16.9333333333333,-93.1866666666667,"2005-05-14","change1: Corrected taxonRank (SPECIES→FORM); kept scientificName as-is. | change2: Filled coordinateUncertaintyInMeters from decimal-place precision (conservative). | epi_taxo: acceptedName(match1); authorship_epig(match1); genus_from_scientificName; family_WFO; order_majorGroup_WCVP [2026-03-11] | CoordinateCleaner QA applied without sea test (validity, equal, zeros, capitals, centroids, gbif, institutions) [2026-03-29]","","Colección","G.K.G.R.","G.K.G.R."
"586","HEM2025_0586","PreservedSpecimen","Coleccion",NA,"UNICACH","FORM","HEM","J.M.L.Z. | J.A.J.F.","138","M.M.C.","E","HEM2025",1,"Tillandsia balbisiana",16.5583333333333,-93.8544444444444,"1999-12-22","change1: Corrected taxonRank (SPECIES→FORM); kept scientificName as-is. | change2: Filled coordinateUncertaintyInMeters from decimal-place precision (conservative). | epi_taxo: acceptedName(match1); authorship_epig(match1); genus_from_scientificName; family_WFO; order_majorGroup_WCVP [2026-03-11] | CoordinateCleaner QA applied without sea test (validity, equal, zeros, capitals, centroids, gbif, institutions) [2026-03-29]","standardized authors names in recordedBy","Colección","J.M.L.Z. & J.A.J.F.","M.M.C."
"587","HEM2025_0587","PreservedSpecimen","Coleccion",NA,"UNICACH","FORM","HEM","J.M.L.Z. | J.A.J.F.","138","M.M.C.","E","HEM2025",1,"Tillandsia balbisiana",16.5583333333333,-93.8544444444444,"1999-12-22","change1: Corrected taxonRank (SPECIES→FORM); kept scientificName as-is. | change2: Filled coordinateUncertaintyInMeters from decimal-place precision (conservative). | epi_taxo: acceptedName(match1); authorship_epig(match1); genus_from_scientificName; family_WFO; order_majorGroup_WCVP [2026-03-11] | CoordinateCleaner QA applied without sea test (validity, equal, zeros, capitals, centroids, gbif, institutions) [2026-03-29]","standardized authors names in recordedBy","Colección","J.M.L.Z. & J.A.J.F.","M.M.C."
"588","HEM2025_0588","PreservedSpecimen","Coleccion",NA,"UNICACH","SPECIES","HEM","J.M.","24","Espejo, A. | A.R.L.F.","E","HEM2025",1,"Tillandsia belloensis",16.8666666666667,-93.2058333333333,"2005-11-08","change1: Filled coordinateUncertaintyInMeters from decimal-place precision (conservative). | epi_taxo: acceptedName(match1); authorship_epig(match1); genus_from_scientificName; family_WFO; order_majorGroup_WCVP [2026-03-11] | CoordinateCleaner QA applied without sea test (validity, equal, zeros, capitals, centroids, gbif, institutions) [2026-03-29]","standardized authors names in identifiedBy","Colección","J.M.","A. Espejo & A.R.L.F."
"589","HEM2025_0589","PreservedSpecimen","Coleccion",NA,"UNICACH","SPECIES","HEM","A.L.C.","873","Espejo, A. | A.R.L.F.","E","HEM2025",1,"Tillandsia belloensis",17.0314722222222,-93.1406111111111,"2009-09-21","change1: Filled coordinateUncertaintyInMeters from decimal-place precision (conservative). | epi_taxo: acceptedName(match1); authorship_epig(match1); genus_from_scientificName; family_WFO; order_majorGroup_WCVP [2026-03-11] | CoordinateCleaner QA applied without sea test (validity, equal, zeros, capitals, centroids, gbif, institutions) [2026-03-29]","standardized authors names in identifiedBy","Colección","A.L.C.","A. Espejo & A.R.L.F."
"590","HEM2025_0590","PreservedSpecimen","Coleccion",NA,"UNICACH","SPECIES","HEM","V.M.","103","Espejo, A. | A.R.L.F.","E","HEM2025",1,"Tillandsia belloensis",15.5791666666667,-92.5361111111111,"1999-01-28","change1: Filled coordinateUncertaintyInMeters from decimal-place precision (conservative). | epi_taxo: acceptedName(match1); authorship_epig(match1); genus_from_scientificName; family_WFO; order_majorGroup_WCVP [2026-03-11] | CoordinateCleaner QA applied without sea test (validity, equal, zeros, capitals, centroids, gbif, institutions) [2026-03-29]","standardized authors names in identifiedBy","Colección","V.M.","A. Espejo & A.R.L.F."
"591","HEM2025_0591","PreservedSpecimen","Coleccion",NA,"UNICACH","SPECIES","HEM","V.M.","103","Espejo, A. | A.R.L.F.","E","HEM2025",1,"Tillandsia belloensis",15.5791666666667,-92.5361111111111,"1999-01-28","change1: Filled coordinateUncertaintyInMeters from decimal-place precision (conservative). | epi_taxo: acceptedName(match1); authorship_epig(match1); genus_from_scientificName; family_WFO; order_majorGroup_WCVP [2026-03-11] | CoordinateCleaner QA applied without sea test (validity, equal, zeros, capitals, centroids, gbif, institutions) [2026-03-29]","standardized authors names in identifiedBy","Colección","V.M.","A. Espejo & A.R.L.F."
"592","HEM2025_0592","PreservedSpecimen","Coleccion",NA,"UNICACH","SPECIES","HEM","N.M.M.","802","C.R.B.B.","E","HEM2025",1,"Tillandsia fasciculata var. fasciculata",16.7925,-93.0783333333333,"2005-05-05","change1: Filled coordinateUncertaintyInMeters from decimal-place precision (conservative). | epi_taxo: acceptedName(match1); authorship_epig(match1); genus_from_scientificName; family_WFO; order_majorGroup_WCVP [2026-03-11] | CoordinateCleaner QA applied without sea test (validity, equal, zeros, capitals, centroids, gbif, institutions) [2026-03-29]","","Colección","N.M.M.","C.R.B.B."
"593","HEM2025_0593","PreservedSpecimen","Coleccion",NA,"UNICACH","SPECIES","HEM","E.M.S.","20540","M.A.P.P","E","HEM2025",1,"Tillandsia bochilensis",15.1275,-92.1275,"1987-04-29","change1: Filled coordinateUncertaintyInMeters from decimal-place precision (conservative). | epi_taxo: acceptedName(match1); authorship_epig(match1); genus_from_scientificName; family_WFO; order_majorGroup_WCVP [2026-03-11] | CoordinateCleaner QA applied without sea test (validity, equal, zeros, capitals, centroids, gbif, institutions) [2026-03-29]","","Colección","E.M.S.","M.A.P.P"
"594","HEM2025_0594","PreservedSpecimen","Coleccion",NA,"UNICACH","SPECIES","HEM","M.M.M. | M.D.E.M.","505","N.M.M. | J.M.M.","E","HEM2025",1,"Tillandsia bochilensis",15.2567777777778,-92.2239722222222,"2013-02-04","change1: Filled coordinateUncertaintyInMeters from decimal-place precision (conservative). | epi_taxo: acceptedName(match1); authorship_epig(match1); genus_from_scientificName; family_WFO; order_majorGroup_WCVP [2026-03-11] | CoordinateCleaner QA applied without sea test (validity, equal, zeros, capitals, centroids, gbif, institutions) [2026-03-29]","standardized authors names in recordedBy / standardized authors names in identifiedBy","Colección","M.M.M. & M.D.E.M.","N.M.M. & J.M.M."
"595","HEM2025_0595","PreservedSpecimen","Coleccion",NA,"UNICACH","SPECIES","HEM","A.M.G. | G.U. | E.M.S.","191","Espejo, A. | A.R.L.F.","E","HEM2025",1,"Tillandsia bulbosa",16.8211111111111,-90.8877777777778,"1987-05-26","change1: Filled coordinateUncertaintyInMeters from decimal-place precision (conservative). | epi_taxo: acceptedName(match1); authorship_epig(match1); genus_from_scientificName; family_WFO; order_majorGroup_WCVP [2026-03-11] | CoordinateCleaner QA applied without sea test (validity, equal, zeros, capitals, centroids, gbif, institutions) [2026-03-29]","standardized authors names in recordedBy / standardized authors names in identifiedBy","Colección","A.M.G. & G.U. & E.M.S.","A. Espejo & A.R.L.F."
"596","HEM2025_0596","PreservedSpecimen","Coleccion",NA,"UNICACH","SPECIES","HEM","F.E.P.C.","140","F.E.P.C.","E","HEM2025",1,"Tillandsia butzii",15.8388888888889,-93.0705555555556,"1999-02-11","change1: Filled coordinateUncertaintyInMeters from decimal-place precision (conservative). | epi_taxo: acceptedName(match1); authorship_epig(match1); genus_from_scientificName; family_WFO; order_majorGroup_WCVP [2026-03-11] | CoordinateCleaner QA applied without sea test (validity, equal, zeros, capitals, centroids, gbif, institutions) [2026-03-29]","","Colección","F.E.P.C.","F.E.P.C."
"597","HEM2025_0597","PreservedSpecimen","Coleccion",NA,"UNICACH","SPECIES","HEM","Perez-Farrera, M.A.","2540","Espejo, A. | A.R.L.F.","E","HEM2025",1,"Tillandsia butzii",15.7727777777778,-93.09,"2001-07-17","change1: Filled coordinateUncertaintyInMeters from decimal-place precision (conservative). | epi_taxo: acceptedName(match1); authorship_epig(match1); genus_from_scientificName; family_WFO; order_majorGroup_WCVP [2026-03-11] | CoordinateCleaner QA applied without sea test (validity, equal, zeros, capitals, centroids, gbif, institutions) [2026-03-29]","standardized authors names in recordedBy / standardized authors names in identifiedBy","Colección","M.A. Pérez-Farrera","A. Espejo & A.R.L.F."
"598","HEM2025_0598","PreservedSpecimen","Coleccion",NA,"UNICACH","SPECIES","HEM","J.M.M.","1191","Camilo, R.M.","E","HEM2025",1,"Tillandsia butzii",15.4665277777778,-92.6646944444445,"2006-03-22","change1: Filled coordinateUncertaintyInMeters from decimal-place precision (conservative). | epi_taxo: acceptedName(match1); authorship_epig(match1); genus_from_scientificName; family_WFO; order_majorGroup_WCVP [2026-03-11] | CoordinateCleaner QA applied without sea test (validity, equal, zeros, capitals, centroids, gbif, institutions) [2026-03-29]","standardized authors names in identifiedBy","Colección","J.M.M.","R.M. Camilo"
"599","HEM2025_0599","PreservedSpecimen","Coleccion",NA,"UNICACH","SPECIES","HEM","N.M.M.","1456","N.M.M.","E","HEM2025",1,"Tillandsia butzii",15.5516666666667,-92.6333333333333,"2006-03-25","change1: Filled coordinateUncertaintyInMeters from decimal-place precision (conservative). | epi_taxo: acceptedName(match1); authorship_epig(match1); genus_from_scientificName; family_WFO; order_majorGroup_WCVP [2026-03-11] | CoordinateCleaner QA applied without sea test (validity, equal, zeros, capitals, centroids, gbif, institutions) [2026-03-29]","","Colección","N.M.M.","N.M.M."
"600","HEM2025_0600","PreservedSpecimen","Coleccion",NA,"UNICACH","SPECIES","HEM","J.M.M.","1793","J.M.M.","E","HEM2025",1,"Tillandsia butzii",15.7610555555556,-93.0720277777778,"2007-03-11","change1: Filled coordinateUncertaintyInMeters from decimal-place precision (conservative). | epi_taxo: acceptedName(match1); authorship_epig(match1); genus_from_scientificName; family_WFO; order_majorGroup_WCVP [2026-03-11] | CoordinateCleaner QA applied without sea test (validity, equal, zeros, capitals, centroids, gbif, institutions) [2026-03-29]","","Colección","J.M.M.","J.M.M."
"601","HEM2025_0601","PreservedSpecimen","Coleccion",NA,"UNICACH","SPECIES","HEM","M.M.M. | M.D.E.M.","1288","N.M.M. | J.M.M.","E","HEM2025",1,"Tillandsia butzii",15.08625,-92.0986944444444,"2013-04-27","change1: Filled coordinateUncertaintyInMeters from decimal-place precision (conservative). | epi_taxo: acceptedName(match1); authorship_epig(match1); genus_from_scientificName; family_WFO; order_majorGroup_WCVP [2026-03-11] | CoordinateCleaner QA applied without sea test (validity, equal, zeros, capitals, centroids, gbif, institutions) [2026-03-29]","standardized authors names in recordedBy / standardized authors names in identifiedBy","Colección","M.M.M. & M.D.E.M.","N.M.M. & J.M.M."
"602","HEM2025_0602","PreservedSpecimen","Coleccion",NA,"UNICACH","SPECIES","HEM","M.M.M. | M.C.R.M.","2712","N.M.M.","E","HEM2025",1,"Tillandsia butzii",15.1569722222222,-92.1405555555556,"2013-11-16","change1: Filled coordinateUncertaintyInMeters from decimal-place precision (conservative). | epi_taxo: acceptedName(match1); authorship_epig(match1); genus_from_scientificName; family_WFO; order_majorGroup_WCVP [2026-03-11] | CoordinateCleaner QA applied without sea test (validity, equal, zeros, capitals, centroids, gbif, institutions) [2026-03-29]","standardized authors names in recordedBy","Colección","M.M.M. & M.C.R.M.","N.M.M."
"603","HEM2025_0603","PreservedSpecimen","Coleccion",NA,"UNICACH","SPECIES","HEM","N.M.M. | M.M.M. | E.C.N.","3909","N.M.M. | Camilo, R.M.","E","HEM2025",1,"Tillandsia butzii",15.1032777777778,-92.1645555555556,"2015-03-10","change1: Filled coordinateUncertaintyInMeters from decimal-place precision (conservative). | epi_taxo: acceptedName(match1); authorship_epig(match1); genus_from_scientificName; family_WFO; order_majorGroup_WCVP [2026-03-11] | CoordinateCleaner QA applied without sea test (validity, equal, zeros, capitals, centroids, gbif, institutions) [2026-03-29]","standardized authors names in recordedBy / standardized authors names in identifiedBy","Colección","N.M.M. & M.M.M. & E.C.N.","N.M.M. & R.M. Camilo"
"604","HEM2025_0604","PreservedSpecimen","Coleccion",NA,"UNICACH","SPECIES","HEM","N.M.M.","177","Espejo, A. | A.R.L.F.","E","HEM2025",1,"Tillandsia butzii",15.7227777777778,-92.9436111111111,"2002-02-05","change1: Filled coordinateUncertaintyInMeters from decimal-place precision (conservative). | epi_taxo: acceptedName(match1); authorship_epig(match1); genus_from_scientificName; family_WFO; order_majorGroup_WCVP [2026-03-11] | CoordinateCleaner QA applied without sea test (validity, equal, zeros, capitals, centroids, gbif, institutions) [2026-03-29]","standardized authors names in identifiedBy","Colección","N.M.M.","A. Espejo & A.R.L.F."
"605","HEM2025_0605","PreservedSpecimen","Coleccion",NA,"UNICACH","SPECIES","HEM","N.M.M.","255","Espejo, A. | A.R.L.F.","E","HEM2025",1,"Tillandsia butzii",15.7727777777778,-93.09,"2002-02-24","change1: Filled coordinateUncertaintyInMeters from decimal-place precision (conservative). | epi_taxo: acceptedName(match1); authorship_epig(match1); genus_from_scientificName; family_WFO; order_majorGroup_WCVP [2026-03-11] | CoordinateCleaner QA applied without sea test (validity, equal, zeros, capitals, centroids, gbif, institutions) [2026-03-29]","standardized authors names in identifiedBy","Colección","N.M.M.","A. Espejo & A.R.L.F."
"606","HEM2025_0606","PreservedSpecimen","Coleccion",NA,"UNICACH","SPECIES","HEM","E.M.S. | A.M.G. | G.U. | M.R.","19338","Espejo, A. | A.R.L.F.","E","HEM2025",1,"Tillandsia butzii",15.0902777777778,-92.1013888888889,"1987-02-03","change1: Filled coordinateUncertaintyInMeters from decimal-place precision (conservative). | epi_taxo: acceptedName(match1); authorship_epig(match1); genus_from_scientificName; family_WFO; order_majorGroup_WCVP [2026-03-11] | CoordinateCleaner QA applied without sea test (validity, equal, zeros, capitals, centroids, gbif, institutions) [2026-03-29]","standardized authors names in recordedBy / standardized authors names in identifiedBy","Colección","E.M.S. & A.M.G. & G.U. & M.R.","A. Espejo & A.R.L.F."
"607","HEM2025_0607","PreservedSpecimen","Coleccion",NA,"UNICACH","SPECIES","HEM","Camilo, R.M.","437","Espejo, A. | A.R.L.F.","E","HEM2025",1,"Tillandsia butzii",15.7727777777778,-93.09,"2002-02-24","change1: Filled coordinateUncertaintyInMeters from decimal-place precision (conservative). | epi_taxo: acceptedName(match1); authorship_epig(match1); genus_from_scientificName; family_WFO; order_majorGroup_WCVP [2026-03-11] | CoordinateCleaner QA applied without sea test (validity, equal, zeros, capitals, centroids, gbif, institutions) [2026-03-29]","standardized authors names in recordedBy / standardized authors names in identifiedBy","Colección","R.M. Camilo","A. Espejo & A.R.L.F."
"608","HEM2025_0608","PreservedSpecimen","Coleccion",NA,"UNICACH","SPECIES","HEM","S.M.V.M.","173","Espejo, A. | A.R.L.F.","E","HEM2025",1,"Tillandsia butzii",15.7205555555556,-92.9377777777778,"2002-03-08","change1: Filled coordinateUncertaintyInMeters from decimal-place precision (conservative). | epi_taxo: acceptedName(match1); authorship_epig(match1); genus_from_scientificName; family_WFO; order_majorGroup_WCVP [2026-03-11] | CoordinateCleaner QA applied without sea test (validity, equal, zeros, capitals, centroids, gbif, institutions) [2026-03-29]","standardized authors names in identifiedBy","Colección","S.M.V.M.","A. Espejo & A.R.L.F."
"609","HEM2025_0609","PreservedSpecimen","Coleccion",NA,"UNICACH","SPECIES","HEM","C.M.C.","42","Espejo, A. | A.R.L.F.","E","HEM2025",1,"Tillandsia butzii",16.2941666666667,-92.1608333333333,"2002-11-01","change1: Filled coordinateUncertaintyInMeters from decimal-place precision (conservative). | epi_taxo: acceptedName(match1); authorship_epig(match1); genus_from_scientificName; family_WFO; order_majorGroup_WCVP [2026-03-11] | CoordinateCleaner QA applied without sea test (validity, equal, zeros, capitals, centroids, gbif, institutions) [2026-03-29]","standardized authors names in identifiedBy","Colección","C.M.C.","A. Espejo & A.R.L.F."
"610","HEM2025_0610","PreservedSpecimen","Coleccion",NA,"UNICACH","SPECIES","HEM","C.M.C.","42","Espejo, A. | A.R.L.F.","E","HEM2025",1,"Tillandsia butzii",16.2941666666667,-92.1608333333333,"2002-11-01","change1: Filled coordinateUncertaintyInMeters from decimal-place precision (conservative). | epi_taxo: acceptedName(match1); authorship_epig(match1); genus_from_scientificName; family_WFO; order_majorGroup_WCVP [2026-03-11] | CoordinateCleaner QA applied without sea test (validity, equal, zeros, capitals, centroids, gbif, institutions) [2026-03-29]","standardized authors names in identifiedBy","Colección","C.M.C.","A. Espejo & A.R.L.F."
"611","HEM2025_0611","PreservedSpecimen","Coleccion",NA,"UNICACH","SPECIES","HEM","A.R.A.","289","Espejo, A. | A.R.L.F.","E","HEM2025",1,"Tillandsia capitata",15.8022222222222,-93.035,"2005-04-21","change1: Filled coordinateUncertaintyInMeters from decimal-place precision (conservative). | epi_taxo: acceptedName(match1); authorship_epig(match1); genus_from_scientificName; family_WFO; order_majorGroup_WCVP [2026-03-11] | CoordinateCleaner QA applied without sea test (validity, equal, zeros, capitals, centroids, gbif, institutions) [2026-03-29]","standardized authors names in identifiedBy","Colección","A.R.A.","A. Espejo & A.R.L.F."
"612","HEM2025_0612","PreservedSpecimen","Coleccion",NA,"UNICACH","SPECIES","HEM","A.M.G. | G.U. | E.M.S.","47-bis","Espejo, A. | A.R.L.F.","E","HEM2025",1,"Tillandsia capitata",16.8941666666667,-93.1275,"1987-02-17","change1: Filled coordinateUncertaintyInMeters from decimal-place precision (conservative). | epi_taxo: acceptedName(match1); authorship_epig(match1); genus_from_scientificName; family_WFO; order_majorGroup_WCVP [2026-03-11] | CoordinateCleaner QA applied without sea test (validity, equal, zeros, capitals, centroids, gbif, institutions) [2026-03-29]","standardized authors names in recordedBy / standardized authors names in identifiedBy","Colección","A.M.G. & G.U. & E.M.S.","A. Espejo & A.R.L.F."
"613","HEM2025_0613","PreservedSpecimen","Coleccion",NA,"UNICACH","SPECIES","HEM","Camilo, R.M.","943","Espejo, A. | A.R.L.F.","E","HEM2025",1,"Tillandsia capitata",15.6844444444444,-92.7055555555556,"2006-07-19","change1: Filled coordinateUncertaintyInMeters from decimal-place precision (conservative). | epi_taxo: acceptedName(match1); authorship_epig(match1); genus_from_scientificName; family_WFO; order_majorGroup_WCVP [2026-03-11] | CoordinateCleaner QA applied without sea test (validity, equal, zeros, capitals, centroids, gbif, institutions) [2026-03-29]","standardized authors names in recordedBy / standardized authors names in identifiedBy","Colección","R.M. Camilo","A. Espejo & A.R.L.F."
"614","HEM2025_0614","PreservedSpecimen","Coleccion",NA,"UNICACH","SPECIES","HEM","A.M.G. | G.U. | E.M.S.","47","Espejo, A. | A.R.L.F.","E","HEM2025",1,"Tillandsia capitata",16.8941666666667,-93.1275,"1987-02-17","change1: Filled coordinateUncertaintyInMeters from decimal-place precision (conservative). | epi_taxo: acceptedName(match1); authorship_epig(match1); genus_from_scientificName; family_WFO; order_majorGroup_WCVP [2026-03-11] | CoordinateCleaner QA applied without sea test (validity, equal, zeros, capitals, centroids, gbif, institutions) [2026-03-29]","standardized authors names in recordedBy / standardized authors names in identifiedBy","Colección","A.M.G. & G.U. & E.M.S.","A. Espejo & A.R.L.F."
"615","HEM2025_0615","PreservedSpecimen","Coleccion",NA,"UNICACH","SPECIES","HEM","M.M.M. | N.M.M. | R.J.R.V. | E.C.N.","4177","M.M.M.","E","HEM2025",1,"Tillandsia capitata",15.1457222222222,-92.1868888888889,"2014-06-16","change1: Filled coordinateUncertaintyInMeters from decimal-place precision (conservative). | epi_taxo: acceptedName(match1); authorship_epig(match1); genus_from_scientificName; family_WFO; order_majorGroup_WCVP [2026-03-11] | CoordinateCleaner QA applied without sea test (validity, equal, zeros, capitals, centroids, gbif, institutions) [2026-03-29]","standardized authors names in recordedBy","Colección","M.M.M. & N.M.M. & R.J.R.V. & E.C.N.","M.M.M."
"616","HEM2025_0616","PreservedSpecimen","Coleccion",NA,"UNICACH","SPECIES","HEM","N.M.M. | M.M.M. | R.V.H.","3511","N.M.M.","E","HEM2025",1,"Tillandsia capitata",15.1057222222222,-92.0960277777778,"2014-09-24","change1: Filled coordinateUncertaintyInMeters from decimal-place precision (conservative). | epi_taxo: acceptedName(match1); authorship_epig(match1); genus_from_scientificName; family_WFO; order_majorGroup_WCVP [2026-03-11] | CoordinateCleaner QA applied without sea test (validity, equal, zeros, capitals, centroids, gbif, institutions) [2026-03-29]","standardized authors names in recordedBy","Colección","N.M.M. & M.M.M. & R.V.H.","N.M.M."
"617","HEM2025_0617","PreservedSpecimen","Coleccion",NA,"UNICACH","SPECIES","HEM","F.R.M. | Aguirre.","197","F.R.M. | Aguirre","E","HEM2025",1,"Tillandsia caput-medusae",16.1063888888889,-93.4591666666667,"1988-11-13","change1: Filled coordinateUncertaintyInMeters from decimal-place precision (conservative). | epi_taxo: acceptedName(match1); authorship_epig(match1); genus_from_scientificName; family_WFO; order_majorGroup_WCVP [2026-03-11] | CoordinateCleaner QA applied without sea test (validity, equal, zeros, capitals, centroids, gbif, institutions) [2026-03-29]","standardized authors names in recordedBy / standardized authors names in identifiedBy","Colección","F.R.M. & Aguirre","F.R.M. & Aguirre"
"618","HEM2025_0618","PreservedSpecimen","Coleccion",NA,"UNICACH","SPECIES","HEM","Perez-Farrera, M.A.","286","Espejo, A. | A.R.L.F.","E","HEM2025",1,"Tillandsia caput-medusae",16.625,-93.5941666666667,"1995-04-28","change1: Filled coordinateUncertaintyInMeters from decimal-place precision (conservative). | epi_taxo: acceptedName(match1); authorship_epig(match1); genus_from_scientificName; family_WFO; order_majorGroup_WCVP [2026-03-11] | CoordinateCleaner QA applied without sea test (validity, equal, zeros, capitals, centroids, gbif, institutions) [2026-03-29]","standardized authors names in recordedBy / standardized authors names in identifiedBy","Colección","M.A. Pérez-Farrera","A. Espejo & A.R.L.F."
"619","HEM2025_0619","PreservedSpecimen","Coleccion",NA,"UNICACH","SPECIES","HEM","Perez-Farrera, M.A.","286","Espejo, A. | A.R.L.F.","E","HEM2025",1,"Tillandsia caput-medusae",16.625,-93.5941666666667,"1995-04-28","change1: Filled coordinateUncertaintyInMeters from decimal-place precision (conservative). | epi_taxo: acceptedName(match1); authorship_epig(match1); genus_from_scientificName; family_WFO; order_majorGroup_WCVP [2026-03-11] | CoordinateCleaner QA applied without sea test (validity, equal, zeros, capitals, centroids, gbif, institutions) [2026-03-29]","standardized authors names in recordedBy / standardized authors names in identifiedBy","Colección","M.A. Pérez-Farrera","A. Espejo & A.R.L.F."
"620","HEM2025_0620","PreservedSpecimen","Coleccion",NA,"UNICACH","SPECIES","HEM","Chagala, J.L.","21","Chagala, J.L.","E","HEM2025",1,"Tillandsia caput-medusae",16.3247222222222,-93.8708333333333,"2005-05-12","change1: Filled coordinateUncertaintyInMeters from decimal-place precision (conservative). | epi_taxo: acceptedName(match1); authorship_epig(match1); genus_from_scientificName; family_WFO; order_majorGroup_WCVP [2026-03-11] | CoordinateCleaner QA applied without sea test (validity, equal, zeros, capitals, centroids, gbif, institutions) [2026-03-29]","standardized authors names in recordedBy / standardized authors names in identifiedBy","Colección","J.L. Chagala","J.L. Chagala"
"621","HEM2025_0621","PreservedSpecimen","Coleccion",NA,"UNICACH","SPECIES","HEM","A.L.C.","54","Espejo, A. | A.R.L.F.","E","HEM2025",1,"Tillandsia caput-medusae",15.3766666666667,-92.6313888888889,"2005-05-02","change1: Filled coordinateUncertaintyInMeters from decimal-place precision (conservative). | epi_taxo: acceptedName(match1); authorship_epig(match1); genus_from_scientificName; family_WFO; order_majorGroup_WCVP [2026-03-11] | CoordinateCleaner QA applied without sea test (validity, equal, zeros, capitals, centroids, gbif, institutions) [2026-03-29]","standardized authors names in identifiedBy","Colección","A.L.C.","A. Espejo & A.R.L.F."
"622","HEM2025_0622","PreservedSpecimen","Coleccion",NA,"UNICACH","SPECIES","HEM","N.M.M.","825","Camilo, R.M.","E","HEM2025",1,"Tillandsia caput-medusae",16.7671388888889,-93.1065,"2005-05-18","change1: Filled coordinateUncertaintyInMeters from decimal-place precision (conservative). | epi_taxo: acceptedName(match1); authorship_epig(match1); genus_from_scientificName; family_WFO; order_majorGroup_WCVP [2026-03-11] | CoordinateCleaner QA applied without sea test (validity, equal, zeros, capitals, centroids, gbif, institutions) [2026-03-29]","standardized authors names in identifiedBy","Colección","N.M.M.","R.M. Camilo"
"623","HEM2025_0623","PreservedSpecimen","Coleccion",NA,"UNICACH","SPECIES","HEM","A.R.A.","220","H.G.D.","E","HEM2025",1,"Tillandsia caput-medusae",16.0610277777778,-93.3700833333333,"2004-08-05","change1: Filled coordinateUncertaintyInMeters from decimal-place precision (conservative). | epi_taxo: acceptedName(match1); authorship_epig(match1); genus_from_scientificName; family_WFO; order_majorGroup_WCVP [2026-03-11] | CoordinateCleaner QA applied without sea test (validity, equal, zeros, capitals, centroids, gbif, institutions) [2026-03-29]","","Colección","A.R.A.","H.G.D."
"624","HEM2025_0624","PreservedSpecimen","Coleccion",NA,"UNICACH","SPECIES","HEM","M.E.L.M.","631","C.R.B.B.","E","HEM2025",1,"Tillandsia caput-medusae",16.3163888888889,-92.1647222222222,"2005-06-20","change1: Filled coordinateUncertaintyInMeters from decimal-place precision (conservative). | epi_taxo: acceptedName(match1); authorship_epig(match1); genus_from_scientificName; family_WFO; order_majorGroup_WCVP [2026-03-11] | CoordinateCleaner QA applied without sea test (validity, equal, zeros, capitals, centroids, gbif, institutions) [2026-03-29]","","Colección","M.E.L.M.","C.R.B.B."
"625","HEM2025_0625","PreservedSpecimen","Coleccion",NA,"UNICACH","SPECIES","HEM","N.M.M.","1465","N.M.M.","E","HEM2025",1,"Tillandsia caput-medusae",15.5516666666667,-92.6333333333333,"2006-03-25","change1: Filled coordinateUncertaintyInMeters from decimal-place precision (conservative). | epi_taxo: acceptedName(match1); authorship_epig(match1); genus_from_scientificName; family_WFO; order_majorGroup_WCVP [2026-03-11] | CoordinateCleaner QA applied without sea test (validity, equal, zeros, capitals, centroids, gbif, institutions) [2026-03-29]","","Colección","N.M.M.","N.M.M."
"626","HEM2025_0626","PreservedSpecimen","Coleccion",NA,"UNICACH","SPECIES","HEM","N.M.M.","801","N.M.M.","E","HEM2025",1,"Tillandsia caput-medusae",16.7925,-93.0783333333333,"2005-05-05","change1: Filled coordinateUncertaintyInMeters from decimal-place precision (conservative). | epi_taxo: acceptedName(match1); authorship_epig(match1); genus_from_scientificName; family_WFO; order_majorGroup_WCVP [2026-03-11] | CoordinateCleaner QA applied without sea test (validity, equal, zeros, capitals, centroids, gbif, institutions) [2026-03-29]","","Colección","N.M.M.","N.M.M."
"627","HEM2025_0627","PreservedSpecimen","Coleccion",NA,"UNICACH","SPECIES","HEM","N.M.M.","1882","Espejo, A. | A.R.L.F.","E","HEM2025",1,"Tillandsia caput-medusae",15.4441666666667,-92.6608333333333,"2006-11-16","change1: Filled coordinateUncertaintyInMeters from decimal-place precision (conservative). | epi_taxo: acceptedName(match1); authorship_epig(match1); genus_from_scientificName; family_WFO; order_majorGroup_WCVP [2026-03-11] | CoordinateCleaner QA applied without sea test (validity, equal, zeros, capitals, centroids, gbif, institutions) [2026-03-29]","standardized authors names in identifiedBy","Colección","N.M.M.","A. Espejo & A.R.L.F."
"628","HEM2025_0628","PreservedSpecimen","Coleccion",NA,"UNICACH","SPECIES","HEM","M.M.M. | H.G.D.","247","M.M.M. | H.G.D.","E","HEM2025",1,"Tillandsia caput-medusae",16.97545,-93.0477916666667,"2009-04-15","change1: Filled coordinateUncertaintyInMeters from decimal-place precision (conservative). | epi_taxo: acceptedName(match1); authorship_epig(match1); genus_from_scientificName; family_WFO; order_majorGroup_WCVP [2026-03-11] | CoordinateCleaner QA applied without sea test (validity, equal, zeros, capitals, centroids, gbif, institutions) [2026-03-29]","standardized authors names in recordedBy / standardized authors names in identifiedBy","Colección","M.M.M. & H.G.D.","M.M.M. & H.G.D."
"629","HEM2025_0629","PreservedSpecimen","Coleccion",NA,"UNICACH","SPECIES","HEM","A.L.C.","727","A.L.C.","E","HEM2025",1,"Tillandsia caput-medusae",16.9749972222222,-93.0491388888889,"2009-05-07","change1: Filled coordinateUncertaintyInMeters from decimal-place precision (conservative). | epi_taxo: acceptedName(match1); authorship_epig(match1); genus_from_scientificName; family_WFO; order_majorGroup_WCVP [2026-03-11] | CoordinateCleaner QA applied without sea test (validity, equal, zeros, capitals, centroids, gbif, institutions) [2026-03-29]","","Colección","A.L.C.","A.L.C."
"630","HEM2025_0630","PreservedSpecimen","Coleccion",NA,"UNICACH","SPECIES","HEM","A.L.C.","710","A.L.C.","E","HEM2025",1,"Tillandsia caput-medusae",16.9859416666667,-93.1503055555556,"2009-04-22","change1: Filled coordinateUncertaintyInMeters from decimal-place precision (conservative). | epi_taxo: acceptedName(match1); authorship_epig(match1); genus_from_scientificName; family_WFO; order_majorGroup_WCVP [2026-03-11] | CoordinateCleaner QA applied without sea test (validity, equal, zeros, capitals, centroids, gbif, institutions) [2026-03-29]","","Colección","A.L.C.","A.L.C."
"631","HEM2025_0631","PreservedSpecimen","Coleccion",NA,"UNICACH","SPECIES","HEM","Camilo, R.M.","1304","Camilo, R.M.","E","HEM2025",1,"Tillandsia caput-medusae",16.9748027777778,-93.0454444444444,"2009-04-08","change1: Filled coordinateUncertaintyInMeters from decimal-place precision (conservative). | epi_taxo: acceptedName(match1); authorship_epig(match1); genus_from_scientificName; family_WFO; order_majorGroup_WCVP [2026-03-11] | CoordinateCleaner QA applied without sea test (validity, equal, zeros, capitals, centroids, gbif, institutions) [2026-03-29]","standardized authors names in recordedBy / standardized authors names in identifiedBy","Colección","R.M. Camilo","R.M. Camilo"
"632","HEM2025_0632","PreservedSpecimen","Coleccion",NA,"UNICACH","SPECIES","HEM","N.M.M.","2550","N.M.M.","E","HEM2025",1,"Tillandsia caput-medusae",17.0407833333333,-93.2111333333333,"2009-04-23","change1: Filled coordinateUncertaintyInMeters from decimal-place precision (conservative). | epi_taxo: acceptedName(match1); authorship_epig(match1); genus_from_scientificName; family_WFO; order_majorGroup_WCVP [2026-03-11] | CoordinateCleaner QA applied without sea test (validity, equal, zeros, capitals, centroids, gbif, institutions) [2026-03-29]","","Colección","N.M.M.","N.M.M."
"633","HEM2025_0633","PreservedSpecimen","Coleccion",NA,"UNICACH","SPECIES","HEM","J.A.E.J.","967","J.M.M.","E","HEM2025",1,"Tillandsia caput-medusae",16.9481277777778,-93.1372916666667,"2009-09-10","change1: Filled coordinateUncertaintyInMeters from decimal-place precision (conservative). | epi_taxo: acceptedName(match1); authorship_epig(match1); genus_from_scientificName; family_WFO; order_majorGroup_WCVP [2026-03-11] | CoordinateCleaner QA applied without sea test (validity, equal, zeros, capitals, centroids, gbif, institutions) [2026-03-29]","","Colección","J.A.E.J.","J.M.M."
"634","HEM2025_0634","PreservedSpecimen","Coleccion",NA,"UNICACH","SPECIES","HEM","A.L.C.","788","A.L.C.","E","HEM2025",1,"Tillandsia caput-medusae",16.9129972222222,-93.0579444444444,"2009-07-07","change1: Filled coordinateUncertaintyInMeters from decimal-place precision (conservative). | epi_taxo: acceptedName(match1); authorship_epig(match1); genus_from_scientificName; family_WFO; order_majorGroup_WCVP [2026-03-11] | CoordinateCleaner QA applied without sea test (validity, equal, zeros, capitals, centroids, gbif, institutions) [2026-03-29]","","Colección","A.L.C.","A.L.C."
"635","HEM2025_0635","PreservedSpecimen","Coleccion",NA,"UNICACH","SPECIES","HEM","J.A.E.J.","897","J.A.E.J.","E","HEM2025",1,"Tillandsia caput-medusae",17.0285027777778,-93.2071833333333,"2009-07-15","change1: Filled coordinateUncertaintyInMeters from decimal-place precision (conservative). | epi_taxo: acceptedName(match1); authorship_epig(match1); genus_from_scientificName; family_WFO; order_majorGroup_WCVP [2026-03-11] | CoordinateCleaner QA applied without sea test (validity, equal, zeros, capitals, centroids, gbif, institutions) [2026-03-29]","","Colección","J.A.E.J.","J.A.E.J."
"636","HEM2025_0636","PreservedSpecimen","Coleccion",NA,"UNICACH","SPECIES","HEM","J.A.E.J.","1007","J.A.E.J.","E","HEM2025",1,"Tillandsia caput-medusae",16.9336916666667,-93.1304777777778,"2009-09-25","change1: Filled coordinateUncertaintyInMeters from decimal-place precision (conservative). | epi_taxo: acceptedName(match1); authorship_epig(match1); genus_from_scientificName; family_WFO; order_majorGroup_WCVP [2026-03-11] | CoordinateCleaner QA applied without sea test (validity, equal, zeros, capitals, centroids, gbif, institutions) [2026-03-29]","","Colección","J.A.E.J.","J.A.E.J."
"637","HEM2025_0637","PreservedSpecimen","Coleccion",NA,"UNICACH","SPECIES","HEM","Najarro, F.H. | M N.M.G. | C.M.M.","1534","O.F.S.","E","HEM2025",1,"Tillandsia caput-medusae",15.9991666666667,-93.4505555555556,"2003-12-27","change1: Filled coordinateUncertaintyInMeters from decimal-place precision (conservative). | epi_taxo: acceptedName(match1); authorship_epig(match1); genus_from_scientificName; family_WFO; order_majorGroup_WCVP [2026-03-11] | CoordinateCleaner QA applied without sea test (validity, equal, zeros, capitals, centroids, gbif, institutions) [2026-03-29]","standardized authors names in recordedBy","Colección","F.H. Najarro & M N.M.G. & C.M.M.","O.F.S."
"638","HEM2025_0638","PreservedSpecimen","Coleccion",NA,"UNICACH","SPECIES","HEM","S.M.V.M.","191","Espejo, A. | A.R.L.F.","E","HEM2025",1,"Tillandsia caput-medusae",15.7555555555556,-93.0333333333333,"2002-03-15","change1: Filled coordinateUncertaintyInMeters from decimal-place precision (conservative). | epi_taxo: acceptedName(match1); authorship_epig(match1); genus_from_scientificName; family_WFO; order_majorGroup_WCVP [2026-03-11] | CoordinateCleaner QA applied without sea test (validity, equal, zeros, capitals, centroids, gbif, institutions) [2026-03-29]","standardized authors names in identifiedBy","Colección","S.M.V.M.","A. Espejo & A.R.L.F."
"639","HEM2025_0639","PreservedSpecimen","Coleccion",NA,"UNICACH","SPECIES","HEM","M.M.M. | M.A.D.V.","2146","N.M.M. | J.M.M.","E","HEM2025",1,"Tillandsia caput-medusae",15.04225,-92.1473611111111,"2013-06-30","change1: Filled coordinateUncertaintyInMeters from decimal-place precision (conservative). | epi_taxo: acceptedName(match1); authorship_epig(match1); genus_from_scientificName; family_WFO; order_majorGroup_WCVP [2026-03-11] | CoordinateCleaner QA applied without sea test (validity, equal, zeros, capitals, centroids, gbif, institutions) [2026-03-29]","standardized authors names in recordedBy / standardized authors names in identifiedBy","Colección","M.M.M. & M.A.D.V.","N.M.M. & J.M.M."
"640","HEM2025_0640","PreservedSpecimen","Coleccion",NA,"UNICACH","SPECIES","HEM","M.M.M. | M.C.R.M.","3039","N.M.M.","E","HEM2025",1,"Tillandsia caput-medusae",15.1627222222222,-92.1505277777778,"2013-12-02","change1: Filled coordinateUncertaintyInMeters from decimal-place precision (conservative). | epi_taxo: acceptedName(match1); authorship_epig(match1); genus_from_scientificName; family_WFO; order_majorGroup_WCVP [2026-03-11] | CoordinateCleaner QA applied without sea test (validity, equal, zeros, capitals, centroids, gbif, institutions) [2026-03-29]","standardized authors names in recordedBy","Colección","M.M.M. & M.C.R.M.","N.M.M."
"641","HEM2025_0641","PreservedSpecimen","Coleccion",NA,"UNICACH","SPECIES","HEM","M.M.M. | D.A.J.L.","3751","N.M.M.","E","HEM2025",1,"Tillandsia caput-medusae",15.0900833333333,-92.0916388888889,"2014-01-21","change1: Filled coordinateUncertaintyInMeters from decimal-place precision (conservative). | epi_taxo: acceptedName(match1); authorship_epig(match1); genus_from_scientificName; family_WFO; order_majorGroup_WCVP [2026-03-11] | CoordinateCleaner QA applied without sea test (validity, equal, zeros, capitals, centroids, gbif, institutions) [2026-03-29]","standardized authors names in recordedBy","Colección","M.M.M. & D.A.J.L.","N.M.M."
"642","HEM2025_0642","PreservedSpecimen","Coleccion",NA,"UNICACH","SPECIES","HEM","M.M.M. | M.C.R.M.","5301","N.M.M.","E","HEM2025",1,"Tillandsia caput-medusae",15.0847222222222,-92.175,"2014-09-22","change1: Filled coordinateUncertaintyInMeters from decimal-place precision (conservative). | epi_taxo: acceptedName(match1); authorship_epig(match1); genus_from_scientificName; family_WFO; order_majorGroup_WCVP [2026-03-11] | CoordinateCleaner QA applied without sea test (validity, equal, zeros, capitals, centroids, gbif, institutions) [2026-03-29]","standardized authors names in recordedBy","Colección","M.M.M. & M.C.R.M.","N.M.M."
"643","HEM2025_0643","PreservedSpecimen","Coleccion",NA,"UNICACH","SPECIES","HEM","M.M.M. | D.A.J.L. | R.J.R.V.","5434","N.M.M.","E","HEM2025",1,"Tillandsia caput-medusae",15.1071944444444,-92.1756666666667,"2015-03-25","change1: Filled coordinateUncertaintyInMeters from decimal-place precision (conservative). | epi_taxo: acceptedName(match1); authorship_epig(match1); genus_from_scientificName; family_WFO; order_majorGroup_WCVP [2026-03-11] | CoordinateCleaner QA applied without sea test (validity, equal, zeros, capitals, centroids, gbif, institutions) [2026-03-29]","standardized authors names in recordedBy","Colección","M.M.M. & D.A.J.L. & R.J.R.V.","N.M.M."
"644","HEM2025_0644","PreservedSpecimen","Coleccion",NA,"UNICACH","SPECIES","HEM","Guzman-H, J.","1-bis","Espejo, A. | A.R.L.F.","E","HEM2025",1,"Tillandsia caput-medusae",16.7605555555556,-93.0980555555555,"1995-04-04","change1: Filled coordinateUncertaintyInMeters from decimal-place precision (conservative). | epi_taxo: acceptedName(match1); authorship_epig(match1); genus_from_scientificName; family_WFO; order_majorGroup_WCVP [2026-03-11] | CoordinateCleaner QA applied without sea test (validity, equal, zeros, capitals, centroids, gbif, institutions) [2026-03-29]","standardized authors names in recordedBy / standardized authors names in identifiedBy","Colección","J. Guzmán. H.","A. Espejo & A.R.L.F."
"645","HEM2025_0645","PreservedSpecimen","Coleccion",NA,"UNICACH","SPECIES","HEM","A.M.G. | G.U. | E.M.S.","46","Espejo, A. | A.R.L.F.","E","HEM2025",1,"Tillandsia caput-medusae",16.8941666666667,-93.1275,"1987-02-17","change1: Filled coordinateUncertaintyInMeters from decimal-place precision (conservative). | epi_taxo: acceptedName(match1); authorship_epig(match1); genus_from_scientificName; family_WFO; order_majorGroup_WCVP [2026-03-11] | CoordinateCleaner QA applied without sea test (validity, equal, zeros, capitals, centroids, gbif, institutions) [2026-03-29]","standardized authors names in recordedBy / standardized authors names in identifiedBy","Colección","A.M.G. & G.U. & E.M.S.","A. Espejo & A.R.L.F."
"646","HEM2025_0646","PreservedSpecimen","Coleccion",NA,"UNICACH","SPECIES","HEM","L.A.A.S.","7","Espejo, A. | A.R.L.F.","E","HEM2025",1,"Tillandsia caput-medusae",16.7166666666667,-93.4697222222222,"2002-05-25","change1: Filled coordinateUncertaintyInMeters from decimal-place precision (conservative). | epi_taxo: acceptedName(match1); authorship_epig(match1); genus_from_scientificName; family_WFO; order_majorGroup_WCVP [2026-03-11] | CoordinateCleaner QA applied without sea test (validity, equal, zeros, capitals, centroids, gbif, institutions) [2026-03-29]","standardized authors names in identifiedBy","Colección","L.A.A.S.","A. Espejo & A.R.L.F."
"647","HEM2025_0647","PreservedSpecimen","Coleccion",NA,"UNICACH","SPECIES","HEM","L.A.A.S.","7","Espejo, A. | A.R.L.F.","E","HEM2025",1,"Tillandsia caput-medusae",16.7166666666667,-93.4697222222222,"2002-05-25","change1: Filled coordinateUncertaintyInMeters from decimal-place precision (conservative). | epi_taxo: acceptedName(match1); authorship_epig(match1); genus_from_scientificName; family_WFO; order_majorGroup_WCVP [2026-03-11] | CoordinateCleaner QA applied without sea test (validity, equal, zeros, capitals, centroids, gbif, institutions) [2026-03-29]","standardized authors names in identifiedBy","Colección","L.A.A.S.","A. Espejo & A.R.L.F."
"648","HEM2025_0648","PreservedSpecimen","Coleccion",NA,"UNICACH","SPECIES","HEM","G.C.L.H.","177","Espejo, A. | A.R.L.F.","E","HEM2025",1,"Tillandsia caput-medusae",15.8616666666667,-93.0844444444444,"2002-07-10","change1: Filled coordinateUncertaintyInMeters from decimal-place precision (conservative). | epi_taxo: acceptedName(match1); authorship_epig(match1); genus_from_scientificName; family_WFO; order_majorGroup_WCVP [2026-03-11] | CoordinateCleaner QA applied without sea test (validity, equal, zeros, capitals, centroids, gbif, institutions) [2026-03-29]","standardized authors names in identifiedBy","Colección","G.C.L.H.","A. Espejo & A.R.L.F."
"649","HEM2025_0649","PreservedSpecimen","Coleccion",NA,"UNICACH","SPECIES","HEM","G.I.L.V.","38","Espejo, A. | A.R.L.F.","E","HEM2025",1,"Tillandsia caput-medusae",16.6430555555556,-93.3997222222222,"2002-05-04","change1: Filled coordinateUncertaintyInMeters from decimal-place precision (conservative). | epi_taxo: acceptedName(match1); authorship_epig(match1); genus_from_scientificName; family_WFO; order_majorGroup_WCVP [2026-03-11] | CoordinateCleaner QA applied without sea test (validity, equal, zeros, capitals, centroids, gbif, institutions) [2026-03-29]","standardized authors names in identifiedBy","Colección","G.I.L.V.","A. Espejo & A.R.L.F."
"650","HEM2025_0650","PreservedSpecimen","Coleccion",NA,"UNICACH","SPECIES","HEM","G.I.L.V.","38","Espejo, A. | A.R.L.F.","E","HEM2025",1,"Tillandsia caput-medusae",16.6430555555556,-93.3997222222222,"2002-05-04","change1: Filled coordinateUncertaintyInMeters from decimal-place precision (conservative). | epi_taxo: acceptedName(match1); authorship_epig(match1); genus_from_scientificName; family_WFO; order_majorGroup_WCVP [2026-03-11] | CoordinateCleaner QA applied without sea test (validity, equal, zeros, capitals, centroids, gbif, institutions) [2026-03-29]","standardized authors names in identifiedBy","Colección","G.I.L.V.","A. Espejo & A.R.L.F."
"651","HEM2025_0651","PreservedSpecimen","Coleccion",NA,"UNICACH","SPECIES","HEM","S.P.P.","65","S.P.P.","E","HEM2025",1,"Tillandsia caput-medusae",16.7227777777778,-93.1463888888889,"2002-05-20","change1: Filled coordinateUncertaintyInMeters from decimal-place precision (conservative). | epi_taxo: acceptedName(match1); authorship_epig(match1); genus_from_scientificName; family_WFO; order_majorGroup_WCVP [2026-03-11] | CoordinateCleaner QA applied without sea test (validity, equal, zeros, capitals, centroids, gbif, institutions) [2026-03-29]","","Colección","S.P.P.","S.P.P."
"652","HEM2025_0652","PreservedSpecimen","Coleccion",NA,"UNICACH","SPECIES","HEM","S.P.P.","65","S.P.P.","E","HEM2025",1,"Tillandsia caput-medusae",16.7227777777778,-93.1463888888889,"2002-05-20","change1: Filled coordinateUncertaintyInMeters from decimal-place precision (conservative). | epi_taxo: acceptedName(match1); authorship_epig(match1); genus_from_scientificName; family_WFO; order_majorGroup_WCVP [2026-03-11] | CoordinateCleaner QA applied without sea test (validity, equal, zeros, capitals, centroids, gbif, institutions) [2026-03-29]","","Colección","S.P.P.","S.P.P."
"653","HEM2025_0653","PreservedSpecimen","Coleccion",NA,"UNICACH","SPECIES","HEM","Perez-Farrera, M.A.","582","Espejo, A. | A.R.L.F.","E","HEM2025",1,"Tillandsia caput-medusae",16.3166666666667,-93.6166666666667,"1995-07-17","change1: Filled coordinateUncertaintyInMeters from decimal-place precision (conservative). | epi_taxo: acceptedName(match1); authorship_epig(match1); genus_from_scientificName; family_WFO; order_majorGroup_WCVP [2026-03-11] | CoordinateCleaner QA applied without sea test (validity, equal, zeros, capitals, centroids, gbif, institutions) [2026-03-29]","standardized authors names in recordedBy / standardized authors names in identifiedBy","Colección","M.A. Pérez-Farrera","A. Espejo & A.R.L.F."
"654","HEM2025_0654","PreservedSpecimen","Coleccion",NA,"UNICACH","SPECIES","HEM","A.C.G.D.","35","O.F.S.","E","HEM2025",1,"Tillandsia chiapensis",16.8282972222222,-93.4298944444444,"2005-10-20","change1: Filled coordinateUncertaintyInMeters from decimal-place precision (conservative). | epi_taxo: acceptedName(match1); authorship_epig(match1); genus_from_scientificName; family_WFO; order_majorGroup_WCVP [2026-03-11] | CoordinateCleaner QA applied without sea test (validity, equal, zeros, capitals, centroids, gbif, institutions) [2026-03-29]","","Colección","A.C.G.D.","O.F.S."
"655","HEM2025_0655","PreservedSpecimen","Coleccion",NA,"UNICACH","SPECIES","HEM","L.A.L.S.","5","Espejo, A. | A.R.L.F.","E","HEM2025",1,"Tillandsia comitanensis",17.1563888888889,-93.1658333333333,"1993-03-13","change1: Filled coordinateUncertaintyInMeters from decimal-place precision (conservative). | epi_taxo: acceptedName(match1); authorship_epig(match1); genus_from_scientificName; family_WFO; order_majorGroup_WCVP [2026-03-11] | CoordinateCleaner QA applied without sea test (validity, equal, zeros, capitals, centroids, gbif, institutions) [2026-03-29]","standardized authors names in identifiedBy","Colección","L.A.L.S.","A. Espejo & A.R.L.F."
"656","HEM2025_0656","PreservedSpecimen","Coleccion",NA,"UNICACH","FORM","HEM","Perez-Farrera, M.A.","585","N.M.C.","E","HEM2025",1,"Tillandsia compressa",16.3441666666667,-93.6441666666667,"1995-07-17","change1: Corrected taxonRank (SPECIES→FORM); kept scientificName as-is. | change2: Filled coordinateUncertaintyInMeters from decimal-place precision (conservative). | epi_taxo: acceptedName(match1); authorship_epig(match1); genus_from_scientificName; family_WFO; order_majorGroup_WCVP [2026-03-11] | CoordinateCleaner QA applied without sea test (validity, equal, zeros, capitals, centroids, gbif, institutions) [2026-03-29]","standardized authors names in recordedBy","Colección","M.A. Pérez-Farrera","N.M.C."
"657","HEM2025_0657","PreservedSpecimen","Coleccion",NA,"UNICACH","FORM","HEM","Cruz, A.C.","4","Cruz, A.C.","E","HEM2025",1,"Tillandsia compressa",16.5177777777778,-93.6075,"2005-02-18","change1: Corrected taxonRank (SPECIES→FORM); kept scientificName as-is. | change2: Filled coordinateUncertaintyInMeters from decimal-place precision (conservative). | epi_taxo: acceptedName(match1); authorship_epig(match1); genus_from_scientificName; family_WFO; order_majorGroup_WCVP [2026-03-11] | CoordinateCleaner QA applied without sea test (validity, equal, zeros, capitals, centroids, gbif, institutions) [2026-03-29]","standardized authors names in recordedBy / standardized authors names in identifiedBy","Colección","A.C. Cruz","A.C. Cruz"
"658","HEM2025_0658","PreservedSpecimen","Coleccion",NA,"UNICACH","FORM","HEM","M.D.R.S.","103","R.R.S.","E","HEM2025",1,"Tillandsia compressa",15.8128611111111,-93.1461944444444,"2005-05-21","change1: Corrected taxonRank (SPECIES→FORM); kept scientificName as-is. | change2: Filled coordinateUncertaintyInMeters from decimal-place precision (conservative). | epi_taxo: acceptedName(match1); authorship_epig(match1); genus_from_scientificName; family_WFO; order_majorGroup_WCVP [2026-03-11] | CoordinateCleaner QA applied without sea test (validity, equal, zeros, capitals, centroids, gbif, institutions) [2026-03-29]","","Colección","M.D.R.S.","R.R.S."
"659","HEM2025_0659","PreservedSpecimen","Coleccion",NA,"UNICACH","FORM","HEM","N.M.M.","824","Camilo, R.M.","E","HEM2025",1,"Tillandsia compressa",16.7671388888889,-93.1065,"2005-05-18","change1: Corrected taxonRank (SPECIES→FORM); kept scientificName as-is. | change2: Filled coordinateUncertaintyInMeters from decimal-place precision (conservative). | epi_taxo: acceptedName(match1); authorship_epig(match1); genus_from_scientificName; family_WFO; order_majorGroup_WCVP [2026-03-11] | CoordinateCleaner QA applied without sea test (validity, equal, zeros, capitals, centroids, gbif, institutions) [2026-03-29]","standardized authors names in identifiedBy","Colección","N.M.M.","R.M. Camilo"
"660","HEM2025_0660","PreservedSpecimen","Coleccion",NA,"UNICACH","FORM","HEM","G.L.M.","28","B.C.L.","E","HEM2025",1,"Tillandsia compressa",16.8811111111111,-91.9611111111111,"2005-04-23","change1: Corrected taxonRank (SPECIES→FORM); kept scientificName as-is. | change2: Filled coordinateUncertaintyInMeters from decimal-place precision (conservative). | epi_taxo: acceptedName(match1); authorship_epig(match1); genus_from_scientificName; family_WFO; order_majorGroup_WCVP [2026-03-11] | CoordinateCleaner QA applied without sea test (validity, equal, zeros, capitals, centroids, gbif, institutions) [2026-03-29]","","Colección","G.L.M.","B.C.L."
"661","HEM2025_0661","PreservedSpecimen","Coleccion",NA,"UNICACH","FORM","HEM","J.M.M.","1773","J.M.M.","E","HEM2025",1,"Tillandsia compressa",15.7675833333333,-93.0800277777778,"2007-03-09","change1: Corrected taxonRank (SPECIES→FORM); kept scientificName as-is. | change2: Filled coordinateUncertaintyInMeters from decimal-place precision (conservative). | epi_taxo: acceptedName(match1); authorship_epig(match1); genus_from_scientificName; family_WFO; order_majorGroup_WCVP [2026-03-11] | CoordinateCleaner QA applied without sea test (validity, equal, zeros, capitals, centroids, gbif, institutions) [2026-03-29]","","Colección","J.M.M.","J.M.M."
"662","HEM2025_0662","PreservedSpecimen","Coleccion",NA,"UNICACH","FORM","HEM","M.E.L.M.","585","Perez-Farrera, M.A.","E","HEM2025",1,"Tillandsia compressa",15.855,-93.1508333333333,"2000-03-20","change1: Corrected taxonRank (SPECIES→FORM); kept scientificName as-is. | change2: Filled coordinateUncertaintyInMeters from decimal-place precision (conservative). | epi_taxo: acceptedName(match1); authorship_epig(match1); genus_from_scientificName; family_WFO; order_majorGroup_WCVP [2026-03-11] | CoordinateCleaner QA applied without sea test (validity, equal, zeros, capitals, centroids, gbif, institutions) [2026-03-29]","standardized authors names in identifiedBy","Colección","M.E.L.M.","M.A. Pérez-Farrera"
"663","HEM2025_0663","PreservedSpecimen","Coleccion",NA,"UNICACH","FORM","HEM","F.E.P.C. | P.C.","11-bis","N.M.C.","E","HEM2025",1,"Tillandsia compressa",15.6805555555556,-92.5958333333333,"1998-06-23","change1: Corrected taxonRank (SPECIES→FORM); kept scientificName as-is. | change2: Filled coordinateUncertaintyInMeters from decimal-place precision (conservative). | epi_taxo: acceptedName(match1); authorship_epig(match1); genus_from_scientificName; family_WFO; order_majorGroup_WCVP [2026-03-11] | CoordinateCleaner QA applied without sea test (validity, equal, zeros, capitals, centroids, gbif, institutions) [2026-03-29]","standardized authors names in recordedBy","Colección","F.E.P.C. & P.C.","N.M.C."
"664","HEM2025_0664","PreservedSpecimen","Coleccion",NA,"UNICACH","SPECIES","HEM","C.A.P.B.","29","C.A.P.B.","E","HEM2025",1,"Tillandsia concolor",16.3247222222222,-93.8708333333333,"2005-05-12","change1: Filled coordinateUncertaintyInMeters from decimal-place precision (conservative). | epi_taxo: acceptedName(match1); authorship_epig(match1); genus_from_scientificName; family_WFO; order_majorGroup_WCVP [2026-03-11] | CoordinateCleaner QA applied without sea test (validity, equal, zeros, capitals, centroids, gbif, institutions) [2026-03-29]","","Colección","C.A.P.B.","C.A.P.B."
"665","HEM2025_0665","PreservedSpecimen","Coleccion",NA,"UNICACH","SPECIES","HEM","M.M.E.","11","M.M.E.","E","HEM2025",1,"Tillandsia concolor",17.0688888888889,-93.2025,"2005-05-08","change1: Filled coordinateUncertaintyInMeters from decimal-place precision (conservative). | epi_taxo: acceptedName(match1); authorship_epig(match1); genus_from_scientificName; family_WFO; order_majorGroup_WCVP [2026-03-11] | CoordinateCleaner QA applied without sea test (validity, equal, zeros, capitals, centroids, gbif, institutions) [2026-03-29]","","Colección","M.M.E.","M.M.E."
"666","HEM2025_0666","PreservedSpecimen","Coleccion",NA,"UNICACH","SPECIES","HEM","N.M.M.","990","N.M.M.","E","HEM2025",1,"Tillandsia concolor",15.4593333333333,-92.6576111111111,"2005-07-23","change1: Filled coordinateUncertaintyInMeters from decimal-place precision (conservative). | epi_taxo: acceptedName(match1); authorship_epig(match1); genus_from_scientificName; family_WFO; order_majorGroup_WCVP [2026-03-11] | CoordinateCleaner QA applied without sea test (validity, equal, zeros, capitals, centroids, gbif, institutions) [2026-03-29]","","Colección","N.M.M.","N.M.M."
"667","HEM2025_0667","PreservedSpecimen","Coleccion",NA,"UNICACH","SPECIES","HEM","V.A.G.L.","17","V.A.G.L.","E","HEM2025",1,"Tillandsia concolor",16.3827777777778,-92.2205555555556,"2005-10-23","change1: Filled coordinateUncertaintyInMeters from decimal-place precision (conservative). | epi_taxo: acceptedName(match1); authorship_epig(match1); genus_from_scientificName; family_WFO; order_majorGroup_WCVP [2026-03-11] | CoordinateCleaner QA applied without sea test (validity, equal, zeros, capitals, centroids, gbif, institutions) [2026-03-29]","","Colección","V.A.G.L.","V.A.G.L."
"668","HEM2025_0668","PreservedSpecimen","Coleccion",NA,"UNICACH","SPECIES","HEM","V.A.G.L.","20","V.A.G.L.","E","HEM2025",1,"Tillandsia concolor",16.8666666666667,-93.2058333333333,"2005-11-08","change1: Filled coordinateUncertaintyInMeters from decimal-place precision (conservative). | epi_taxo: acceptedName(match1); authorship_epig(match1); genus_from_scientificName; family_WFO; order_majorGroup_WCVP [2026-03-11] | CoordinateCleaner QA applied without sea test (validity, equal, zeros, capitals, centroids, gbif, institutions) [2026-03-29]","","Colección","V.A.G.L.","V.A.G.L."
"669","HEM2025_0669","PreservedSpecimen","Coleccion",NA,"UNICACH","SPECIES","HEM","N.M.M.","1448","N.M.M.","E","HEM2025",1,"Tillandsia concolor",15.5516666666667,-92.6333333333333,"2006-03-25","change1: Filled coordinateUncertaintyInMeters from decimal-place precision (conservative). | epi_taxo: acceptedName(match1); authorship_epig(match1); genus_from_scientificName; family_WFO; order_majorGroup_WCVP [2026-03-11] | CoordinateCleaner QA applied without sea test (validity, equal, zeros, capitals, centroids, gbif, institutions) [2026-03-29]","","Colección","N.M.M.","N.M.M."
"670","HEM2025_0670","PreservedSpecimen","Coleccion",NA,"UNICACH","SPECIES","HEM","A.L.C.","513","A.L.C.","E","HEM2025",1,"Tillandsia concolor",15.4447222222222,-92.7466666666667,"2008-01-09","change1: Filled coordinateUncertaintyInMeters from decimal-place precision (conservative). | epi_taxo: acceptedName(match1); authorship_epig(match1); genus_from_scientificName; family_WFO; order_majorGroup_WCVP [2026-03-11] | CoordinateCleaner QA applied without sea test (validity, equal, zeros, capitals, centroids, gbif, institutions) [2026-03-29]","","Colección","A.L.C.","A.L.C."
"671","HEM2025_0671","PreservedSpecimen","Coleccion",NA,"UNICACH","SPECIES","HEM","N.M.M.","301","Espejo, A. | A.R.L.F.","E","HEM2025",1,"Tillandsia concolor",15.7555555555556,-93.0333333333333,"2002-03-16","change1: Filled coordinateUncertaintyInMeters from decimal-place precision (conservative). | epi_taxo: acceptedName(match1); authorship_epig(match1); genus_from_scientificName; family_WFO; order_majorGroup_WCVP [2026-03-11] | CoordinateCleaner QA applied without sea test (validity, equal, zeros, capitals, centroids, gbif, institutions) [2026-03-29]","standardized authors names in identifiedBy","Colección","N.M.M.","A. Espejo & A.R.L.F."
"672","HEM2025_0672","PreservedSpecimen","Coleccion",NA,"UNICACH","SPECIES","HEM","N.M.M.","284","Espejo, A. | A.R.L.F.","E","HEM2025",1,"Tillandsia concolor",15.7555555555556,-93.0333333333333,"2002-03-16","change1: Filled coordinateUncertaintyInMeters from decimal-place precision (conservative). | epi_taxo: acceptedName(match1); authorship_epig(match1); genus_from_scientificName; family_WFO; order_majorGroup_WCVP [2026-03-11] | CoordinateCleaner QA applied without sea test (validity, equal, zeros, capitals, centroids, gbif, institutions) [2026-03-29]","standardized authors names in identifiedBy","Colección","N.M.M.","A. Espejo & A.R.L.F."
"673","HEM2025_0673","PreservedSpecimen","Coleccion",NA,"UNICACH","SPECIES","HEM","M.M.M. | N.M.M. | R.J.R.V. | E.C.N.","4407-BIS","M.M.M.","E","HEM2025",1,"Tillandsia concolor",15.0996666666667,-92.1376944444444,"2014-06-19","change1: Filled coordinateUncertaintyInMeters from decimal-place precision (conservative). | epi_taxo: acceptedName(match1); authorship_epig(match1); genus_from_scientificName; family_WFO; order_majorGroup_WCVP [2026-03-11] | CoordinateCleaner QA applied without sea test (validity, equal, zeros, capitals, centroids, gbif, institutions) [2026-03-29]","standardized authors names in recordedBy","Colección","M.M.M. & N.M.M. & R.J.R.V. & E.C.N.","M.M.M."
"674","HEM2025_0674","PreservedSpecimen","Coleccion",NA,"UNICACH","SPECIES","HEM","N.M.M. | M.M.M. | R.V.H.","3397","N.M.M.","E","HEM2025",1,"Tillandsia concolor",15.1057222222222,-92.0960277777778,"2014-09-22","change1: Filled coordinateUncertaintyInMeters from decimal-place precision (conservative). | epi_taxo: acceptedName(match1); authorship_epig(match1); genus_from_scientificName; family_WFO; order_majorGroup_WCVP [2026-03-11] | CoordinateCleaner QA applied without sea test (validity, equal, zeros, capitals, centroids, gbif, institutions) [2026-03-29]","standardized authors names in recordedBy","Colección","N.M.M. & M.M.M. & R.V.H.","N.M.M."
"675","HEM2025_0675","PreservedSpecimen","Coleccion",NA,"UNICACH","SPECIES","HEM","N.O.E.","18","Espejo, A. | A.R.L.F.","E","HEM2025",1,"Tillandsia concolor",16.7888888888889,-93.4855555555555,"1991-04-18","change1: Filled coordinateUncertaintyInMeters from decimal-place precision (conservative). | epi_taxo: acceptedName(match1); authorship_epig(match1); genus_from_scientificName; family_WFO; order_majorGroup_WCVP [2026-03-11] | CoordinateCleaner QA applied without sea test (validity, equal, zeros, capitals, centroids, gbif, institutions) [2026-03-29]","standardized authors names in identifiedBy","Colección","N.O.E.","A. Espejo & A.R.L.F."
"676","HEM2025_0676","PreservedSpecimen","Coleccion",NA,"UNICACH","SPECIES","HEM","N.O.E.","18","Espejo, A. | A.R.L.F.","E","HEM2025",1,"Tillandsia concolor",16.7888888888889,-93.4855555555555,"1991-04-18","change1: Filled coordinateUncertaintyInMeters from decimal-place precision (conservative). | epi_taxo: acceptedName(match1); authorship_epig(match1); genus_from_scientificName; family_WFO; order_majorGroup_WCVP [2026-03-11] | CoordinateCleaner QA applied without sea test (validity, equal, zeros, capitals, centroids, gbif, institutions) [2026-03-29]","standardized authors names in identifiedBy","Colección","N.O.E.","A. Espejo & A.R.L.F."
"677","HEM2025_0677","PreservedSpecimen","Coleccion",NA,"UNICACH","SPECIES","HEM","F.G.G.","3","Espejo, A. | A.R.L.F.","E","HEM2025",1,"Tillandsia cucaensis",16.8380277777778,-93.4465833333333,"2005-04-04","change1: Filled coordinateUncertaintyInMeters from decimal-place precision (conservative). | epi_taxo: acceptedName(match1); authorship_epig(match1); genus_from_scientificName; family_WFO; order_majorGroup_WCVP [2026-03-11] | CoordinateCleaner QA applied without sea test (validity, equal, zeros, capitals, centroids, gbif, institutions) [2026-03-29]","standardized authors names in identifiedBy","Colección","F.G.G.","A. Espejo & A.R.L.F."
"678","HEM2025_0678","PreservedSpecimen","Coleccion",NA,"UNICACH","SPECIES","HEM","J.M.M.","637","N.M.M.","E","HEM2025",1,"Tillandsia dasyliriifolia",15.8079722222222,-93.0486666666667,"2004-11-07","change1: Filled coordinateUncertaintyInMeters from decimal-place precision (conservative). | epi_taxo: acceptedName(match1); authorship_epig(match1); genus_from_scientificName; family_WFO; order_majorGroup_WCVP [2026-03-11] | CoordinateCleaner QA applied without sea test (validity, equal, zeros, capitals, centroids, gbif, institutions) [2026-03-29]","","Colección","J.M.M.","N.M.M."
"679","HEM2025_0679","PreservedSpecimen","Coleccion",NA,"UNICACH","SPECIES","HEM","Perez-Farrera, M.A.","2922","N.M.M.","E","HEM2025",1,"Tillandsia dasyliriifolia",17.1441666666667,-92.8941666666667,"2003-03-18","change1: Filled coordinateUncertaintyInMeters from decimal-place precision (conservative). | epi_taxo: acceptedName(match1); authorship_epig(match1); genus_from_scientificName; family_WFO; order_majorGroup_WCVP [2026-03-11] | CoordinateCleaner QA applied without sea test (validity, equal, zeros, capitals, centroids, gbif, institutions) [2026-03-29]","standardized authors names in recordedBy","Colección","M.A. Pérez-Farrera","N.M.M."
"680","HEM2025_0680","PreservedSpecimen","Coleccion",NA,"UNICACH","SPECIES","HEM","Camilo, R.M. | N.M.M. | D.M.C.","1042","N.M.M.","E","HEM2025",1,"Tillandsia dasyliriifolia",15.1933333333333,-92.8316666666667,"2006-08-19","change1: Filled coordinateUncertaintyInMeters from decimal-place precision (conservative). | epi_taxo: acceptedName(match1); authorship_epig(match1); genus_from_scientificName; family_WFO; order_majorGroup_WCVP [2026-03-11] | CoordinateCleaner QA applied without sea test (validity, equal, zeros, capitals, centroids, gbif, institutions) [2026-03-29]","standardized authors names in recordedBy","Colección","R.M. Camilo & N.M.M. & D.M.C.","N.M.M."
"681","HEM2025_0681","PreservedSpecimen","Coleccion",NA,"UNICACH","SPECIES","HEM","H.G.D.","1168","M.F.C. | L.D.T.H.","E","HEM2025",1,"Tillandsia eizii",15.5516666666667,-92.6333333333333,"2006-03-25","change1: Filled coordinateUncertaintyInMeters from decimal-place precision (conservative). | epi_taxo: acceptedName(match1); authorship_epig(match1); genus_from_scientificName; family_WFO; order_majorGroup_WCVP [2026-03-11] | CoordinateCleaner QA applied without sea test (validity, equal, zeros, capitals, centroids, gbif, institutions) [2026-03-29]","standardized authors names in identifiedBy","Colección","H.G.D.","M.F.C. & L.D.T.H."
"682","HEM2025_0682","PreservedSpecimen","Coleccion",NA,"UNICACH","SPECIES","HEM","M.E.L.M.","ND","N.M.M.","E","HEM2025",1,"Tillandsia eizii",16.7608333333333,-92.6775,"","change1: Filled coordinateUncertaintyInMeters from decimal-place precision (conservative). | epi_taxo: acceptedName(match1); authorship_epig(match1); genus_from_scientificName; family_WFO; order_majorGroup_WCVP [2026-03-11] | CoordinateCleaner QA applied without sea test (validity, equal, zeros, capitals, centroids, gbif, institutions) [2026-03-29]","","Colección","M.E.L.M.","N.M.M."
"683","HEM2025_0683","PreservedSpecimen","Coleccion",NA,"UNICACH","SPECIES","HEM","M.E.L.M.","ND","N.M.M.","E","HEM2025",1,"Tillandsia eizii",16.7608333333333,-92.6775,"","change1: Filled coordinateUncertaintyInMeters from decimal-place precision (conservative). | epi_taxo: acceptedName(match1); authorship_epig(match1); genus_from_scientificName; family_WFO; order_majorGroup_WCVP [2026-03-11] | CoordinateCleaner QA applied without sea test (validity, equal, zeros, capitals, centroids, gbif, institutions) [2026-03-29]","","Colección","M.E.L.M.","N.M.M."
"684","HEM2025_0684","PreservedSpecimen","Coleccion",NA,"UNICACH","SPECIES","HEM","H.G.D.","1256","N.M.M.","E","HEM2025",1,"Tillandsia eizii",15.5516666666667,-92.6333333333333,"","change1: Filled coordinateUncertaintyInMeters from decimal-place precision (conservative). | epi_taxo: acceptedName(match1); authorship_epig(match1); genus_from_scientificName; family_WFO; order_majorGroup_WCVP [2026-03-11] | CoordinateCleaner QA applied without sea test (validity, equal, zeros, capitals, centroids, gbif, institutions) [2026-03-29]","","Colección","H.G.D.","N.M.M."
"685","HEM2025_0685","PreservedSpecimen","Coleccion",NA,"UNICACH","SPECIES","HEM","N.M.M.","2212","N.M.M.","E","HEM2025",1,"Tillandsia eizii",17.2941666666667,-93.1608333333333,"2007-11-15","change1: Filled coordinateUncertaintyInMeters from decimal-place precision (conservative). | epi_taxo: acceptedName(match1); authorship_epig(match1); genus_from_scientificName; family_WFO; order_majorGroup_WCVP [2026-03-11] | CoordinateCleaner QA applied without sea test (validity, equal, zeros, capitals, centroids, gbif, institutions) [2026-03-29]","","Colección","N.M.M.","N.M.M."
"686","HEM2025_0686","PreservedSpecimen","Coleccion",NA,"UNICACH","SPECIES","HEM","I.E.H.","13","E.M.O.","E","HEM2025",1,"Tillandsia elongata",17.5108333333333,-93.2941666666667,"2006-04-01","change1: Filled coordinateUncertaintyInMeters from decimal-place precision (conservative). | epi_taxo: acceptedName(match1); authorship_epig(match1); genus_from_scientificName; family_WFO; order_majorGroup_WCVP [2026-03-11] | CoordinateCleaner QA applied without sea test (validity, equal, zeros, capitals, centroids, gbif, institutions) [2026-03-29]","","Colección","I.E.H.","E.M.O."
"687","HEM2025_0687","PreservedSpecimen","Coleccion",NA,"UNICACH","SPECIES","HEM","M.M.M. | N.M.M. | R.J.R.V. | E.C.N.","4516","Espejo, A. | A.R.L.F.","E","HEM2025",1,"Tillandsia excelsa",15.0923888888889,-92.1485277777778,"2014-06-20","change1: Filled coordinateUncertaintyInMeters from decimal-place precision (conservative). | epi_taxo: acceptedName(match1); authorship_epig(match1); genus_from_scientificName; family_WFO; order_majorGroup_WCVP [2026-03-11] | CoordinateCleaner QA applied without sea test (validity, equal, zeros, capitals, centroids, gbif, institutions) [2026-03-29]","standardized authors names in recordedBy / standardized authors names in identifiedBy","Colección","M.M.M. & N.M.M. & R.J.R.V. & E.C.N.","A. Espejo & A.R.L.F."
"688","HEM2025_0688","PreservedSpecimen","Coleccion",NA,"UNICACH","SPECIES","HEM","G.L.V.","69","G.L.V.","E","HEM2025",1,"Tillandsia fasciculata",15.0394444444444,-92.0975,"2005-06-22","change1: Filled coordinateUncertaintyInMeters from decimal-place precision (conservative). | epi_taxo: acceptedName(match1); authorship_epig(match1); genus_from_scientificName; family_WFO; order_majorGroup_WCVP [2026-03-11] | CoordinateCleaner QA applied without sea test (validity, equal, zeros, capitals, centroids, gbif, institutions) [2026-03-29]","","Colección","G.L.V.","G.L.V."
"689","HEM2025_0689","PreservedSpecimen","Coleccion",NA,"UNICACH","SPECIES","HEM","M.E.L.M.","342","Camilo, R.M.","E","HEM2025",1,"Tillandsia fasciculata",15.7013888888889,-92.9838888888889,"1999-04-16","change1: Filled coordinateUncertaintyInMeters from decimal-place precision (conservative). | epi_taxo: acceptedName(match1); authorship_epig(match1); genus_from_scientificName; family_WFO; order_majorGroup_WCVP [2026-03-11] | CoordinateCleaner QA applied without sea test (validity, equal, zeros, capitals, centroids, gbif, institutions) [2026-03-29]","standardized authors names in identifiedBy","Colección","M.E.L.M.","R.M. Camilo"
"690","HEM2025_0690","PreservedSpecimen","Coleccion",NA,"UNICACH","SPECIES","HEM","N.M.M.","1316","N.M.M.","E","HEM2025",1,"Tillandsia fasciculata",16.9243055555556,-93.4726666666667,"2006-03-16","change1: Filled coordinateUncertaintyInMeters from decimal-place precision (conservative). | epi_taxo: acceptedName(match1); authorship_epig(match1); genus_from_scientificName; family_WFO; order_majorGroup_WCVP [2026-03-11] | CoordinateCleaner QA applied without sea test (validity, equal, zeros, capitals, centroids, gbif, institutions) [2026-03-29]","","Colección","N.M.M.","N.M.M."
"691","HEM2025_0691","PreservedSpecimen","Coleccion",NA,"UNICACH","SPECIES","HEM","Perez-Farrera, M.A.","166-bis","N.M.M.","E","HEM2025",1,"Tillandsia fasciculata",16.2705555555556,-93.6416666666667,"1995-03-13","change1: Filled coordinateUncertaintyInMeters from decimal-place precision (conservative). | epi_taxo: acceptedName(match1); authorship_epig(match1); genus_from_scientificName; family_WFO; order_majorGroup_WCVP [2026-03-11] | CoordinateCleaner QA applied without sea test (validity, equal, zeros, capitals, centroids, gbif, institutions) [2026-03-29]","standardized authors names in recordedBy","Colección","M.A. Pérez-Farrera","N.M.M."
"692","HEM2025_0692","PreservedSpecimen","Coleccion",NA,"UNICACH","SPECIES","HEM","A.C.G.D.","3","N.M.M.","E","HEM2025",1,"Tillandsia fasciculata",16.8282972222222,-93.4298944444444,"2005-10-27","change1: Filled coordinateUncertaintyInMeters from decimal-place precision (conservative). | epi_taxo: acceptedName(match1); authorship_epig(match1); genus_from_scientificName; family_WFO; order_majorGroup_WCVP [2026-03-11] | CoordinateCleaner QA applied without sea test (validity, equal, zeros, capitals, centroids, gbif, institutions) [2026-03-29]","","Colección","A.C.G.D.","N.M.M."
"693","HEM2025_0693","PreservedSpecimen","Coleccion",NA,"UNICACH","SPECIES","HEM","J.C.Z.R.","27","N.M.M.","E","HEM2025",1,"Tillandsia fasciculata",16.7972222222222,-93.2722222222222,"2004-03-18","change1: Filled coordinateUncertaintyInMeters from decimal-place precision (conservative). | epi_taxo: acceptedName(match1); authorship_epig(match1); genus_from_scientificName; family_WFO; order_majorGroup_WCVP [2026-03-11] | CoordinateCleaner QA applied without sea test (validity, equal, zeros, capitals, centroids, gbif, institutions) [2026-03-29]","","Colección","J.C.Z.R.","N.M.M."
"694","HEM2025_0694","PreservedSpecimen","Coleccion",NA,"UNICACH","SPECIES","HEM","N.M.M.","1450","N.M.M.","E","HEM2025",1,"Tillandsia fasciculata",15.5516666666667,-92.6333333333333,"2006-03-25","change1: Filled coordinateUncertaintyInMeters from decimal-place precision (conservative). | epi_taxo: acceptedName(match1); authorship_epig(match1); genus_from_scientificName; family_WFO; order_majorGroup_WCVP [2026-03-11] | CoordinateCleaner QA applied without sea test (validity, equal, zeros, capitals, centroids, gbif, institutions) [2026-03-29]","","Colección","N.M.M.","N.M.M."
"695","HEM2025_0695","PreservedSpecimen","Coleccion",NA,"UNICACH","SPECIES","HEM","A.C.G.D.","34","N.M.M.","E","HEM2025",1,"Tillandsia fasciculata",16.8282972222222,-93.4298944444444,"2005-10-27","change1: Filled coordinateUncertaintyInMeters from decimal-place precision (conservative). | epi_taxo: acceptedName(match1); authorship_epig(match1); genus_from_scientificName; family_WFO; order_majorGroup_WCVP [2026-03-11] | CoordinateCleaner QA applied without sea test (validity, equal, zeros, capitals, centroids, gbif, institutions) [2026-03-29]","","Colección","A.C.G.D.","N.M.M."
"696","HEM2025_0696","PreservedSpecimen","Coleccion",NA,"UNICACH","SPECIES","HEM","J.A.E.J.","827","J.A.E.J.","E","HEM2025",1,"Tillandsia fasciculata",16.9297694444444,-93.0053138888889,"2009-05-21","change1: Filled coordinateUncertaintyInMeters from decimal-place precision (conservative). | epi_taxo: acceptedName(match1); authorship_epig(match1); genus_from_scientificName; family_WFO; order_majorGroup_WCVP [2026-03-11] | CoordinateCleaner QA applied without sea test (validity, equal, zeros, capitals, centroids, gbif, institutions) [2026-03-29]","","Colección","J.A.E.J.","J.A.E.J."
"697","HEM2025_0697","PreservedSpecimen","Coleccion",NA,"UNICACH","SPECIES","HEM","N.M.M.","2221","N.M.M.","E","HEM2025",1,"Tillandsia fasciculata",16.7866111111111,-94.0265833333333,"2007-12-14","change1: Filled coordinateUncertaintyInMeters from decimal-place precision (conservative). | epi_taxo: acceptedName(match1); authorship_epig(match1); genus_from_scientificName; family_WFO; order_majorGroup_WCVP [2026-03-11] | CoordinateCleaner QA applied without sea test (validity, equal, zeros, capitals, centroids, gbif, institutions) [2026-03-29]","","Colección","N.M.M.","N.M.M."
"698","HEM2025_0698","PreservedSpecimen","Coleccion",NA,"UNICACH","SPECIES","HEM","A.L.C.","128","A.L.C.","E","HEM2025",1,"Tillandsia fasciculata",15.3733333333333,-92.6611111111111,"2005-09-18","change1: Filled coordinateUncertaintyInMeters from decimal-place precision (conservative). | epi_taxo: acceptedName(match1); authorship_epig(match1); genus_from_scientificName; family_WFO; order_majorGroup_WCVP [2026-03-11] | CoordinateCleaner QA applied without sea test (validity, equal, zeros, capitals, centroids, gbif, institutions) [2026-03-29]","","Colección","A.L.C.","A.L.C."
"699","HEM2025_0699","PreservedSpecimen","Coleccion",NA,"UNICACH","SPECIES","HEM","A.L.C.","128-bis","A.L.C.","E","HEM2025",1,"Tillandsia fasciculata",15.3733333333333,-92.6611111111111,"2005-09-18","change1: Filled coordinateUncertaintyInMeters from decimal-place precision (conservative). | epi_taxo: acceptedName(match1); authorship_epig(match1); genus_from_scientificName; family_WFO; order_majorGroup_WCVP [2026-03-11] | CoordinateCleaner QA applied without sea test (validity, equal, zeros, capitals, centroids, gbif, institutions) [2026-03-29]","","Colección","A.L.C.","A.L.C."
"700","HEM2025_0700","PreservedSpecimen","Coleccion",NA,"UNICACH","SPECIES","HEM","M.M.M.","341","J.M.M.","E","HEM2025",1,"Tillandsia fasciculata",17.0415,-93.2363611111111,"2009-10-21","change1: Filled coordinateUncertaintyInMeters from decimal-place precision (conservative). | epi_taxo: acceptedName(match1); authorship_epig(match1); genus_from_scientificName; family_WFO; order_majorGroup_WCVP [2026-03-11] | CoordinateCleaner QA applied without sea test (validity, equal, zeros, capitals, centroids, gbif, institutions) [2026-03-29]","","Colección","M.M.M.","J.M.M."
"701","HEM2025_0701","PreservedSpecimen","Coleccion",NA,"UNICACH","SPECIES","HEM","J.A.E.J.","1008","J.A.E.J.","E","HEM2025",1,"Tillandsia fasciculata",16.9336916666667,-93.1304777777778,"2009-09-25","change1: Filled coordinateUncertaintyInMeters from decimal-place precision (conservative). | epi_taxo: acceptedName(match1); authorship_epig(match1); genus_from_scientificName; family_WFO; order_majorGroup_WCVP [2026-03-11] | CoordinateCleaner QA applied without sea test (validity, equal, zeros, capitals, centroids, gbif, institutions) [2026-03-29]","","Colección","J.A.E.J.","J.A.E.J."
"702","HEM2025_0702","PreservedSpecimen","Coleccion",NA,"UNICACH","SPECIES","HEM","A.L.C.","517","A.L.C.","E","HEM2025",1,"Tillandsia fasciculata",15.4330555555556,-92.6402777777778,"2008-01-15","change1: Filled coordinateUncertaintyInMeters from decimal-place precision (conservative). | epi_taxo: acceptedName(match1); authorship_epig(match1); genus_from_scientificName; family_WFO; order_majorGroup_WCVP [2026-03-11] | CoordinateCleaner QA applied without sea test (validity, equal, zeros, capitals, centroids, gbif, institutions) [2026-03-29]","","Colección","A.L.C.","A.L.C."
"703","HEM2025_0703","PreservedSpecimen","Coleccion",NA,"UNICACH","SPECIES","HEM","N.M.M.","121","Espejo, A. | A.R.L.F.","E","HEM2025",1,"Tillandsia fasciculata",15.7,-92.9805555555556,"2001-12-21","change1: Filled coordinateUncertaintyInMeters from decimal-place precision (conservative). | epi_taxo: acceptedName(match1); authorship_epig(match1); genus_from_scientificName; family_WFO; order_majorGroup_WCVP [2026-03-11] | CoordinateCleaner QA applied without sea test (validity, equal, zeros, capitals, centroids, gbif, institutions) [2026-03-29]","standardized authors names in identifiedBy","Colección","N.M.M.","A. Espejo & A.R.L.F."
"704","HEM2025_0704","PreservedSpecimen","Coleccion",NA,"UNICACH","SPECIES","HEM","D.G.R.","16","O.F.S.","E","HEM2025",1,"Tillandsia fasciculata",15.9841666666667,-93.2883333333333,"2002-03-08","change1: Filled coordinateUncertaintyInMeters from decimal-place precision (conservative). | epi_taxo: acceptedName(match1); authorship_epig(match1); genus_from_scientificName; family_WFO; order_majorGroup_WCVP [2026-03-11] | CoordinateCleaner QA applied without sea test (validity, equal, zeros, capitals, centroids, gbif, institutions) [2026-03-29]","","Colección","D.G.R.","O.F.S."
"705","HEM2025_0705","PreservedSpecimen","Coleccion",NA,"UNICACH","SPECIES","HEM","E.M.L.","1266","O.F.S.","E","HEM2025",1,"Tillandsia fasciculata",15.9922222222222,-93.4472222222222,"2003-10-03","change1: Filled coordinateUncertaintyInMeters from decimal-place precision (conservative). | epi_taxo: acceptedName(match1); authorship_epig(match1); genus_from_scientificName; family_WFO; order_majorGroup_WCVP [2026-03-11] | CoordinateCleaner QA applied without sea test (validity, equal, zeros, capitals, centroids, gbif, institutions) [2026-03-29]","","Colección","E.M.L.","O.F.S."
"706","HEM2025_0706","PreservedSpecimen","Coleccion",NA,"UNICACH","SPECIES","HEM","Najarro, F.H. | M N.M.G. | C.M.M.","1533","O.F.S.","E","HEM2025",1,"Tillandsia fasciculata",15.9991666666667,-93.4505555555556,"2003-12-27","change1: Filled coordinateUncertaintyInMeters from decimal-place precision (conservative). | epi_taxo: acceptedName(match1); authorship_epig(match1); genus_from_scientificName; family_WFO; order_majorGroup_WCVP [2026-03-11] | CoordinateCleaner QA applied without sea test (validity, equal, zeros, capitals, centroids, gbif, institutions) [2026-03-29]","standardized authors names in recordedBy","Colección","F.H. Najarro & M N.M.G. & C.M.M.","O.F.S."
"707","HEM2025_0707","PreservedSpecimen","Coleccion",NA,"UNICACH","SPECIES","HEM","M.M.M. | M.C.R.M.","3003","N.M.M.","E","HEM2025",1,"Tillandsia fasciculata",15.1627222222222,-92.1505277777778,"2013-12-02","change1: Filled coordinateUncertaintyInMeters from decimal-place precision (conservative). | epi_taxo: acceptedName(match1); authorship_epig(match1); genus_from_scientificName; family_WFO; order_majorGroup_WCVP [2026-03-11] | CoordinateCleaner QA applied without sea test (validity, equal, zeros, capitals, centroids, gbif, institutions) [2026-03-29]","standardized authors names in recordedBy","Colección","M.M.M. & M.C.R.M.","N.M.M."
"708","HEM2025_0708","PreservedSpecimen","Coleccion",NA,"UNICACH","SPECIES","HEM","A.M.G. | G.U. | E.M.S.","138-bis","Perez-Farrera, M.A.","E","HEM2025",1,"Tillandsia fasciculata",17.3166666666667,-91.6930555555556,"1987-05-24","change1: Filled coordinateUncertaintyInMeters from decimal-place precision (conservative). | epi_taxo: acceptedName(match1); authorship_epig(match1); genus_from_scientificName; family_WFO; order_majorGroup_WCVP [2026-03-11] | CoordinateCleaner QA applied without sea test (validity, equal, zeros, capitals, centroids, gbif, institutions) [2026-03-29]","standardized authors names in recordedBy / standardized authors names in identifiedBy","Colección","A.M.G. & G.U. & E.M.S.","M.A. Pérez-Farrera"
"709","HEM2025_0709","PreservedSpecimen","Coleccion",NA,"UNICACH","SPECIES","HEM","D.C.H.","6","N.M.C.","E","HEM2025",1,"Tillandsia fasciculata",17.1563888888889,-93.1658333333333,"1993-03-11","change1: Filled coordinateUncertaintyInMeters from decimal-place precision (conservative). | epi_taxo: acceptedName(match1); authorship_epig(match1); genus_from_scientificName; family_WFO; order_majorGroup_WCVP [2026-03-11] | CoordinateCleaner QA applied without sea test (validity, equal, zeros, capitals, centroids, gbif, institutions) [2026-03-29]","","Colección","D.C.H.","N.M.C."
"710","HEM2025_0710","PreservedSpecimen","Coleccion",NA,"UNICACH","SPECIES","HEM","D.C.H.","8","Espejo, A. | A.R.L.F.","E","HEM2025",1,"Tillandsia fasciculata",17.1563888888889,-93.1658333333333,"1993-03-13","change1: Filled coordinateUncertaintyInMeters from decimal-place precision (conservative). | epi_taxo: acceptedName(match1); authorship_epig(match1); genus_from_scientificName; family_WFO; order_majorGroup_WCVP [2026-03-11] | CoordinateCleaner QA applied without sea test (validity, equal, zeros, capitals, centroids, gbif, institutions) [2026-03-29]","standardized authors names in identifiedBy","Colección","D.C.H.","A. Espejo & A.R.L.F."
"711","HEM2025_0711","PreservedSpecimen","Coleccion",NA,"UNICACH","SPECIES","HEM","G.C.T.","27","Espejo, A. | A.R.L.F.","E","HEM2025",1,"Tillandsia fasciculata",15.9841666666667,-93.2833333333333,"2002-03-08","change1: Filled coordinateUncertaintyInMeters from decimal-place precision (conservative). | epi_taxo: acceptedName(match1); authorship_epig(match1); genus_from_scientificName; family_WFO; order_majorGroup_WCVP [2026-03-11] | CoordinateCleaner QA applied without sea test (validity, equal, zeros, capitals, centroids, gbif, institutions) [2026-03-29]","standardized authors names in identifiedBy","Colección","G.C.T.","A. Espejo & A.R.L.F."
"712","HEM2025_0712","PreservedSpecimen","Coleccion",NA,"UNICACH","SPECIES","HEM","G.C.T.","27","Espejo, A. | A.R.L.F.","E","HEM2025",1,"Tillandsia fasciculata",15.9841666666667,-93.2833333333333,"2002-03-08","change1: Filled coordinateUncertaintyInMeters from decimal-place precision (conservative). | epi_taxo: acceptedName(match1); authorship_epig(match1); genus_from_scientificName; family_WFO; order_majorGroup_WCVP [2026-03-11] | CoordinateCleaner QA applied without sea test (validity, equal, zeros, capitals, centroids, gbif, institutions) [2026-03-29]","standardized authors names in identifiedBy","Colección","G.C.T.","A. Espejo & A.R.L.F."
"713","HEM2025_0713","PreservedSpecimen","Coleccion",NA,"UNICACH","SPECIES","HEM","M.A.H.M.","22","Espejo, A. | A.R.L.F.","E","HEM2025",1,"Tillandsia festucoides",16.9552777777778,-93.2508333333333,"2004-05-02","change1: Filled coordinateUncertaintyInMeters from decimal-place precision (conservative). | epi_taxo: acceptedName(match1); authorship_epig(match1); genus_from_scientificName; family_WFO; order_majorGroup_WCVP [2026-03-11] | CoordinateCleaner QA applied without sea test (validity, equal, zeros, capitals, centroids, gbif, institutions) [2026-03-29]","standardized authors names in identifiedBy","Colección","M.A.H.M.","A. Espejo & A.R.L.F."
"714","HEM2025_0714","PreservedSpecimen","Coleccion",NA,"UNICACH","SPECIES","HEM","A.M.G. | G.U. | E.M.S.","138","Espejo, A. | A.R.L.F.","E","HEM2025",1,"Tillandsia festucoides",16.9913888888889,-91.6227777777778,"1987-05-24","change1: Filled coordinateUncertaintyInMeters from decimal-place precision (conservative). | epi_taxo: acceptedName(match1); authorship_epig(match1); genus_from_scientificName; family_WFO; order_majorGroup_WCVP [2026-03-11] | CoordinateCleaner QA applied without sea test (validity, equal, zeros, capitals, centroids, gbif, institutions) [2026-03-29]","standardized authors names in recordedBy / standardized authors names in identifiedBy","Colección","A.M.G. & G.U. & E.M.S.","A. Espejo & A.R.L.F."
"715","HEM2025_0715","PreservedSpecimen","Coleccion",NA,"UNICACH","SPECIES","HEM","H.G.D.","3579","H.G.D.","E","HEM2025",1,"Tillandsia festucoides",16.9597777777778,-93.5805833333333,"2016-05-17","change1: Filled coordinateUncertaintyInMeters from decimal-place precision (conservative). | epi_taxo: acceptedName(match1); authorship_epig(match1); genus_from_scientificName; family_WFO; order_majorGroup_WCVP [2026-03-11] | CoordinateCleaner QA applied without sea test (validity, equal, zeros, capitals, centroids, gbif, institutions) [2026-03-29]","","Colección","H.G.D.","H.G.D."
"716","HEM2025_0716","PreservedSpecimen","Coleccion",NA,"UNICACH","SPECIES","HEM","A.M.G. | G.U. | E.M.S.","141-bis","C.R.B.B.","E","HEM2025",1,"Tillandsia filifolia",17.3166666666667,-91.6930555555556,"1987-05-24","change1: Filled coordinateUncertaintyInMeters from decimal-place precision (conservative). | epi_taxo: acceptedName(match1); authorship_epig(match1); genus_from_scientificName; family_WFO; order_majorGroup_WCVP [2026-03-11] | CoordinateCleaner QA applied without sea test (validity, equal, zeros, capitals, centroids, gbif, institutions) [2026-03-29]","standardized authors names in recordedBy","Colección","A.M.G. & G.U. & E.M.S.","C.R.B.B."
"717","HEM2025_0717","PreservedSpecimen","Coleccion",NA,"UNICACH","SPECIES","HEM","G.U. | E.M.S. | A.M.G.","89","Espejo, A. | A.R.L.F.","E","HEM2025",1,"Tillandsia filifolia",16.9913888888889,-91.6227777777778,"1987-05-24","change1: Filled coordinateUncertaintyInMeters from decimal-place precision (conservative). | epi_taxo: acceptedName(match1); authorship_epig(match1); genus_from_scientificName; family_WFO; order_majorGroup_WCVP [2026-03-11] | CoordinateCleaner QA applied without sea test (validity, equal, zeros, capitals, centroids, gbif, institutions) [2026-03-29]","standardized authors names in recordedBy / standardized authors names in identifiedBy","Colección","G.U. & E.M.S. & A.M.G.","A. Espejo & A.R.L.F."
"718","HEM2025_0718","PreservedSpecimen","Coleccion",NA,"UNICACH","SPECIES","HEM","A.M.G. | G.U. | E.M.S.","141","Espejo, A. | A.R.L.F.","E","HEM2025",1,"Tillandsia filifolia",16.9913888888889,-91.6227777777778,"1987-05-24","change1: Filled coordinateUncertaintyInMeters from decimal-place precision (conservative). | epi_taxo: acceptedName(match1); authorship_epig(match1); genus_from_scientificName; family_WFO; order_majorGroup_WCVP [2026-03-11] | CoordinateCleaner QA applied without sea test (validity, equal, zeros, capitals, centroids, gbif, institutions) [2026-03-29]","standardized authors names in recordedBy / standardized authors names in identifiedBy","Colección","A.M.G. & G.U. & E.M.S.","A. Espejo & A.R.L.F."
"719","HEM2025_0719","PreservedSpecimen","Coleccion",NA,"UNICACH","SPECIES","HEM","N.M.M.","716","N.M.M.","E","HEM2025",1,"Tillandsia flabellata",15.8533333333333,-93.2118055555556,"2005-03-30","change1: Filled coordinateUncertaintyInMeters from decimal-place precision (conservative). | epi_taxo: acceptedName(match1); authorship_epig(match1); genus_from_scientificName; family_WFO; order_majorGroup_WCVP [2026-03-11] | CoordinateCleaner QA applied without sea test (validity, equal, zeros, capitals, centroids, gbif, institutions) [2026-03-29]","","Colección","N.M.M.","N.M.M."
"720","HEM2025_0720","PreservedSpecimen","Coleccion",NA,"UNICACH","SPECIES","HEM","N.M.M.","641","Camilo, R.M.","E","HEM2025",1,"Tillandsia flabellata",15.6402222222222,-92.6725833333333,"2005-01-16","change1: Filled coordinateUncertaintyInMeters from decimal-place precision (conservative). | epi_taxo: acceptedName(match1); authorship_epig(match1); genus_from_scientificName; family_WFO; order_majorGroup_WCVP [2026-03-11] | CoordinateCleaner QA applied without sea test (validity, equal, zeros, capitals, centroids, gbif, institutions) [2026-03-29]","standardized authors names in identifiedBy","Colección","N.M.M.","R.M. Camilo"
"721","HEM2025_0721","PreservedSpecimen","Coleccion",NA,"UNICACH","SPECIES","HEM","Camilo, R.M.","876","Camilo, R.M.","E","HEM2025",1,"Tillandsia flabellata",16.9125,-93.1727777777778,"2002-08-16","change1: Filled coordinateUncertaintyInMeters from decimal-place precision (conservative). | epi_taxo: acceptedName(match1); authorship_epig(match1); genus_from_scientificName; family_WFO; order_majorGroup_WCVP [2026-03-11] | CoordinateCleaner QA applied without sea test (validity, equal, zeros, capitals, centroids, gbif, institutions) [2026-03-29]","standardized authors names in recordedBy / standardized authors names in identifiedBy","Colección","R.M. Camilo","R.M. Camilo"
"722","HEM2025_0722","PreservedSpecimen","Coleccion",NA,"UNICACH","SPECIES","HEM","E.A.T.","21","Espejo, A. | A.R.L.F.","E","HEM2025",1,"Tillandsia flabellata",16.6430555555556,-93.3997222222222,"2002-05-04","change1: Filled coordinateUncertaintyInMeters from decimal-place precision (conservative). | epi_taxo: acceptedName(match1); authorship_epig(match1); genus_from_scientificName; family_WFO; order_majorGroup_WCVP [2026-03-11] | CoordinateCleaner QA applied without sea test (validity, equal, zeros, capitals, centroids, gbif, institutions) [2026-03-29]","standardized authors names in identifiedBy","Colección","E.A.T.","A. Espejo & A.R.L.F."
"723","HEM2025_0723","PreservedSpecimen","Coleccion",NA,"UNICACH","SPECIES","HEM","E.A.T.","21","Espejo, A. | A.R.L.F.","E","HEM2025",1,"Tillandsia flabellata",16.6430555555556,-93.3997222222222,"2002-05-04","change1: Filled coordinateUncertaintyInMeters from decimal-place precision (conservative). | epi_taxo: acceptedName(match1); authorship_epig(match1); genus_from_scientificName; family_WFO; order_majorGroup_WCVP [2026-03-11] | CoordinateCleaner QA applied without sea test (validity, equal, zeros, capitals, centroids, gbif, institutions) [2026-03-29]","standardized authors names in identifiedBy","Colección","E.A.T.","A. Espejo & A.R.L.F."
"724","HEM2025_0724","PreservedSpecimen","Coleccion",NA,"UNICACH","SPECIES","HEM","Perez-Farrera, M.A.","1437","Perez-Farrera, M.A.","E","HEM2025",1,"Tillandsia flabellata",16.3416666666667,-93.7083333333333,"1996-11-19","change1: Filled coordinateUncertaintyInMeters from decimal-place precision (conservative). | epi_taxo: acceptedName(match1); authorship_epig(match1); genus_from_scientificName; family_WFO; order_majorGroup_WCVP [2026-03-11] | CoordinateCleaner QA applied without sea test (validity, equal, zeros, capitals, centroids, gbif, institutions) [2026-03-29]","standardized authors names in recordedBy / standardized authors names in identifiedBy","Colección","M.A. Pérez-Farrera","M.A. Pérez-Farrera"
"725","HEM2025_0725","PreservedSpecimen","Coleccion",NA,"UNICACH","SPECIES","HEM","Perez-Farrera, M.A.","468","Perez-Farrera, M.A.","E","HEM2025",1,"Tillandsia flabellata",16.3416666666667,-93.7083333333333,"1995-05-25","change1: Filled coordinateUncertaintyInMeters from decimal-place precision (conservative). | epi_taxo: acceptedName(match1); authorship_epig(match1); genus_from_scientificName; family_WFO; order_majorGroup_WCVP [2026-03-11] | CoordinateCleaner QA applied without sea test (validity, equal, zeros, capitals, centroids, gbif, institutions) [2026-03-29]","standardized authors names in recordedBy / standardized authors names in identifiedBy","Colección","M.A. Pérez-Farrera","M.A. Pérez-Farrera"
"726","HEM2025_0726","PreservedSpecimen","Coleccion",NA,"UNICACH","SPECIES","HEM","Chagala, J.L.","10","Chagala, J.L.","E","HEM2025",1,"Tillandsia flabellata",16.9305555555556,-93.2236111111111,"2005-04-26","change1: Filled coordinateUncertaintyInMeters from decimal-place precision (conservative). | epi_taxo: acceptedName(match1); authorship_epig(match1); genus_from_scientificName; family_WFO; order_majorGroup_WCVP [2026-03-11] | CoordinateCleaner QA applied without sea test (validity, equal, zeros, capitals, centroids, gbif, institutions) [2026-03-29]","standardized authors names in recordedBy / standardized authors names in identifiedBy","Colección","J.L. Chagala","J.L. Chagala"
"727","HEM2025_0727","PreservedSpecimen","Coleccion",NA,"UNICACH","SPECIES","HEM","M.D.R.S.","14-bis","R.R.S.","E","HEM2025",1,"Tillandsia flabellata",15.9002777777778,-93.2411111111111,"2005-03-31","change1: Filled coordinateUncertaintyInMeters from decimal-place precision (conservative). | epi_taxo: acceptedName(match1); authorship_epig(match1); genus_from_scientificName; family_WFO; order_majorGroup_WCVP [2026-03-11] | CoordinateCleaner QA applied without sea test (validity, equal, zeros, capitals, centroids, gbif, institutions) [2026-03-29]","","Colección","M.D.R.S.","R.R.S."
"728","HEM2025_0728","PreservedSpecimen","Coleccion",NA,"UNICACH","SPECIES","HEM","J.L.O.H.","35","J.L.O.H.","E","HEM2025",1,"Tillandsia flabellata",16.9505555555556,-93.1833333333333,"2005-05-07","change1: Filled coordinateUncertaintyInMeters from decimal-place precision (conservative). | epi_taxo: acceptedName(match1); authorship_epig(match1); genus_from_scientificName; family_WFO; order_majorGroup_WCVP [2026-03-11] | CoordinateCleaner QA applied without sea test (validity, equal, zeros, capitals, centroids, gbif, institutions) [2026-03-29]","","Colección","J.L.O.H.","J.L.O.H."
"729","HEM2025_0729","PreservedSpecimen","Coleccion",NA,"UNICACH","SPECIES","HEM","M.D.R.S.","304","R.R.S.","E","HEM2025",1,"Tillandsia flabellata",15.5977222222222,-92.6570277777778,"2005-07-21","change1: Filled coordinateUncertaintyInMeters from decimal-place precision (conservative). | epi_taxo: acceptedName(match1); authorship_epig(match1); genus_from_scientificName; family_WFO; order_majorGroup_WCVP [2026-03-11] | CoordinateCleaner QA applied without sea test (validity, equal, zeros, capitals, centroids, gbif, institutions) [2026-03-29]","","Colección","M.D.R.S.","R.R.S."
"730","HEM2025_0730","PreservedSpecimen","Coleccion",NA,"UNICACH","SPECIES","HEM","N.M.M.","902","N.M.M.","E","HEM2025",1,"Tillandsia flabellata",15.4533611111111,-92.6497222222222,"2005-07-21","change1: Filled coordinateUncertaintyInMeters from decimal-place precision (conservative). | epi_taxo: acceptedName(match1); authorship_epig(match1); genus_from_scientificName; family_WFO; order_majorGroup_WCVP [2026-03-11] | CoordinateCleaner QA applied without sea test (validity, equal, zeros, capitals, centroids, gbif, institutions) [2026-03-29]","","Colección","N.M.M.","N.M.M."
"731","HEM2025_0731","PreservedSpecimen","Coleccion",NA,"UNICACH","SPECIES","HEM","H.G.D.","1005","H.G.D.","E","HEM2025",1,"Tillandsia flabellata",15.8128611111111,-93.1461944444444,"2005-06-06","change1: Filled coordinateUncertaintyInMeters from decimal-place precision (conservative). | epi_taxo: acceptedName(match1); authorship_epig(match1); genus_from_scientificName; family_WFO; order_majorGroup_WCVP [2026-03-11] | CoordinateCleaner QA applied without sea test (validity, equal, zeros, capitals, centroids, gbif, institutions) [2026-03-29]","","Colección","H.G.D.","H.G.D."
"732","HEM2025_0732","PreservedSpecimen","Coleccion",NA,"UNICACH","SPECIES","HEM","Chagala, J.L.","38","Chagala, J.L.","E","HEM2025",1,"Tillandsia flabellata",15.8213888888889,-93.0488888888889,"2005-07-17","change1: Filled coordinateUncertaintyInMeters from decimal-place precision (conservative). | epi_taxo: acceptedName(match1); authorship_epig(match1); genus_from_scientificName; family_WFO; order_majorGroup_WCVP [2026-03-11] | CoordinateCleaner QA applied without sea test (validity, equal, zeros, capitals, centroids, gbif, institutions) [2026-03-29]","standardized authors names in recordedBy / standardized authors names in identifiedBy","Colección","J.L. Chagala","J.L. Chagala"
"733","HEM2025_0733","PreservedSpecimen","Coleccion",NA,"UNICACH","SPECIES","HEM","J.M.M.","777","Camilo, R.M.","E","HEM2025",1,"Tillandsia flabellata",15.9480555555556,-93.3036111111111,"2005-04-01","change1: Filled coordinateUncertaintyInMeters from decimal-place precision (conservative). | epi_taxo: acceptedName(match1); authorship_epig(match1); genus_from_scientificName; family_WFO; order_majorGroup_WCVP [2026-03-11] | CoordinateCleaner QA applied without sea test (validity, equal, zeros, capitals, centroids, gbif, institutions) [2026-03-29]","standardized authors names in identifiedBy","Colección","J.M.M.","R.M. Camilo"
"734","HEM2025_0734","PreservedSpecimen","Coleccion",NA,"UNICACH","SPECIES","HEM","J.M.M.","1022","J.M.M.","E","HEM2025",1,"Tillandsia flabellata",15.7974444444444,-93.0759166666667,"2005-07-15","change1: Filled coordinateUncertaintyInMeters from decimal-place precision (conservative). | epi_taxo: acceptedName(match1); authorship_epig(match1); genus_from_scientificName; family_WFO; order_majorGroup_WCVP [2026-03-11] | CoordinateCleaner QA applied without sea test (validity, equal, zeros, capitals, centroids, gbif, institutions) [2026-03-29]","","Colección","J.M.M.","J.M.M."
"735","HEM2025_0735","PreservedSpecimen","Coleccion",NA,"UNICACH","SPECIES","HEM","H.R.E.","59","H.R.E.","E","HEM2025",1,"Tillandsia flabellata",15.5490833333333,-92.6077222222222,"2005-07-21","change1: Filled coordinateUncertaintyInMeters from decimal-place precision (conservative). | epi_taxo: acceptedName(match1); authorship_epig(match1); genus_from_scientificName; family_WFO; order_majorGroup_WCVP [2026-03-11] | CoordinateCleaner QA applied without sea test (validity, equal, zeros, capitals, centroids, gbif, institutions) [2026-03-29]","","Colección","H.R.E.","H.R.E."
"736","HEM2025_0736","PreservedSpecimen","Coleccion",NA,"UNICACH","SPECIES","HEM","H.R.E.","10","H.R.E.","E","HEM2025",1,"Tillandsia flabellata",15.7213888888889,-92.9522222222222,"2005-04-22","change1: Filled coordinateUncertaintyInMeters from decimal-place precision (conservative). | epi_taxo: acceptedName(match1); authorship_epig(match1); genus_from_scientificName; family_WFO; order_majorGroup_WCVP [2026-03-11] | CoordinateCleaner QA applied without sea test (validity, equal, zeros, capitals, centroids, gbif, institutions) [2026-03-29]","","Colección","H.R.E.","H.R.E."
"737","HEM2025_0737","PreservedSpecimen","Coleccion",NA,"UNICACH","SPECIES","HEM","F.E.P.C.","177","F.E.P.C.","E","HEM2025",1,"Tillandsia flabellata",15.8994444444444,-93.2372222222222,"1999-04-29","change1: Filled coordinateUncertaintyInMeters from decimal-place precision (conservative). | epi_taxo: acceptedName(match1); authorship_epig(match1); genus_from_scientificName; family_WFO; order_majorGroup_WCVP [2026-03-11] | CoordinateCleaner QA applied without sea test (validity, equal, zeros, capitals, centroids, gbif, institutions) [2026-03-29]","","Colección","F.E.P.C.","F.E.P.C."
"738","HEM2025_0738","PreservedSpecimen","Coleccion",NA,"UNICACH","SPECIES","HEM","N.M.M.","1300","N.M.M.","E","HEM2025",1,"Tillandsia flabellata",16.9243055555556,-93.4726666666667,"2006-03-16","change1: Filled coordinateUncertaintyInMeters from decimal-place precision (conservative). | epi_taxo: acceptedName(match1); authorship_epig(match1); genus_from_scientificName; family_WFO; order_majorGroup_WCVP [2026-03-11] | CoordinateCleaner QA applied without sea test (validity, equal, zeros, capitals, centroids, gbif, institutions) [2026-03-29]","","Colección","N.M.M.","N.M.M."
"739","HEM2025_0739","PreservedSpecimen","Coleccion",NA,"UNICACH","SPECIES","HEM","G.U. | E.M.S. | A.M.G.","31","Perez-Farrera, M.A.","E","HEM2025",1,"Tillandsia flabellata",16.7944444444444,-93.1008333333333,"1987-02-18","change1: Filled coordinateUncertaintyInMeters from decimal-place precision (conservative). | epi_taxo: acceptedName(match1); authorship_epig(match1); genus_from_scientificName; family_WFO; order_majorGroup_WCVP [2026-03-11] | CoordinateCleaner QA applied without sea test (validity, equal, zeros, capitals, centroids, gbif, institutions) [2026-03-29]","standardized authors names in recordedBy / standardized authors names in identifiedBy","Colección","G.U. & E.M.S. & A.M.G.","M.A. Pérez-Farrera"
"740","HEM2025_0740","PreservedSpecimen","Coleccion",NA,"UNICACH","SPECIES","HEM","G.U. | E.M.S. | A.M.G.","31","Perez-Farrera, M.A.","E","HEM2025",1,"Tillandsia flabellata",16.7944444444444,-93.1008333333333,"1987-02-18","change1: Filled coordinateUncertaintyInMeters from decimal-place precision (conservative). | epi_taxo: acceptedName(match1); authorship_epig(match1); genus_from_scientificName; family_WFO; order_majorGroup_WCVP [2026-03-11] | CoordinateCleaner QA applied without sea test (validity, equal, zeros, capitals, centroids, gbif, institutions) [2026-03-29]","standardized authors names in recordedBy / standardized authors names in identifiedBy","Colección","G.U. & E.M.S. & A.M.G.","M.A. Pérez-Farrera"
"741","HEM2025_0741","PreservedSpecimen","Coleccion",NA,"UNICACH","SPECIES","HEM","A.C.S.","19","Espejo, A. | A.R.L.F.","E","HEM2025",1,"Tillandsia flabellata",16.9941666666667,-93.1275,"2006-04-27","change1: Filled coordinateUncertaintyInMeters from decimal-place precision (conservative). | epi_taxo: acceptedName(match1); authorship_epig(match1); genus_from_scientificName; family_WFO; order_majorGroup_WCVP [2026-03-11] | CoordinateCleaner QA applied without sea test (validity, equal, zeros, capitals, centroids, gbif, institutions) [2026-03-29]","standardized authors names in identifiedBy","Colección","A.C.S.","A. Espejo & A.R.L.F."
"742","HEM2025_0742","PreservedSpecimen","Coleccion",NA,"UNICACH","SPECIES","HEM","N.M.M.","1877","N.M.M.","E","HEM2025",1,"Tillandsia flabellata",15.4441666666667,-92.6608333333333,"2006-11-16","change1: Filled coordinateUncertaintyInMeters from decimal-place precision (conservative). | epi_taxo: acceptedName(match1); authorship_epig(match1); genus_from_scientificName; family_WFO; order_majorGroup_WCVP [2026-03-11] | CoordinateCleaner QA applied without sea test (validity, equal, zeros, capitals, centroids, gbif, institutions) [2026-03-29]","","Colección","N.M.M.","N.M.M."
"743","HEM2025_0743","PreservedSpecimen","Coleccion",NA,"UNICACH","SPECIES","HEM","A.J.U.B.","26","A.J.U.B.","E","HEM2025",1,"Tillandsia flabellata",16.7427777777778,-93.0330555555555,"2007-04-20","change1: Filled coordinateUncertaintyInMeters from decimal-place precision (conservative). | epi_taxo: acceptedName(match1); authorship_epig(match1); genus_from_scientificName; family_WFO; order_majorGroup_WCVP [2026-03-11] | CoordinateCleaner QA applied without sea test (validity, equal, zeros, capitals, centroids, gbif, institutions) [2026-03-29]","","Colección","A.J.U.B.","A.J.U.B."
"744","HEM2025_0744","PreservedSpecimen","Coleccion",NA,"UNICACH","SPECIES","HEM","A.J.U.B.","26","A.J.U.B.","E","HEM2025",1,"Tillandsia flabellata",16.7427777777778,-93.0330555555555,"2007-04-20","change1: Filled coordinateUncertaintyInMeters from decimal-place precision (conservative). | epi_taxo: acceptedName(match1); authorship_epig(match1); genus_from_scientificName; family_WFO; order_majorGroup_WCVP [2026-03-11] | CoordinateCleaner QA applied without sea test (validity, equal, zeros, capitals, centroids, gbif, institutions) [2026-03-29]","","Colección","A.J.U.B.","A.J.U.B."
"745","HEM2025_0745","PreservedSpecimen","Coleccion",NA,"UNICACH","SPECIES","HEM","Chagala, J.L.","84","Chagala, J.L.","E","HEM2025",1,"Tillandsia flabellata",15.7304444444444,-92.9659722222222,"","change1: Filled coordinateUncertaintyInMeters from decimal-place precision (conservative). | epi_taxo: acceptedName(match1); authorship_epig(match1); genus_from_scientificName; family_WFO; order_majorGroup_WCVP [2026-03-11] | CoordinateCleaner QA applied without sea test (validity, equal, zeros, capitals, centroids, gbif, institutions) [2026-03-29]","standardized authors names in recordedBy / standardized authors names in identifiedBy","Colección","J.L. Chagala","J.L. Chagala"
"746","HEM2025_0746","PreservedSpecimen","Coleccion",NA,"UNICACH","SPECIES","HEM","P.C. | V.M.","75","Perez-Farrera, M.A.","E","HEM2025",1,"Tillandsia flabellata",15.5791666666667,-92.5361111111111,"1999-01-28","change1: Filled coordinateUncertaintyInMeters from decimal-place precision (conservative). | epi_taxo: acceptedName(match1); authorship_epig(match1); genus_from_scientificName; family_WFO; order_majorGroup_WCVP [2026-03-11] | CoordinateCleaner QA applied without sea test (validity, equal, zeros, capitals, centroids, gbif, institutions) [2026-03-29]","standardized authors names in recordedBy / standardized authors names in identifiedBy","Colección","P.C. & V.M.","M.A. Pérez-Farrera"
"747","HEM2025_0747","PreservedSpecimen","Coleccion",NA,"UNICACH","SPECIES","HEM","P.C. | V.M.","75","Perez-Farrera, M.A.","E","HEM2025",1,"Tillandsia flabellata",15.5791666666667,-92.5361111111111,"1999-01-28","change1: Filled coordinateUncertaintyInMeters from decimal-place precision (conservative). | epi_taxo: acceptedName(match1); authorship_epig(match1); genus_from_scientificName; family_WFO; order_majorGroup_WCVP [2026-03-11] | CoordinateCleaner QA applied without sea test (validity, equal, zeros, capitals, centroids, gbif, institutions) [2026-03-29]","standardized authors names in recordedBy / standardized authors names in identifiedBy","Colección","P.C. & V.M.","M.A. Pérez-Farrera"
"748","HEM2025_0748","PreservedSpecimen","Coleccion",NA,"UNICACH","SPECIES","HEM","J.M.M.","2147","J.M.M.","E","HEM2025",1,"Tillandsia flabellata",16.9127777777778,-92.9891666666667,"2009-07-20","change1: Filled coordinateUncertaintyInMeters from decimal-place precision (conservative). | epi_taxo: acceptedName(match1); authorship_epig(match1); genus_from_scientificName; family_WFO; order_majorGroup_WCVP [2026-03-11] | CoordinateCleaner QA applied without sea test (validity, equal, zeros, capitals, centroids, gbif, institutions) [2026-03-29]","","Colección","J.M.M.","J.M.M."
"749","HEM2025_0749","PreservedSpecimen","Coleccion",NA,"UNICACH","SPECIES","HEM","E.M.L.","242","O.F.S.","E","HEM2025",1,"Tillandsia flabellata",16.0011111111111,-93.4072222222222,"2002-06-29","change1: Filled coordinateUncertaintyInMeters from decimal-place precision (conservative). | epi_taxo: acceptedName(match1); authorship_epig(match1); genus_from_scientificName; family_WFO; order_majorGroup_WCVP [2026-03-11] | CoordinateCleaner QA applied without sea test (validity, equal, zeros, capitals, centroids, gbif, institutions) [2026-03-29]","","Colección","E.M.L.","O.F.S."
"750","HEM2025_0750","PreservedSpecimen","Coleccion",NA,"UNICACH","SPECIES","HEM","Camilo, R.M.","202","Espejo, A. | A.R.L.F.","E","HEM2025",1,"Tillandsia flabellata",15.7,-92.9805555555556,"2001-09-30","change1: Filled coordinateUncertaintyInMeters from decimal-place precision (conservative). | epi_taxo: acceptedName(match1); authorship_epig(match1); genus_from_scientificName; family_WFO; order_majorGroup_WCVP [2026-03-11] | CoordinateCleaner QA applied without sea test (validity, equal, zeros, capitals, centroids, gbif, institutions) [2026-03-29]","standardized authors names in recordedBy / standardized authors names in identifiedBy","Colección","R.M. Camilo","A. Espejo & A.R.L.F."
"751","HEM2025_0751","PreservedSpecimen","Coleccion",NA,"UNICACH","SPECIES","HEM","J.A.E.J.","593","Camilo, R.M.","E","HEM2025",1,"Tillandsia flabellata",16.83175,-93.0791666666667,"2008-01-17","change1: Filled coordinateUncertaintyInMeters from decimal-place precision (conservative). | epi_taxo: acceptedName(match1); authorship_epig(match1); genus_from_scientificName; family_WFO; order_majorGroup_WCVP [2026-03-11] | CoordinateCleaner QA applied without sea test (validity, equal, zeros, capitals, centroids, gbif, institutions) [2026-03-29]","standardized authors names in identifiedBy","Colección","J.A.E.J.","R.M. Camilo"
"752","HEM2025_0752","PreservedSpecimen","Coleccion",NA,"UNICACH","SPECIES","HEM","E.M.L.","242","O.F.S.","E","HEM2025",1,"Tillandsia flabellata",16.0011111111111,-93.4072222222222,"2002-06-29","change1: Filled coordinateUncertaintyInMeters from decimal-place precision (conservative). | epi_taxo: acceptedName(match1); authorship_epig(match1); genus_from_scientificName; family_WFO; order_majorGroup_WCVP [2026-03-11] | CoordinateCleaner QA applied without sea test (validity, equal, zeros, capitals, centroids, gbif, institutions) [2026-03-29]","","Colección","E.M.L.","O.F.S."
"753","HEM2025_0753","PreservedSpecimen","Coleccion",NA,"UNICACH","SPECIES","HEM","M.M.M. | M.A.D.V.","2116","N.M.M. | J.M.M.","E","HEM2025",1,"Tillandsia flabellata",15.0790833333333,-92.1242222222222,"2013-06-28","change1: Filled coordinateUncertaintyInMeters from decimal-place precision (conservative). | epi_taxo: acceptedName(match1); authorship_epig(match1); genus_from_scientificName; family_WFO; order_majorGroup_WCVP [2026-03-11] | CoordinateCleaner QA applied without sea test (validity, equal, zeros, capitals, centroids, gbif, institutions) [2026-03-29]","standardized authors names in recordedBy / standardized authors names in identifiedBy","Colección","M.M.M. & M.A.D.V.","N.M.M. & J.M.M."
"754","HEM2025_0754","PreservedSpecimen","Coleccion",NA,"UNICACH","SPECIES","HEM","M.M.M. | M.A.D.V.","2156","N.M.M. | J.M.M.","E","HEM2025",1,"Tillandsia flabellata",15.04225,-92.1473611111111,"2013-06-30","change1: Filled coordinateUncertaintyInMeters from decimal-place precision (conservative). | epi_taxo: acceptedName(match1); authorship_epig(match1); genus_from_scientificName; family_WFO; order_majorGroup_WCVP [2026-03-11] | CoordinateCleaner QA applied without sea test (validity, equal, zeros, capitals, centroids, gbif, institutions) [2026-03-29]","standardized authors names in recordedBy / standardized authors names in identifiedBy","Colección","M.M.M. & M.A.D.V.","N.M.M. & J.M.M."
"755","HEM2025_0755","PreservedSpecimen","Coleccion",NA,"UNICACH","SPECIES","HEM","M.M.M. | M.C.R.M.","5158","N.M.M.","E","HEM2025",1,"Tillandsia flabellata",15.1046944444444,-92.1807222222222,"2014-09-17","change1: Filled coordinateUncertaintyInMeters from decimal-place precision (conservative). | epi_taxo: acceptedName(match1); authorship_epig(match1); genus_from_scientificName; family_WFO; order_majorGroup_WCVP [2026-03-11] | CoordinateCleaner QA applied without sea test (validity, equal, zeros, capitals, centroids, gbif, institutions) [2026-03-29]","standardized authors names in recordedBy","Colección","M.M.M. & M.C.R.M.","N.M.M."
"756","HEM2025_0756","PreservedSpecimen","Coleccion",NA,"UNICACH","SPECIES","HEM","M.M.M. | M.C.R.M.","5291","N.M.M.","E","HEM2025",1,"Tillandsia flabellata",15.0847222222222,-92.175,"2014-09-22","change1: Filled coordinateUncertaintyInMeters from decimal-place precision (conservative). | epi_taxo: acceptedName(match1); authorship_epig(match1); genus_from_scientificName; family_WFO; order_majorGroup_WCVP [2026-03-11] | CoordinateCleaner QA applied without sea test (validity, equal, zeros, capitals, centroids, gbif, institutions) [2026-03-29]","standardized authors names in recordedBy","Colección","M.M.M. & M.C.R.M.","N.M.M."
"757","HEM2025_0757","PreservedSpecimen","Coleccion",NA,"UNICACH","SPECIES","HEM","N.M.M. | M.M.M. | E.C.N.","3907","N.M.M. | Camilo, R.M.","E","HEM2025",1,"Tillandsia flabellata",15.1032777777778,-92.1645555555556,"2015-03-10","change1: Filled coordinateUncertaintyInMeters from decimal-place precision (conservative). | epi_taxo: acceptedName(match1); authorship_epig(match1); genus_from_scientificName; family_WFO; order_majorGroup_WCVP [2026-03-11] | CoordinateCleaner QA applied without sea test (validity, equal, zeros, capitals, centroids, gbif, institutions) [2026-03-29]","standardized authors names in recordedBy / standardized authors names in identifiedBy","Colección","N.M.M. & M.M.M. & E.C.N.","N.M.M. & R.M. Camilo"
"758","HEM2025_0758","PreservedSpecimen","Coleccion",NA,"UNICACH","SPECIES","HEM","Camilo, R.M. | R.V.H. | M.M.M.","2928","Camilo, R.M.","E","HEM2025",1,"Tillandsia flabellata",15.1284444444444,-92.1809444444444,"2015-03-26","change1: Filled coordinateUncertaintyInMeters from decimal-place precision (conservative). | epi_taxo: acceptedName(match1); authorship_epig(match1); genus_from_scientificName; family_WFO; order_majorGroup_WCVP [2026-03-11] | CoordinateCleaner QA applied without sea test (validity, equal, zeros, capitals, centroids, gbif, institutions) [2026-03-29]","standardized authors names in recordedBy / standardized authors names in identifiedBy","Colección","R.M. Camilo & R.V.H. & M.M.M.","R.M. Camilo"
"759","HEM2025_0759","PreservedSpecimen","Coleccion",NA,"UNICACH","SPECIES","HEM","M.M.M. | D.A.J.L. | R.J.R.V.","43032","N.M.M.","E","HEM2025",1,"Tillandsia flabellata",15.1179722222222,-92.1553333333333,"2015-03-26","change1: Filled coordinateUncertaintyInMeters from decimal-place precision (conservative). | epi_taxo: acceptedName(match1); authorship_epig(match1); genus_from_scientificName; family_WFO; order_majorGroup_WCVP [2026-03-11] | CoordinateCleaner QA applied without sea test (validity, equal, zeros, capitals, centroids, gbif, institutions) [2026-03-29]","standardized authors names in recordedBy","Colección","M.M.M. & D.A.J.L. & R.J.R.V.","N.M.M."
"760","HEM2025_0760","PreservedSpecimen","Coleccion",NA,"UNICACH","SPECIES","HEM","M.M.M. | S.H.J. | J.A.B.B.","5883","N.M.M.","E","HEM2025",1,"Tillandsia flabellata",15.1619444444444,-92.2863611111111,"2015-05-03","change1: Filled coordinateUncertaintyInMeters from decimal-place precision (conservative). | epi_taxo: acceptedName(match1); authorship_epig(match1); genus_from_scientificName; family_WFO; order_majorGroup_WCVP [2026-03-11] | CoordinateCleaner QA applied without sea test (validity, equal, zeros, capitals, centroids, gbif, institutions) [2026-03-29]","standardized authors names in recordedBy","Colección","M.M.M. & S.H.J. & J.A.B.B.","N.M.M."
"761","HEM2025_0761","PreservedSpecimen","Coleccion",NA,"UNICACH","SPECIES","HEM","M.M.M. | D.A.J.L. | R.J.R.V.","5462","N.M.M.","E","HEM2025",1,"Tillandsia flabellata",15.1071944444444,-92.1756666666667,"2015-03-25","change1: Filled coordinateUncertaintyInMeters from decimal-place precision (conservative). | epi_taxo: acceptedName(match1); authorship_epig(match1); genus_from_scientificName; family_WFO; order_majorGroup_WCVP [2026-03-11] | CoordinateCleaner QA applied without sea test (validity, equal, zeros, capitals, centroids, gbif, institutions) [2026-03-29]","standardized authors names in recordedBy","Colección","M.M.M. & D.A.J.L. & R.J.R.V.","N.M.M."
"762","HEM2025_0762","PreservedSpecimen","Coleccion",NA,"UNICACH","SPECIES","HEM","V.M.","75","Espejo, A. | A.R.L.F.","E","HEM2025",1,"Tillandsia flabellata",15.5791666666667,-92.5361111111111,"1999-01-28","change1: Filled coordinateUncertaintyInMeters from decimal-place precision (conservative). | epi_taxo: acceptedName(match1); authorship_epig(match1); genus_from_scientificName; family_WFO; order_majorGroup_WCVP [2026-03-11] | CoordinateCleaner QA applied without sea test (validity, equal, zeros, capitals, centroids, gbif, institutions) [2026-03-29]","standardized authors names in identifiedBy","Colección","V.M.","A. Espejo & A.R.L.F."
"763","HEM2025_0763","PreservedSpecimen","Coleccion",NA,"UNICACH","SPECIES","HEM","V.M.","75","Espejo, A. | A.R.L.F.","E","HEM2025",1,"Tillandsia flabellata",15.5791666666667,-92.5361111111111,"1999-01-28","change1: Filled coordinateUncertaintyInMeters from decimal-place precision (conservative). | epi_taxo: acceptedName(match1); authorship_epig(match1); genus_from_scientificName; family_WFO; order_majorGroup_WCVP [2026-03-11] | CoordinateCleaner QA applied without sea test (validity, equal, zeros, capitals, centroids, gbif, institutions) [2026-03-29]","standardized authors names in identifiedBy","Colección","V.M.","A. Espejo & A.R.L.F."
"764","HEM2025_0764","PreservedSpecimen","Coleccion",NA,"UNICACH","SPECIES","HEM","H.G.D.","3545","M.A.D.V.","E","HEM2025",1,"Tillandsia flabellata",16.9722777777778,-93.5447777777778,"2016-05-17","change1: Filled coordinateUncertaintyInMeters from decimal-place precision (conservative). | epi_taxo: acceptedName(match1); authorship_epig(match1); genus_from_scientificName; family_WFO; order_majorGroup_WCVP [2026-03-11] | CoordinateCleaner QA applied without sea test (validity, equal, zeros, capitals, centroids, gbif, institutions) [2026-03-29]","","Colección","H.G.D.","M.A.D.V."
"765","HEM2025_0765","PreservedSpecimen","Coleccion",NA,"UNICACH","SPECIES","HEM","G.I.L.V.","23","Espejo, A. | A.R.L.F.","E","HEM2025",1,"Tillandsia flabellata",16.6430555555556,-93.3997222222222,"2002-05-04","change1: Filled coordinateUncertaintyInMeters from decimal-place precision (conservative). | epi_taxo: acceptedName(match1); authorship_epig(match1); genus_from_scientificName; family_WFO; order_majorGroup_WCVP [2026-03-11] | CoordinateCleaner QA applied without sea test (validity, equal, zeros, capitals, centroids, gbif, institutions) [2026-03-29]","standardized authors names in identifiedBy","Colección","G.I.L.V.","A. Espejo & A.R.L.F."
"766","HEM2025_0766","PreservedSpecimen","Coleccion",NA,"UNICACH","SPECIES","HEM","G.I.L.V.","23","Espejo, A. | A.R.L.F.","E","HEM2025",1,"Tillandsia flabellata",16.6430555555556,-93.3997222222222,"2002-05-04","change1: Filled coordinateUncertaintyInMeters from decimal-place precision (conservative). | epi_taxo: acceptedName(match1); authorship_epig(match1); genus_from_scientificName; family_WFO; order_majorGroup_WCVP [2026-03-11] | CoordinateCleaner QA applied without sea test (validity, equal, zeros, capitals, centroids, gbif, institutions) [2026-03-29]","standardized authors names in identifiedBy","Colección","G.I.L.V.","A. Espejo & A.R.L.F."
"767","HEM2025_0767","PreservedSpecimen","Coleccion",NA,"UNICACH","SPECIES","HEM","Camilo, R.M.","569","Espejo, A. | A.R.L.F.","E","HEM2025",1,"Tillandsia flabellata",15.8775,-93.2275,"2002-05-25","change1: Filled coordinateUncertaintyInMeters from decimal-place precision (conservative). | epi_taxo: acceptedName(match1); authorship_epig(match1); genus_from_scientificName; family_WFO; order_majorGroup_WCVP [2026-03-11] | CoordinateCleaner QA applied without sea test (validity, equal, zeros, capitals, centroids, gbif, institutions) [2026-03-29]","standardized authors names in recordedBy / standardized authors names in identifiedBy","Colección","R.M. Camilo","A. Espejo & A.R.L.F."
"768","HEM2025_0768","PreservedSpecimen","Coleccion",NA,"UNICACH","SPECIES","HEM","Perez-Farrera, M.A.","2712","Espejo, A. | A.R.L.F.","E","HEM2025",1,"Tillandsia flabellata",15.7011111111111,-92.9816666666667,"2002-04-12","change1: Filled coordinateUncertaintyInMeters from decimal-place precision (conservative). | epi_taxo: acceptedName(match1); authorship_epig(match1); genus_from_scientificName; family_WFO; order_majorGroup_WCVP [2026-03-11] | CoordinateCleaner QA applied without sea test (validity, equal, zeros, capitals, centroids, gbif, institutions) [2026-03-29]","standardized authors names in recordedBy / standardized authors names in identifiedBy","Colección","M.A. Pérez-Farrera","A. Espejo & A.R.L.F."
"769","HEM2025_0769","PreservedSpecimen","Coleccion",NA,"UNICACH","SPECIES","HEM","M.G.P.D.","26","Espejo, A. | A.R.L.F.","E","HEM2025",1,"Tillandsia flabellata",16.6430555555556,-93.3997222222222,"2002-05-04","change1: Filled coordinateUncertaintyInMeters from decimal-place precision (conservative). | epi_taxo: acceptedName(match1); authorship_epig(match1); genus_from_scientificName; family_WFO; order_majorGroup_WCVP [2026-03-11] | CoordinateCleaner QA applied without sea test (validity, equal, zeros, capitals, centroids, gbif, institutions) [2026-03-29]","standardized authors names in identifiedBy","Colección","M.G.P.D.","A. Espejo & A.R.L.F."
"770","HEM2025_0770","PreservedSpecimen","Coleccion",NA,"UNICACH","SPECIES","HEM","M.G.P.D.","26","Espejo, A. | A.R.L.F.","E","HEM2025",1,"Tillandsia flabellata",16.6430555555556,-93.3997222222222,"2002-05-04","change1: Filled coordinateUncertaintyInMeters from decimal-place precision (conservative). | epi_taxo: acceptedName(match1); authorship_epig(match1); genus_from_scientificName; family_WFO; order_majorGroup_WCVP [2026-03-11] | CoordinateCleaner QA applied without sea test (validity, equal, zeros, capitals, centroids, gbif, institutions) [2026-03-29]","standardized authors names in identifiedBy","Colección","M.G.P.D.","A. Espejo & A.R.L.F."
"771","HEM2025_0771","PreservedSpecimen","Coleccion",NA,"UNICACH","SPECIES","HEM","C.E.C.H.","37","Espejo, A. | A.R.L.F.","E","HEM2025",1,"Tillandsia flabellata",16.6430555555556,-93.3997222222222,"2002-05-04","change1: Filled coordinateUncertaintyInMeters from decimal-place precision (conservative). | epi_taxo: acceptedName(match1); authorship_epig(match1); genus_from_scientificName; family_WFO; order_majorGroup_WCVP [2026-03-11] | CoordinateCleaner QA applied without sea test (validity, equal, zeros, capitals, centroids, gbif, institutions) [2026-03-29]","standardized authors names in identifiedBy","Colección","C.E.C.H.","A. Espejo & A.R.L.F."
"772","HEM2025_0772","PreservedSpecimen","Coleccion",NA,"UNICACH","SPECIES","HEM","C.E.C.H.","37","Espejo, A. | A.R.L.F.","E","HEM2025",1,"Tillandsia flabellata",16.6430555555556,-93.3997222222222,"2002-05-04","change1: Filled coordinateUncertaintyInMeters from decimal-place precision (conservative). | epi_taxo: acceptedName(match1); authorship_epig(match1); genus_from_scientificName; family_WFO; order_majorGroup_WCVP [2026-03-11] | CoordinateCleaner QA applied without sea test (validity, equal, zeros, capitals, centroids, gbif, institutions) [2026-03-29]","standardized authors names in identifiedBy","Colección","C.E.C.H.","A. Espejo & A.R.L.F."
"773","HEM2025_0773","PreservedSpecimen","Coleccion",NA,"UNICACH","SPECIES","HEM","A.R.G. | M.E.L.V. | A.E.","22964","Espejo, A. | A.R.L.F.","E","HEM2025",1,"Tillandsia flabellata",16.4366666666667,-93.9269444444444,"2002-04-25","change1: Filled coordinateUncertaintyInMeters from decimal-place precision (conservative). | epi_taxo: acceptedName(match1); authorship_epig(match1); genus_from_scientificName; family_WFO; order_majorGroup_WCVP [2026-03-11] | CoordinateCleaner QA applied without sea test (validity, equal, zeros, capitals, centroids, gbif, institutions) [2026-03-29]","standardized authors names in recordedBy / standardized authors names in identifiedBy","Colección","A.R.G. & M.E.L.V. & A.E.","A. Espejo & A.R.L.F."
"774","HEM2025_0774","PreservedSpecimen","Coleccion",NA,"UNICACH","SPECIES","HEM","M.E.L.V. | A.R.G. | J.C.S. | A.E.","379","Espejo, A. | A.R.L.F.","E","HEM2025",1,"Tillandsia flabellata",16.3719444444444,-93.9152777777778,"2002-04-24","change1: Filled coordinateUncertaintyInMeters from decimal-place precision (conservative). | epi_taxo: acceptedName(match1); authorship_epig(match1); genus_from_scientificName; family_WFO; order_majorGroup_WCVP [2026-03-11] | CoordinateCleaner QA applied without sea test (validity, equal, zeros, capitals, centroids, gbif, institutions) [2026-03-29]","standardized authors names in recordedBy / standardized authors names in identifiedBy","Colección","M.E.L.V. & A.R.G. & J.C.S. & A.E.","A. Espejo & A.R.L.F."
"775","HEM2025_0775","PreservedSpecimen","Coleccion",NA,"UNICACH","SPECIES","HEM","B.A.P.E.","21","Espejo, A. | A.R.L.F.","E","HEM2025",1,"Tillandsia flabellata",16.6430555555556,-93.3997222222222,"2002-05-04","change1: Filled coordinateUncertaintyInMeters from decimal-place precision (conservative). | epi_taxo: acceptedName(match1); authorship_epig(match1); genus_from_scientificName; family_WFO; order_majorGroup_WCVP [2026-03-11] | CoordinateCleaner QA applied without sea test (validity, equal, zeros, capitals, centroids, gbif, institutions) [2026-03-29]","standardized authors names in identifiedBy","Colección","B.A.P.E.","A. Espejo & A.R.L.F."
"776","HEM2025_0776","PreservedSpecimen","Coleccion",NA,"UNICACH","SPECIES","HEM","B.A.P.E.","21","Espejo, A. | A.R.L.F.","E","HEM2025",1,"Tillandsia flabellata",16.6430555555556,-93.3997222222222,"2002-05-04","change1: Filled coordinateUncertaintyInMeters from decimal-place precision (conservative). | epi_taxo: acceptedName(match1); authorship_epig(match1); genus_from_scientificName; family_WFO; order_majorGroup_WCVP [2026-03-11] | CoordinateCleaner QA applied without sea test (validity, equal, zeros, capitals, centroids, gbif, institutions) [2026-03-29]","standardized authors names in identifiedBy","Colección","B.A.P.E.","A. Espejo & A.R.L.F."
"777","HEM2025_0777","PreservedSpecimen","Coleccion",NA,"UNICACH","SPECIES","HEM","G.U. | E.M.S. | A.M.G.","31","Espejo, A. | A.R.L.F.","E","HEM2025",1,"Tillandsia flabellata",16.7944444444444,-93.1008333333333,"1987-02-18","change1: Filled coordinateUncertaintyInMeters from decimal-place precision (conservative). | epi_taxo: acceptedName(match1); authorship_epig(match1); genus_from_scientificName; family_WFO; order_majorGroup_WCVP [2026-03-11] | CoordinateCleaner QA applied without sea test (validity, equal, zeros, capitals, centroids, gbif, institutions) [2026-03-29]","standardized authors names in recordedBy / standardized authors names in identifiedBy","Colección","G.U. & E.M.S. & A.M.G.","A. Espejo & A.R.L.F."
"778","HEM2025_0778","PreservedSpecimen","Coleccion",NA,"UNICACH","SPECIES","HEM","G.U. | E.M.S. | A.M.G.","31","Espejo, A. | A.R.L.F.","E","HEM2025",1,"Tillandsia flabellata",16.7944444444444,-93.1008333333333,"1987-02-18","change1: Filled coordinateUncertaintyInMeters from decimal-place precision (conservative). | epi_taxo: acceptedName(match1); authorship_epig(match1); genus_from_scientificName; family_WFO; order_majorGroup_WCVP [2026-03-11] | CoordinateCleaner QA applied without sea test (validity, equal, zeros, capitals, centroids, gbif, institutions) [2026-03-29]","standardized authors names in recordedBy / standardized authors names in identifiedBy","Colección","G.U. & E.M.S. & A.M.G.","A. Espejo & A.R.L.F."
"779","HEM2025_0779","PreservedSpecimen","Coleccion",NA,"UNICACH","SPECIES","HEM","P.C. | R.O. | M.V.M.","16","Espejo, A. | A.R.L.F.","E","HEM2025",1,"Tillandsia flabellata",15.6055555555556,-92.5652777777778,"1998-08-22","change1: Filled coordinateUncertaintyInMeters from decimal-place precision (conservative). | epi_taxo: acceptedName(match1); authorship_epig(match1); genus_from_scientificName; family_WFO; order_majorGroup_WCVP [2026-03-11] | CoordinateCleaner QA applied without sea test (validity, equal, zeros, capitals, centroids, gbif, institutions) [2026-03-29]","standardized authors names in recordedBy / standardized authors names in identifiedBy","Colección","P.C. & R.O. & M.V.M.","A. Espejo & A.R.L.F."
"780","HEM2025_0780","PreservedSpecimen","Coleccion",NA,"UNICACH","SPECIES","HEM","P.C. | R.O. | M.V.M.","16","Espejo, A. | A.R.L.F.","E","HEM2025",1,"Tillandsia flabellata",15.6055555555556,-92.5652777777778,"1998-08-22","change1: Filled coordinateUncertaintyInMeters from decimal-place precision (conservative). | epi_taxo: acceptedName(match1); authorship_epig(match1); genus_from_scientificName; family_WFO; order_majorGroup_WCVP [2026-03-11] | CoordinateCleaner QA applied without sea test (validity, equal, zeros, capitals, centroids, gbif, institutions) [2026-03-29]","standardized authors names in recordedBy / standardized authors names in identifiedBy","Colección","P.C. & R.O. & M.V.M.","A. Espejo & A.R.L.F."
"781","HEM2025_0781","PreservedSpecimen","Coleccion",NA,"UNICACH","SPECIES","HEM","E.A.T.","12","Espejo, A. | A.R.L.F.","E","HEM2025",1,"Tillandsia flabellata",16.6430555555556,-93.3997222222222,"2002-05-04","change1: Filled coordinateUncertaintyInMeters from decimal-place precision (conservative). | epi_taxo: acceptedName(match1); authorship_epig(match1); genus_from_scientificName; family_WFO; order_majorGroup_WCVP [2026-03-11] | CoordinateCleaner QA applied without sea test (validity, equal, zeros, capitals, centroids, gbif, institutions) [2026-03-29]","standardized authors names in identifiedBy","Colección","E.A.T.","A. Espejo & A.R.L.F."
"782","HEM2025_0782","PreservedSpecimen","Coleccion",NA,"UNICACH","SPECIES","HEM","E.A.T.","12","Espejo, A. | A.R.L.F.","E","HEM2025",1,"Tillandsia flabellata",16.6430555555556,-93.3997222222222,"2002-05-04","change1: Filled coordinateUncertaintyInMeters from decimal-place precision (conservative). | epi_taxo: acceptedName(match1); authorship_epig(match1); genus_from_scientificName; family_WFO; order_majorGroup_WCVP [2026-03-11] | CoordinateCleaner QA applied without sea test (validity, equal, zeros, capitals, centroids, gbif, institutions) [2026-03-29]","standardized authors names in identifiedBy","Colección","E.A.T.","A. Espejo & A.R.L.F."
"783","HEM2025_0783","PreservedSpecimen","Coleccion",NA,"UNICACH","SPECIES","HEM","N.M.M.","1086","Camilo, R.M.","E","HEM2025",1,"Tillandsia fuchsii",15.4593333333333,-92.6576111111111,"2005-07-23","change1: Filled coordinateUncertaintyInMeters from decimal-place precision (conservative). | epi_taxo: acceptedName(match1); authorship_epig(match1); genus_from_scientificName; family_WFO; order_majorGroup_WCVP [2026-03-11] | CoordinateCleaner QA applied without sea test (validity, equal, zeros, capitals, centroids, gbif, institutions) [2026-03-29]","standardized authors names in identifiedBy","Colección","N.M.M.","R.M. Camilo"
"784","HEM2025_0784","PreservedSpecimen","Coleccion",NA,"UNICACH","SPECIES","HEM","N.M.M.","995","N.M.M.","E","HEM2025",1,"Tillandsia fuchsii",15.4593333333333,-92.6576111111111,"2005-07-23","change1: Filled coordinateUncertaintyInMeters from decimal-place precision (conservative). | epi_taxo: acceptedName(match1); authorship_epig(match1); genus_from_scientificName; family_WFO; order_majorGroup_WCVP [2026-03-11] | CoordinateCleaner QA applied without sea test (validity, equal, zeros, capitals, centroids, gbif, institutions) [2026-03-29]","","Colección","N.M.M.","N.M.M."
"785","HEM2025_0785","PreservedSpecimen","Coleccion",NA,"UNICACH","SPECIES","HEM","J.M.M.","761","C.R.B.B.","E","HEM2025",1,"Tillandsia fuchsii",15.8804444444444,-93.1959722222222,"2005-03-31","change1: Filled coordinateUncertaintyInMeters from decimal-place precision (conservative). | epi_taxo: acceptedName(match1); authorship_epig(match1); genus_from_scientificName; family_WFO; order_majorGroup_WCVP [2026-03-11] | CoordinateCleaner QA applied without sea test (validity, equal, zeros, capitals, centroids, gbif, institutions) [2026-03-29]","","Colección","J.M.M.","C.R.B.B."
"786","HEM2025_0786","PreservedSpecimen","Coleccion",NA,"UNICACH","SPECIES","HEM","Najarro, F.H. | M N.M.G. | U.G.M.","1262","C.R.B.B.","E","HEM2025",1,"Tillandsia fuchsii",15.9447222222222,-93.3958333333333,"2002-11-16","change1: Filled coordinateUncertaintyInMeters from decimal-place precision (conservative). | epi_taxo: acceptedName(match1); authorship_epig(match1); genus_from_scientificName; family_WFO; order_majorGroup_WCVP [2026-03-11] | CoordinateCleaner QA applied without sea test (validity, equal, zeros, capitals, centroids, gbif, institutions) [2026-03-29]","standardized authors names in recordedBy","Colección","F.H. Najarro & M N.M.G. & U.G.M.","C.R.B.B."
"787","HEM2025_0787","PreservedSpecimen","Coleccion",NA,"UNICACH","SPECIES","HEM","Najarro, F.H. | C.M.M.","1348","C.R.B.B.","E","HEM2025",1,"Tillandsia fuchsii",16.0422222222222,-93.3941666666667,"2003-07-03","change1: Filled coordinateUncertaintyInMeters from decimal-place precision (conservative). | epi_taxo: acceptedName(match1); authorship_epig(match1); genus_from_scientificName; family_WFO; order_majorGroup_WCVP [2026-03-11] | CoordinateCleaner QA applied without sea test (validity, equal, zeros, capitals, centroids, gbif, institutions) [2026-03-29]","standardized authors names in recordedBy","Colección","F.H. Najarro & C.M.M.","C.R.B.B."
"788","HEM2025_0788","PreservedSpecimen","Coleccion",NA,"UNICACH","SPECIES","HEM","J.M.M.","1190","J.M.M.","E","HEM2025",1,"Tillandsia fuchsii",15.4665277777778,-92.6646944444445,"2006-03-22","change1: Filled coordinateUncertaintyInMeters from decimal-place precision (conservative). | epi_taxo: acceptedName(match1); authorship_epig(match1); genus_from_scientificName; family_WFO; order_majorGroup_WCVP [2026-03-11] | CoordinateCleaner QA applied without sea test (validity, equal, zeros, capitals, centroids, gbif, institutions) [2026-03-29]","","Colección","J.M.M.","J.M.M."
"789","HEM2025_0789","PreservedSpecimen","Coleccion",NA,"UNICACH","SPECIES","HEM","J.M.M.","1244","J.M.M.","E","HEM2025",1,"Tillandsia fuchsii",15.6056388888889,-92.9696388888889,"2006-04-21","change1: Filled coordinateUncertaintyInMeters from decimal-place precision (conservative). | epi_taxo: acceptedName(match1); authorship_epig(match1); genus_from_scientificName; family_WFO; order_majorGroup_WCVP [2026-03-11] | CoordinateCleaner QA applied without sea test (validity, equal, zeros, capitals, centroids, gbif, institutions) [2026-03-29]","","Colección","J.M.M.","J.M.M."
"790","HEM2025_0790","PreservedSpecimen","Coleccion",NA,"UNICACH","SPECIES","HEM","Perez-Farrera, M.A.","144","Espejo, A. | A.R.L.F.","E","HEM2025",1,"Tillandsia fuchsii",15.425,-92.6333333333333,"1995-02-23","change1: Filled coordinateUncertaintyInMeters from decimal-place precision (conservative). | epi_taxo: acceptedName(match1); authorship_epig(match1); genus_from_scientificName; family_WFO; order_majorGroup_WCVP [2026-03-11] | CoordinateCleaner QA applied without sea test (validity, equal, zeros, capitals, centroids, gbif, institutions) [2026-03-29]","standardized authors names in recordedBy / standardized authors names in identifiedBy","Colección","M.A. Pérez-Farrera","A. Espejo & A.R.L.F."
"791","HEM2025_0791","PreservedSpecimen","Coleccion",NA,"UNICACH","SPECIES","HEM","P.C. | V.M.","58","Espejo, A. | A.R.L.F.","E","HEM2025",1,"Tillandsia fuchsii",15.3944444444444,-92.6166666666667,"1998-11-27","change1: Filled coordinateUncertaintyInMeters from decimal-place precision (conservative). | epi_taxo: acceptedName(match1); authorship_epig(match1); genus_from_scientificName; family_WFO; order_majorGroup_WCVP [2026-03-11] | CoordinateCleaner QA applied without sea test (validity, equal, zeros, capitals, centroids, gbif, institutions) [2026-03-29]","standardized authors names in recordedBy / standardized authors names in identifiedBy","Colección","P.C. & V.M.","A. Espejo & A.R.L.F."
"792","HEM2025_0792","PreservedSpecimen","Coleccion",NA,"UNICACH","SPECIES","HEM","Perez-Farrera, M.A.","579","Espejo, A. | A.R.L.F.","E","HEM2025",1,"Tillandsia fuchsii",16.3441666666667,-93.6441666666667,"1995-07-17","change1: Filled coordinateUncertaintyInMeters from decimal-place precision (conservative). | epi_taxo: acceptedName(match1); authorship_epig(match1); genus_from_scientificName; family_WFO; order_majorGroup_WCVP [2026-03-11] | CoordinateCleaner QA applied without sea test (validity, equal, zeros, capitals, centroids, gbif, institutions) [2026-03-29]","standardized authors names in recordedBy / standardized authors names in identifiedBy","Colección","M.A. Pérez-Farrera","A. Espejo & A.R.L.F."
"793","HEM2025_0793","PreservedSpecimen","Coleccion",NA,"UNICACH","SPECIES","HEM","M.M.M. | D.A.J.L. | R.J.R.V.","5475","N.M.M.","E","HEM2025",1,"Werauhia gladioliflora",15.1071944444444,-92.1756666666667,"2015-03-25","change1: Filled coordinateUncertaintyInMeters from decimal-place precision (conservative). | epi_taxo: acceptedName(match1); authorship_epig(match1); genus_from_scientificName; family_WFO; order_majorGroup_WCVP [2026-03-11] | CoordinateCleaner QA applied without sea test (validity, equal, zeros, capitals, centroids, gbif, institutions) [2026-03-29]","standardized authors names in recordedBy","Colección","M.M.M. & D.A.J.L. & R.J.R.V.","N.M.M."
"794","HEM2025_0794","PreservedSpecimen","Coleccion",NA,"UNICACH","SPECIES","HEM","Perez-Farrera, M.A.","1592","Camilo, R.M.","E","HEM2025",1,"Pseudalcantarea grandis",15.8530555555556,-93.1511111111111,"1998-01-22","change1: Filled coordinateUncertaintyInMeters from decimal-place precision (conservative). | epi_taxo: acceptedName(match1); authorship_epig(match1); genus_from_scientificName; family_WFO; order_majorGroup_WCVP [2026-03-11] | CoordinateCleaner QA applied without sea test (validity, equal, zeros, capitals, centroids, gbif, institutions) [2026-03-29]","standardized authors names in recordedBy / standardized authors names in identifiedBy","Colección","M.A. Pérez-Farrera","R.M. Camilo"
"795","HEM2025_0795","PreservedSpecimen","Coleccion",NA,"UNICACH","SPECIES","HEM","Perez-Farrera, M.A.","156","Espejo, A. | A.R.L.F.","E","HEM2025",1,"Pseudalcantarea grandis",16.1944444444444,-93.6083333333333,"1995-02-09","change1: Filled coordinateUncertaintyInMeters from decimal-place precision (conservative). | epi_taxo: acceptedName(match1); authorship_epig(match1); genus_from_scientificName; family_WFO; order_majorGroup_WCVP [2026-03-11] | CoordinateCleaner QA applied without sea test (validity, equal, zeros, capitals, centroids, gbif, institutions) [2026-03-29]","standardized authors names in recordedBy / standardized authors names in identifiedBy","Colección","M.A. Pérez-Farrera","A. Espejo & A.R.L.F."
"796","HEM2025_0796","PreservedSpecimen","Coleccion",NA,"UNICACH","SPECIES","HEM","T.B.C.","47142","Espejo, A. | A.R.L.F.","E","HEM2025",1,"Tillandsia guatemalensis",15.0925,-92.1244444444444,"1979-02-10","change1: Filled coordinateUncertaintyInMeters from decimal-place precision (conservative). | epi_taxo: acceptedName(match1); authorship_epig(match1); genus_from_scientificName; family_WFO; order_majorGroup_WCVP [2026-03-11] | CoordinateCleaner QA applied without sea test (validity, equal, zeros, capitals, centroids, gbif, institutions) [2026-03-29]","standardized authors names in identifiedBy","Colección","T.B.C.","A. Espejo & A.R.L.F."
"797","HEM2025_0797","PreservedSpecimen","Coleccion",NA,"UNICACH","SPECIES","HEM","E.U.H.","38","Najarro, F.H.","E","HEM2025",1,"Tillandsia guatemalensis",15.0886111111111,-92.0966666666667,"2006-08-04","change1: Filled coordinateUncertaintyInMeters from decimal-place precision (conservative). | epi_taxo: acceptedName(match1); authorship_epig(match1); genus_from_scientificName; family_WFO; order_majorGroup_WCVP [2026-03-11] | CoordinateCleaner QA applied without sea test (validity, equal, zeros, capitals, centroids, gbif, institutions) [2026-03-29]","standardized authors names in identifiedBy","Colección","E.U.H.","F.H. Najarro"
"798","HEM2025_0798","PreservedSpecimen","Coleccion",NA,"UNICACH","SPECIES","HEM","N.M.M.","667","N.M.M.","E","HEM2025",1,"Tillandsia guatemalensis",15.6041111111111,-92.8163611111111,"2005-01-17","change1: Filled coordinateUncertaintyInMeters from decimal-place precision (conservative). | epi_taxo: acceptedName(match1); authorship_epig(match1); genus_from_scientificName; family_WFO; order_majorGroup_WCVP [2026-03-11] | CoordinateCleaner QA applied without sea test (validity, equal, zeros, capitals, centroids, gbif, institutions) [2026-03-29]","","Colección","N.M.M.","N.M.M."
"799","HEM2025_0799","PreservedSpecimen","Coleccion",NA,"UNICACH","SPECIES","HEM","R.R.S.","528","R.R.S.","E","HEM2025",1,"Tillandsia guatemalensis",15.6396388888889,-92.6553611111111,"2005-01-15","change1: Filled coordinateUncertaintyInMeters from decimal-place precision (conservative). | epi_taxo: acceptedName(match1); authorship_epig(match1); genus_from_scientificName; family_WFO; order_majorGroup_WCVP [2026-03-11] | CoordinateCleaner QA applied without sea test (validity, equal, zeros, capitals, centroids, gbif, institutions) [2026-03-29]","","Colección","R.R.S.","R.R.S."
"800","HEM2025_0800","PreservedSpecimen","Coleccion",NA,"UNICACH","SPECIES","HEM","H.G.D.","882","H.G.D.","E","HEM2025",1,"Tillandsia guatemalensis",15.6358611111111,-92.6445,"2005-01-15","change1: Filled coordinateUncertaintyInMeters from decimal-place precision (conservative). | epi_taxo: acceptedName(match1); authorship_epig(match1); genus_from_scientificName; family_WFO; order_majorGroup_WCVP [2026-03-11] | CoordinateCleaner QA applied without sea test (validity, equal, zeros, capitals, centroids, gbif, institutions) [2026-03-29]","","Colección","H.G.D.","H.G.D."
"801","HEM2025_0801","PreservedSpecimen","Coleccion",NA,"UNICACH","SPECIES","HEM","M.D.R.S.","164","R.R.S.","E","HEM2025",1,"Tillandsia guatemalensis",15.5991388888889,-92.6927777777778,"2005-06-13","change1: Filled coordinateUncertaintyInMeters from decimal-place precision (conservative). | epi_taxo: acceptedName(match1); authorship_epig(match1); genus_from_scientificName; family_WFO; order_majorGroup_WCVP [2026-03-11] | CoordinateCleaner QA applied without sea test (validity, equal, zeros, capitals, centroids, gbif, institutions) [2026-03-29]","","Colección","M.D.R.S.","R.R.S."
"802","HEM2025_0802","PreservedSpecimen","Coleccion",NA,"UNICACH","SPECIES","HEM","S.P.C.","34","Espejo, A. | A.R.L.F.","E","HEM2025",1,"Tillandsia guatemalensis",16.9983333333333,-93.31,"2003-04-08","change1: Filled coordinateUncertaintyInMeters from decimal-place precision (conservative). | epi_taxo: acceptedName(match1); authorship_epig(match1); genus_from_scientificName; family_WFO; order_majorGroup_WCVP [2026-03-11] | CoordinateCleaner QA applied without sea test (validity, equal, zeros, capitals, centroids, gbif, institutions) [2026-03-29]","standardized authors names in identifiedBy","Colección","S.P.C.","A. Espejo & A.R.L.F."
"803","HEM2025_0803","PreservedSpecimen","Coleccion",NA,"UNICACH","SPECIES","HEM","S.P.C.","34","Espejo, A. | A.R.L.F.","E","HEM2025",1,"Tillandsia guatemalensis",16.9983333333333,-93.31,"2003-04-08","change1: Filled coordinateUncertaintyInMeters from decimal-place precision (conservative). | epi_taxo: acceptedName(match1); authorship_epig(match1); genus_from_scientificName; family_WFO; order_majorGroup_WCVP [2026-03-11] | CoordinateCleaner QA applied without sea test (validity, equal, zeros, capitals, centroids, gbif, institutions) [2026-03-29]","standardized authors names in identifiedBy","Colección","S.P.C.","A. Espejo & A.R.L.F."
"804","HEM2025_0804","PreservedSpecimen","Coleccion",NA,"UNICACH","SPECIES","HEM","J.M.M.","709","J.M.M.","E","HEM2025",1,"Tillandsia guatemalensis",15.8213333333333,-93.0480277777778,"2004-12-16","change1: Filled coordinateUncertaintyInMeters from decimal-place precision (conservative). | epi_taxo: acceptedName(match1); authorship_epig(match1); genus_from_scientificName; family_WFO; order_majorGroup_WCVP [2026-03-11] | CoordinateCleaner QA applied without sea test (validity, equal, zeros, capitals, centroids, gbif, institutions) [2026-03-29]","","Colección","J.M.M.","J.M.M."
"805","HEM2025_0805","PreservedSpecimen","Coleccion",NA,"UNICACH","SPECIES","HEM","V.M.","105","Espejo, A. | A.R.L.F.","E","HEM2025",1,"Tillandsia guatemalensis",15.4805555555556,-92.6055555555556,"1999-01-27","change1: Filled coordinateUncertaintyInMeters from decimal-place precision (conservative). | epi_taxo: acceptedName(match1); authorship_epig(match1); genus_from_scientificName; family_WFO; order_majorGroup_WCVP [2026-03-11] | CoordinateCleaner QA applied without sea test (validity, equal, zeros, capitals, centroids, gbif, institutions) [2026-03-29]","standardized authors names in identifiedBy","Colección","V.M.","A. Espejo & A.R.L.F."
"806","HEM2025_0806","PreservedSpecimen","Coleccion",NA,"UNICACH","SPECIES","HEM","F.E.P.C.","118-BIS","F.E.P.C.","E","HEM2025",1,"Tillandsia guatemalensis",15.8244444444444,-93.0630555555556,"1999-02-11","change1: Filled coordinateUncertaintyInMeters from decimal-place precision (conservative). | epi_taxo: acceptedName(match1); authorship_epig(match1); genus_from_scientificName; family_WFO; order_majorGroup_WCVP [2026-03-11] | CoordinateCleaner QA applied without sea test (validity, equal, zeros, capitals, centroids, gbif, institutions) [2026-03-29]","","Colección","F.E.P.C.","F.E.P.C."
"807","HEM2025_0807","PreservedSpecimen","Coleccion",NA,"UNICACH","SPECIES","HEM","F.E.P.C.","118","F.E.P.C.","E","HEM2025",1,"Tillandsia guatemalensis",15.8244444444444,-93.0630555555556,"1999-02-11","change1: Filled coordinateUncertaintyInMeters from decimal-place precision (conservative). | epi_taxo: acceptedName(match1); authorship_epig(match1); genus_from_scientificName; family_WFO; order_majorGroup_WCVP [2026-03-11] | CoordinateCleaner QA applied without sea test (validity, equal, zeros, capitals, centroids, gbif, institutions) [2026-03-29]","","Colección","F.E.P.C.","F.E.P.C."
"808","HEM2025_0808","PreservedSpecimen","Coleccion",NA,"UNICACH","SPECIES","HEM","Camilo, R.M.","906","Camilo, R.M.","E","HEM2025",1,"Tillandsia guatemalensis",15.7363888888889,-92.9361111111111,"2004-09-28","change1: Filled coordinateUncertaintyInMeters from decimal-place precision (conservative). | epi_taxo: acceptedName(match1); authorship_epig(match1); genus_from_scientificName; family_WFO; order_majorGroup_WCVP [2026-03-11] | CoordinateCleaner QA applied without sea test (validity, equal, zeros, capitals, centroids, gbif, institutions) [2026-03-29]","standardized authors names in recordedBy / standardized authors names in identifiedBy","Colección","R.M. Camilo","R.M. Camilo"
"809","HEM2025_0809","PreservedSpecimen","Coleccion",NA,"UNICACH","SPECIES","HEM","N.M.M.","1306","N.M.M.","E","HEM2025",1,"Tillandsia guatemalensis",16.9243055555556,-93.4726666666667,"2006-03-16","change1: Filled coordinateUncertaintyInMeters from decimal-place precision (conservative). | epi_taxo: acceptedName(match1); authorship_epig(match1); genus_from_scientificName; family_WFO; order_majorGroup_WCVP [2026-03-11] | CoordinateCleaner QA applied without sea test (validity, equal, zeros, capitals, centroids, gbif, institutions) [2026-03-29]","","Colección","N.M.M.","N.M.M."
"810","HEM2025_0810","PreservedSpecimen","Coleccion",NA,"UNICACH","SPECIES","HEM","Najarro, F.H. | U.G.M.","1067","O.F.S.","E","HEM2025",1,"Tillandsia guatemalensis",15.9802777777778,-93.4677777777778,"2002-10-12","change1: Filled coordinateUncertaintyInMeters from decimal-place precision (conservative). | epi_taxo: acceptedName(match1); authorship_epig(match1); genus_from_scientificName; family_WFO; order_majorGroup_WCVP [2026-03-11] | CoordinateCleaner QA applied without sea test (validity, equal, zeros, capitals, centroids, gbif, institutions) [2026-03-29]","standardized authors names in recordedBy","Colección","F.H. Najarro & U.G.M.","O.F.S."
"811","HEM2025_0811","PreservedSpecimen","Coleccion",NA,"UNICACH","SPECIES","HEM","G.C.L.H.","83","Espejo, A. | A.R.L.F.","E","HEM2025",1,"Tillandsia guatemalensis",15.7227777777778,-92.9436111111111,"2001-08-30","change1: Filled coordinateUncertaintyInMeters from decimal-place precision (conservative). | epi_taxo: acceptedName(match1); authorship_epig(match1); genus_from_scientificName; family_WFO; order_majorGroup_WCVP [2026-03-11] | CoordinateCleaner QA applied without sea test (validity, equal, zeros, capitals, centroids, gbif, institutions) [2026-03-29]","standardized authors names in identifiedBy","Colección","G.C.L.H.","A. Espejo & A.R.L.F."
"812","HEM2025_0812","PreservedSpecimen","Coleccion",NA,"UNICACH","SPECIES","HEM","V.M.J.","21","N.M.M.","E","HEM2025",1,"Tillandsia guatemalensis",16.7366666666667,-92.235,"2005-10-30","change1: Filled coordinateUncertaintyInMeters from decimal-place precision (conservative). | epi_taxo: acceptedName(match1); authorship_epig(match1); genus_from_scientificName; family_WFO; order_majorGroup_WCVP [2026-03-11] | CoordinateCleaner QA applied without sea test (validity, equal, zeros, capitals, centroids, gbif, institutions) [2026-03-29]","","Colección","V.M.J.","N.M.M."
"813","HEM2025_0813","PreservedSpecimen","Coleccion",NA,"UNICACH","SPECIES","HEM","R.R.S.","84","Espejo, A. | A.R.L.F.","E","HEM2025",1,"Tillandsia guatemalensis",15.7363888888889,-92.9361111111111,"2001-01-24","change1: Filled coordinateUncertaintyInMeters from decimal-place precision (conservative). | epi_taxo: acceptedName(match1); authorship_epig(match1); genus_from_scientificName; family_WFO; order_majorGroup_WCVP [2026-03-11] | CoordinateCleaner QA applied without sea test (validity, equal, zeros, capitals, centroids, gbif, institutions) [2026-03-29]","standardized authors names in identifiedBy","Colección","R.R.S.","A. Espejo & A.R.L.F."
"814","HEM2025_0814","PreservedSpecimen","Coleccion",NA,"UNICACH","SPECIES","HEM","J.M.M.","1217","J.M.M.","E","HEM2025",1,"Tillandsia guatemalensis",15.4836111111111,-92.6005555555555,"2006-03-23","change1: Filled coordinateUncertaintyInMeters from decimal-place precision (conservative). | epi_taxo: acceptedName(match1); authorship_epig(match1); genus_from_scientificName; family_WFO; order_majorGroup_WCVP [2026-03-11] | CoordinateCleaner QA applied without sea test (validity, equal, zeros, capitals, centroids, gbif, institutions) [2026-03-29]","","Colección","J.M.M.","J.M.M."
"815","HEM2025_0815","PreservedSpecimen","Coleccion",NA,"UNICACH","SPECIES","HEM","Escobar, O.R.","3","H.R.E.","E","HEM2025",1,"Tillandsia guatemalensis",16.7366666666667,-93.6383333333333,"2006-01-28","change1: Filled coordinateUncertaintyInMeters from decimal-place precision (conservative). | epi_taxo: acceptedName(match1); authorship_epig(match1); genus_from_scientificName; family_WFO; order_majorGroup_WCVP [2026-03-11] | CoordinateCleaner QA applied without sea test (validity, equal, zeros, capitals, centroids, gbif, institutions) [2026-03-29]","standardized authors names in recordedBy","Colección","O.R. Escobar","H.R.E."
"816","HEM2025_0816","PreservedSpecimen","Coleccion",NA,"UNICACH","SPECIES","HEM","H.G.D.","1444","H.G.D.","E","HEM2025",1,"Tillandsia guatemalensis",16.1958333333333,-93.6125,"2005-08-20","change1: Filled coordinateUncertaintyInMeters from decimal-place precision (conservative). | epi_taxo: acceptedName(match1); authorship_epig(match1); genus_from_scientificName; family_WFO; order_majorGroup_WCVP [2026-03-11] | CoordinateCleaner QA applied without sea test (validity, equal, zeros, capitals, centroids, gbif, institutions) [2026-03-29]","","Colección","H.G.D.","H.G.D."
"817","HEM2025_0817","PreservedSpecimen","Coleccion",NA,"UNICACH","SPECIES","HEM","H.G.D.","1073","H.G.D.","E","HEM2025",1,"Tillandsia guatemalensis",15.5977222222222,-92.6570277777778,"2005-07-21","change1: Filled coordinateUncertaintyInMeters from decimal-place precision (conservative). | epi_taxo: acceptedName(match1); authorship_epig(match1); genus_from_scientificName; family_WFO; order_majorGroup_WCVP [2026-03-11] | CoordinateCleaner QA applied without sea test (validity, equal, zeros, capitals, centroids, gbif, institutions) [2026-03-29]","","Colección","H.G.D.","H.G.D."
"818","HEM2025_0818","PreservedSpecimen","Coleccion",NA,"UNICACH","SPECIES","HEM","H.G.D.","ND","H.G.D.","E","HEM2025",1,"Tillandsia guatemalensis",15.7230555555556,-93.0013888888889,"2006-10-13","change1: Filled coordinateUncertaintyInMeters from decimal-place precision (conservative). | epi_taxo: acceptedName(match1); authorship_epig(match1); genus_from_scientificName; family_WFO; order_majorGroup_WCVP [2026-03-11] | CoordinateCleaner QA applied without sea test (validity, equal, zeros, capitals, centroids, gbif, institutions) [2026-03-29]","","Colección","H.G.D.","H.G.D."
"819","HEM2025_0819","PreservedSpecimen","Coleccion",NA,"UNICACH","SPECIES","HEM","N.M.M.","1828","N.M.M.","E","HEM2025",1,"Tillandsia guatemalensis",15.7230555555556,-93.0013888888889,"2006-10-13","change1: Filled coordinateUncertaintyInMeters from decimal-place precision (conservative). | epi_taxo: acceptedName(match1); authorship_epig(match1); genus_from_scientificName; family_WFO; order_majorGroup_WCVP [2026-03-11] | CoordinateCleaner QA applied without sea test (validity, equal, zeros, capitals, centroids, gbif, institutions) [2026-03-29]","","Colección","N.M.M.","N.M.M."
"820","HEM2025_0820","PreservedSpecimen","Coleccion",NA,"UNICACH","SPECIES","HEM","J.M.M.","1689","J.M.M.","E","HEM2025",1,"Tillandsia guatemalensis",15.6641666666667,-92.8136111111111,"2006-12-13","change1: Filled coordinateUncertaintyInMeters from decimal-place precision (conservative). | epi_taxo: acceptedName(match1); authorship_epig(match1); genus_from_scientificName; family_WFO; order_majorGroup_WCVP [2026-03-11] | CoordinateCleaner QA applied without sea test (validity, equal, zeros, capitals, centroids, gbif, institutions) [2026-03-29]","","Colección","J.M.M.","J.M.M."
"821","HEM2025_0821","PreservedSpecimen","Coleccion",NA,"UNICACH","SPECIES","HEM","H.G.D.","1550","H.G.D.","E","HEM2025",1,"Tillandsia guatemalensis",15.4221944444444,-92.6244166666667,"2006-11-16","change1: Filled coordinateUncertaintyInMeters from decimal-place precision (conservative). | epi_taxo: acceptedName(match1); authorship_epig(match1); genus_from_scientificName; family_WFO; order_majorGroup_WCVP [2026-03-11] | CoordinateCleaner QA applied without sea test (validity, equal, zeros, capitals, centroids, gbif, institutions) [2026-03-29]","","Colección","H.G.D.","H.G.D."
"822","HEM2025_0822","PreservedSpecimen","Coleccion",NA,"UNICACH","SPECIES","HEM","M.E.L.M.","514","Perez-Farrera, M.A.","E","HEM2025",1,"Tillandsia guatemalensis",15.8505555555556,-93.2016666666667,"1999-11-18","change1: Filled coordinateUncertaintyInMeters from decimal-place precision (conservative). | epi_taxo: acceptedName(match1); authorship_epig(match1); genus_from_scientificName; family_WFO; order_majorGroup_WCVP [2026-03-11] | CoordinateCleaner QA applied without sea test (validity, equal, zeros, capitals, centroids, gbif, institutions) [2026-03-29]","standardized authors names in identifiedBy","Colección","M.E.L.M.","M.A. Pérez-Farrera"
"823","HEM2025_0823","PreservedSpecimen","Coleccion",NA,"UNICACH","SPECIES","HEM","E.M.L.","1266-bis","O.F.S.","E","HEM2025",1,"Tillandsia guatemalensis",15.9922222222222,-93.4472222222222,"2003-10-07","change1: Filled coordinateUncertaintyInMeters from decimal-place precision (conservative). | epi_taxo: acceptedName(match1); authorship_epig(match1); genus_from_scientificName; family_WFO; order_majorGroup_WCVP [2026-03-11] | CoordinateCleaner QA applied without sea test (validity, equal, zeros, capitals, centroids, gbif, institutions) [2026-03-29]","","Colección","E.M.L.","O.F.S."
"824","HEM2025_0824","PreservedSpecimen","Coleccion",NA,"UNICACH","SPECIES","HEM","N.M.M.","176","Espejo, A. | A.R.L.F.","E","HEM2025",1,"Tillandsia guatemalensis",15.7227777777778,-92.9436111111111,"2002-02-05","change1: Filled coordinateUncertaintyInMeters from decimal-place precision (conservative). | epi_taxo: acceptedName(match1); authorship_epig(match1); genus_from_scientificName; family_WFO; order_majorGroup_WCVP [2026-03-11] | CoordinateCleaner QA applied without sea test (validity, equal, zeros, capitals, centroids, gbif, institutions) [2026-03-29]","standardized authors names in identifiedBy","Colección","N.M.M.","A. Espejo & A.R.L.F."
"825","HEM2025_0825","PreservedSpecimen","Coleccion",NA,"UNICACH","SPECIES","HEM","Najarro, F.H. | U.G.M.","855","O.F.S.","E","HEM2025",1,"Tillandsia guatemalensis",15.9752777777778,-93.4544444444444,"2002-04-27","change1: Filled coordinateUncertaintyInMeters from decimal-place precision (conservative). | epi_taxo: acceptedName(match1); authorship_epig(match1); genus_from_scientificName; family_WFO; order_majorGroup_WCVP [2026-03-11] | CoordinateCleaner QA applied without sea test (validity, equal, zeros, capitals, centroids, gbif, institutions) [2026-03-29]","standardized authors names in recordedBy","Colección","F.H. Najarro & U.G.M.","O.F.S."
"826","HEM2025_0826","PreservedSpecimen","Coleccion",NA,"UNICACH","SPECIES","HEM","A.R.A.","32","Perez-Farrera, M.A.","E","HEM2025",1,"Tillandsia guatemalensis",15.9691666666667,-93.4694444444444,"2002-04-27","change1: Filled coordinateUncertaintyInMeters from decimal-place precision (conservative). | epi_taxo: acceptedName(match1); authorship_epig(match1); genus_from_scientificName; family_WFO; order_majorGroup_WCVP [2026-03-11] | CoordinateCleaner QA applied without sea test (validity, equal, zeros, capitals, centroids, gbif, institutions) [2026-03-29]","standardized authors names in identifiedBy","Colección","A.R.A.","M.A. Pérez-Farrera"
"827","HEM2025_0827","PreservedSpecimen","Coleccion",NA,"UNICACH","SPECIES","HEM","Najarro, F.H. | M N.M.G. | U.G.M.","1266","O.F.S.","E","HEM2025",1,"Tillandsia guatemalensis",15.9447222222222,-93.3958333333333,"2002-11-16","change1: Filled coordinateUncertaintyInMeters from decimal-place precision (conservative). | epi_taxo: acceptedName(match1); authorship_epig(match1); genus_from_scientificName; family_WFO; order_majorGroup_WCVP [2026-03-11] | CoordinateCleaner QA applied without sea test (validity, equal, zeros, capitals, centroids, gbif, institutions) [2026-03-29]","standardized authors names in recordedBy","Colección","F.H. Najarro & M N.M.G. & U.G.M.","O.F.S."
"828","HEM2025_0828","PreservedSpecimen","Coleccion",NA,"UNICACH","SPECIES","HEM","J.A.E.J.","1276","A.L.C.","E","HEM2025",1,"Tillandsia guatemalensis",16.8490833333333,-93.3084166666667,"2011-09-01","change1: Filled coordinateUncertaintyInMeters from decimal-place precision (conservative). | epi_taxo: acceptedName(match1); authorship_epig(match1); genus_from_scientificName; family_WFO; order_majorGroup_WCVP [2026-03-11] | CoordinateCleaner QA applied without sea test (validity, equal, zeros, capitals, centroids, gbif, institutions) [2026-03-29]","","Colección","J.A.E.J.","A.L.C."
"829","HEM2025_0829","PreservedSpecimen","Coleccion",NA,"UNICACH","SPECIES","HEM","M.M.M. | M.D.E.M.","502","N.M.M. | J.M.M.","E","HEM2025",1,"Tillandsia guatemalensis",15.2567777777778,-92.2239722222222,"2013-02-04","change1: Filled coordinateUncertaintyInMeters from decimal-place precision (conservative). | epi_taxo: acceptedName(match1); authorship_epig(match1); genus_from_scientificName; family_WFO; order_majorGroup_WCVP [2026-03-11] | CoordinateCleaner QA applied without sea test (validity, equal, zeros, capitals, centroids, gbif, institutions) [2026-03-29]","standardized authors names in recordedBy / standardized authors names in identifiedBy","Colección","M.M.M. & M.D.E.M.","N.M.M. & J.M.M."
"830","HEM2025_0830","PreservedSpecimen","Coleccion",NA,"UNICACH","SPECIES","HEM","M.M.M. | Camilo, R.M.","1156","N.M.M. | J.M.M.","E","HEM2025",1,"Tillandsia guatemalensis",15.1126388888889,-92.0980555555555,"2013-04-04","change1: Filled coordinateUncertaintyInMeters from decimal-place precision (conservative). | epi_taxo: acceptedName(match1); authorship_epig(match1); genus_from_scientificName; family_WFO; order_majorGroup_WCVP [2026-03-11] | CoordinateCleaner QA applied without sea test (validity, equal, zeros, capitals, centroids, gbif, institutions) [2026-03-29]","standardized authors names in recordedBy / standardized authors names in identifiedBy","Colección","M.M.M. & R.M. Camilo","N.M.M. & J.M.M."
"831","HEM2025_0831","PreservedSpecimen","Coleccion",NA,"UNICACH","SPECIES","HEM","M.M.M. | M.A.D.V.","2172","N.M.M. | J.M.M.","E","HEM2025",1,"Tillandsia guatemalensis",15.0979166666667,-92.0847777777778,"2013-07-01","change1: Filled coordinateUncertaintyInMeters from decimal-place precision (conservative). | epi_taxo: acceptedName(match1); authorship_epig(match1); genus_from_scientificName; family_WFO; order_majorGroup_WCVP [2026-03-11] | CoordinateCleaner QA applied without sea test (validity, equal, zeros, capitals, centroids, gbif, institutions) [2026-03-29]","standardized authors names in recordedBy / standardized authors names in identifiedBy","Colección","M.M.M. & M.A.D.V.","N.M.M. & J.M.M."
"832","HEM2025_0832","PreservedSpecimen","Coleccion",NA,"UNICACH","SPECIES","HEM","M.M.M. | M.C.R.M.","2518","Camilo, R.M.","E","HEM2025",1,"Tillandsia guatemalensis",15.1533333333333,-92.1438611111111,"2013-11-13","change1: Filled coordinateUncertaintyInMeters from decimal-place precision (conservative). | epi_taxo: acceptedName(match1); authorship_epig(match1); genus_from_scientificName; family_WFO; order_majorGroup_WCVP [2026-03-11] | CoordinateCleaner QA applied without sea test (validity, equal, zeros, capitals, centroids, gbif, institutions) [2026-03-29]","standardized authors names in recordedBy / standardized authors names in identifiedBy","Colección","M.M.M. & M.C.R.M.","R.M. Camilo"
"833","HEM2025_0833","PreservedSpecimen","Coleccion",NA,"UNICACH","SPECIES","HEM","M.M.M. | M.C.R.M.","2916","N.M.M.","E","HEM2025",1,"Tillandsia guatemalensis",15.1453333333333,-92.1408333333333,"2013-12-01","change1: Filled coordinateUncertaintyInMeters from decimal-place precision (conservative). | epi_taxo: acceptedName(match1); authorship_epig(match1); genus_from_scientificName; family_WFO; order_majorGroup_WCVP [2026-03-11] | CoordinateCleaner QA applied without sea test (validity, equal, zeros, capitals, centroids, gbif, institutions) [2026-03-29]","standardized authors names in recordedBy","Colección","M.M.M. & M.C.R.M.","N.M.M."
"834","HEM2025_0834","PreservedSpecimen","Coleccion",NA,"UNICACH","SPECIES","HEM","M.M.M. | D.A.J.L.","3098","M.M.M. | D.A.J.L.","E","HEM2025",1,"Tillandsia guatemalensis",15.1463055555556,-92.1368888888889,"2013-12-11","change1: Filled coordinateUncertaintyInMeters from decimal-place precision (conservative). | epi_taxo: acceptedName(match1); authorship_epig(match1); genus_from_scientificName; family_WFO; order_majorGroup_WCVP [2026-03-11] | CoordinateCleaner QA applied without sea test (validity, equal, zeros, capitals, centroids, gbif, institutions) [2026-03-29]","standardized authors names in recordedBy / standardized authors names in identifiedBy","Colección","M.M.M. & D.A.J.L.","M.M.M. & D.A.J.L."
"835","HEM2025_0835","PreservedSpecimen","Coleccion",NA,"UNICACH","SPECIES","HEM","M.M.M. | D.A.J.L.","3266","N.M.M.","E","HEM2025",1,"Tillandsia guatemalensis",15.1383333333333,-92.1394444444445,"2013-12-14","change1: Filled coordinateUncertaintyInMeters from decimal-place precision (conservative). | epi_taxo: acceptedName(match1); authorship_epig(match1); genus_from_scientificName; family_WFO; order_majorGroup_WCVP [2026-03-11] | CoordinateCleaner QA applied without sea test (validity, equal, zeros, capitals, centroids, gbif, institutions) [2026-03-29]","standardized authors names in recordedBy","Colección","M.M.M. & D.A.J.L.","N.M.M."
"836","HEM2025_0836","PreservedSpecimen","Coleccion",NA,"UNICACH","SPECIES","HEM","M.M.M. | D.A.J.L.","3456","N.M.M.","E","HEM2025",1,"Tillandsia guatemalensis",15.1529722222222,-92.1428888888889,"2013-12-16","change1: Filled coordinateUncertaintyInMeters from decimal-place precision (conservative). | epi_taxo: acceptedName(match1); authorship_epig(match1); genus_from_scientificName; family_WFO; order_majorGroup_WCVP [2026-03-11] | CoordinateCleaner QA applied without sea test (validity, equal, zeros, capitals, centroids, gbif, institutions) [2026-03-29]","standardized authors names in recordedBy","Colección","M.M.M. & D.A.J.L.","N.M.M."
"837","HEM2025_0837","PreservedSpecimen","Coleccion",NA,"UNICACH","SPECIES","HEM","M.M.M. | D.A.J.L.","3582","N.M.M.","E","HEM2025",1,"Tillandsia guatemalensis",15.1481666666667,-92.1383055555556,"2014-01-17","change1: Filled coordinateUncertaintyInMeters from decimal-place precision (conservative). | epi_taxo: acceptedName(match1); authorship_epig(match1); genus_from_scientificName; family_WFO; order_majorGroup_WCVP [2026-03-11] | CoordinateCleaner QA applied without sea test (validity, equal, zeros, capitals, centroids, gbif, institutions) [2026-03-29]","standardized authors names in recordedBy","Colección","M.M.M. & D.A.J.L.","N.M.M."
"838","HEM2025_0838","PreservedSpecimen","Coleccion",NA,"UNICACH","SPECIES","HEM","M.M.M. | D.A.J.L.","3620","N.M.M.","E","HEM2025",1,"Tillandsia guatemalensis",15.1621666666667,-92.1458611111111,"2014-01-19","change1: Filled coordinateUncertaintyInMeters from decimal-place precision (conservative). | epi_taxo: acceptedName(match1); authorship_epig(match1); genus_from_scientificName; family_WFO; order_majorGroup_WCVP [2026-03-11] | CoordinateCleaner QA applied without sea test (validity, equal, zeros, capitals, centroids, gbif, institutions) [2026-03-29]","standardized authors names in recordedBy","Colección","M.M.M. & D.A.J.L.","N.M.M."
"839","HEM2025_0839","PreservedSpecimen","Coleccion",NA,"UNICACH","SPECIES","HEM","M.M.M. | D.A.J.L.","3829","N.M.M.","E","HEM2025",1,"Tillandsia guatemalensis",15.1606944444444,-92.14775,"2014-01-31","change1: Filled coordinateUncertaintyInMeters from decimal-place precision (conservative). | epi_taxo: acceptedName(match1); authorship_epig(match1); genus_from_scientificName; family_WFO; order_majorGroup_WCVP [2026-03-11] | CoordinateCleaner QA applied without sea test (validity, equal, zeros, capitals, centroids, gbif, institutions) [2026-03-29]","standardized authors names in recordedBy","Colección","M.M.M. & D.A.J.L.","N.M.M."
"840","HEM2025_0840","PreservedSpecimen","Coleccion",NA,"UNICACH","SPECIES","HEM","M.M.M. | N.M.M. | R.J.R.V. | E.C.N.","4294","N.M.M.","E","HEM2025",1,"Tillandsia guatemalensis",15.099,-92.1409722222222,"2014-06-18","change1: Filled coordinateUncertaintyInMeters from decimal-place precision (conservative). | epi_taxo: acceptedName(match1); authorship_epig(match1); genus_from_scientificName; family_WFO; order_majorGroup_WCVP [2026-03-11] | CoordinateCleaner QA applied without sea test (validity, equal, zeros, capitals, centroids, gbif, institutions) [2026-03-29]","standardized authors names in recordedBy","Colección","M.M.M. & N.M.M. & R.J.R.V. & E.C.N.","N.M.M."
"841","HEM2025_0841","PreservedSpecimen","Coleccion",NA,"UNICACH","SPECIES","HEM","M.M.M. | N.M.M. | R.J.R.V. | E.C.N.","4363","M.M.M.","E","HEM2025",1,"Tillandsia guatemalensis",15.0996666666667,-92.1376944444444,"2014-06-19","change1: Filled coordinateUncertaintyInMeters from decimal-place precision (conservative). | epi_taxo: acceptedName(match1); authorship_epig(match1); genus_from_scientificName; family_WFO; order_majorGroup_WCVP [2026-03-11] | CoordinateCleaner QA applied without sea test (validity, equal, zeros, capitals, centroids, gbif, institutions) [2026-03-29]","standardized authors names in recordedBy","Colección","M.M.M. & N.M.M. & R.J.R.V. & E.C.N.","M.M.M."
"842","HEM2025_0842","PreservedSpecimen","Coleccion",NA,"UNICACH","SPECIES","HEM","M.M.M. | E.A.M.A.","4595","N.M.M.","E","HEM2025",1,"Tillandsia guatemalensis",15.0910555555556,-92.14175,"2014-07-04","change1: Filled coordinateUncertaintyInMeters from decimal-place precision (conservative). | epi_taxo: acceptedName(match1); authorship_epig(match1); genus_from_scientificName; family_WFO; order_majorGroup_WCVP [2026-03-11] | CoordinateCleaner QA applied without sea test (validity, equal, zeros, capitals, centroids, gbif, institutions) [2026-03-29]","standardized authors names in recordedBy","Colección","M.M.M. & E.A.M.A.","N.M.M."
"843","HEM2025_0843","PreservedSpecimen","Coleccion",NA,"UNICACH","SPECIES","HEM","M.M.M. | N.M.M. | R.J.R.V. | E.C.N.","4697","N.M.M.","E","HEM2025",1,"Tillandsia guatemalensis",15.0869166666667,-92.1446111111111,"2014-07-06","change1: Filled coordinateUncertaintyInMeters from decimal-place precision (conservative). | epi_taxo: acceptedName(match1); authorship_epig(match1); genus_from_scientificName; family_WFO; order_majorGroup_WCVP [2026-03-11] | CoordinateCleaner QA applied without sea test (validity, equal, zeros, capitals, centroids, gbif, institutions) [2026-03-29]","standardized authors names in recordedBy","Colección","M.M.M. & N.M.M. & R.J.R.V. & E.C.N.","N.M.M."
"844","HEM2025_0844","PreservedSpecimen","Coleccion",NA,"UNICACH","SPECIES","HEM","M.M.M. | Camilo, R.M. | E.A.M.A. | M.I.L.R. | N.A.F.R.","4756","N.M.M.","E","HEM2025",1,"Tillandsia guatemalensis",15.0926111111111,-92.1466944444444,"2014-07-07","change1: Filled coordinateUncertaintyInMeters from decimal-place precision (conservative). | epi_taxo: acceptedName(match1); authorship_epig(match1); genus_from_scientificName; family_WFO; order_majorGroup_WCVP [2026-03-11] | CoordinateCleaner QA applied without sea test (validity, equal, zeros, capitals, centroids, gbif, institutions) [2026-03-29]","standardized authors names in recordedBy","Colección","M.M.M. & R.M. Camilo & E.A.M.A. & M.I.L.R. & N.A.F.R.","N.M.M."
"845","HEM2025_0845","PreservedSpecimen","Coleccion",NA,"UNICACH","SPECIES","HEM","M.M.M. | A.L.C.","4873","N.M.M.","E","HEM2025",1,"Tillandsia guatemalensis",15.0942222222222,-92.1718611111111,"2014-08-15","change1: Filled coordinateUncertaintyInMeters from decimal-place precision (conservative). | epi_taxo: acceptedName(match1); authorship_epig(match1); genus_from_scientificName; family_WFO; order_majorGroup_WCVP [2026-03-11] | CoordinateCleaner QA applied without sea test (validity, equal, zeros, capitals, centroids, gbif, institutions) [2026-03-29]","standardized authors names in recordedBy","Colección","M.M.M. & A.L.C.","N.M.M."
"846","HEM2025_0846","PreservedSpecimen","Coleccion",NA,"UNICACH","SPECIES","HEM","M.M.M. | A.L.C.","4917","N.M.M.","E","HEM2025",1,"Tillandsia guatemalensis",15.0976111111111,-92.168,"2014-08-16","change1: Filled coordinateUncertaintyInMeters from decimal-place precision (conservative). | epi_taxo: acceptedName(match1); authorship_epig(match1); genus_from_scientificName; family_WFO; order_majorGroup_WCVP [2026-03-11] | CoordinateCleaner QA applied without sea test (validity, equal, zeros, capitals, centroids, gbif, institutions) [2026-03-29]","standardized authors names in recordedBy","Colección","M.M.M. & A.L.C.","N.M.M."
"847","HEM2025_0847","PreservedSpecimen","Coleccion",NA,"UNICACH","SPECIES","HEM","A.R.A.","32","Espejo, A. | A.R.L.F.","E","HEM2025",1,"Tillandsia guatemalensis",15.9830555555556,-93.4694444444444,"2002-04-27","change1: Filled coordinateUncertaintyInMeters from decimal-place precision (conservative). | epi_taxo: acceptedName(match1); authorship_epig(match1); genus_from_scientificName; family_WFO; order_majorGroup_WCVP [2026-03-11] | CoordinateCleaner QA applied without sea test (validity, equal, zeros, capitals, centroids, gbif, institutions) [2026-03-29]","standardized authors names in identifiedBy","Colección","A.R.A.","A. Espejo & A.R.L.F."
"848","HEM2025_0848","PreservedSpecimen","Coleccion",NA,"UNICACH","SPECIES","HEM","A.R.A.","32","Espejo, A. | A.R.L.F.","E","HEM2025",1,"Tillandsia guatemalensis",15.9830555555556,-93.4694444444444,"2002-04-27","change1: Filled coordinateUncertaintyInMeters from decimal-place precision (conservative). | epi_taxo: acceptedName(match1); authorship_epig(match1); genus_from_scientificName; family_WFO; order_majorGroup_WCVP [2026-03-11] | CoordinateCleaner QA applied without sea test (validity, equal, zeros, capitals, centroids, gbif, institutions) [2026-03-29]","standardized authors names in identifiedBy","Colección","A.R.A.","A. Espejo & A.R.L.F."
"849","HEM2025_0849","PreservedSpecimen","Coleccion",NA,"UNICACH","SPECIES","HEM","Camilo, R.M. | N.M.M.","2586","Camilo, R.M.","E","HEM2025",1,"Tillandsia guatemalensis",15.0969444444444,-92.1347222222222,"2014-08-15","change1: Filled coordinateUncertaintyInMeters from decimal-place precision (conservative). | epi_taxo: acceptedName(match1); authorship_epig(match1); genus_from_scientificName; family_WFO; order_majorGroup_WCVP [2026-03-11] | CoordinateCleaner QA applied without sea test (validity, equal, zeros, capitals, centroids, gbif, institutions) [2026-03-29]","standardized authors names in recordedBy / standardized authors names in identifiedBy","Colección","R.M. Camilo & N.M.M.","R.M. Camilo"
"850","HEM2025_0850","PreservedSpecimen","Coleccion",NA,"UNICACH","SPECIES","HEM","N.M.M. | R.V.H.","3604","N.M.M.","E","HEM2025",1,"Tillandsia guatemalensis",15.1259444444444,-92.18,"2014-09-23","change1: Filled coordinateUncertaintyInMeters from decimal-place precision (conservative). | epi_taxo: acceptedName(match1); authorship_epig(match1); genus_from_scientificName; family_WFO; order_majorGroup_WCVP [2026-03-11] | CoordinateCleaner QA applied without sea test (validity, equal, zeros, capitals, centroids, gbif, institutions) [2026-03-29]","standardized authors names in recordedBy","Colección","N.M.M. & R.V.H.","N.M.M."
"851","HEM2025_0851","PreservedSpecimen","Coleccion",NA,"UNICACH","SPECIES","HEM","M.M.M. | M.C.R.M.","5095","N.M.M.","E","HEM2025",1,"Tillandsia guatemalensis",15.0993611111111,-92.1659722222222,"2014-09-16","change1: Filled coordinateUncertaintyInMeters from decimal-place precision (conservative). | epi_taxo: acceptedName(match1); authorship_epig(match1); genus_from_scientificName; family_WFO; order_majorGroup_WCVP [2026-03-11] | CoordinateCleaner QA applied without sea test (validity, equal, zeros, capitals, centroids, gbif, institutions) [2026-03-29]","standardized authors names in recordedBy","Colección","M.M.M. & M.C.R.M.","N.M.M."
"852","HEM2025_0852","PreservedSpecimen","Coleccion",NA,"UNICACH","SPECIES","HEM","N.M.M. | M.M.M. | E.C.N.","3960","N.M.M. | Camilo, R.M.","E","HEM2025",1,"Tillandsia guatemalensis",15.1032777777778,-92.1645555555556,"2015-03-10","change1: Filled coordinateUncertaintyInMeters from decimal-place precision (conservative). | epi_taxo: acceptedName(match1); authorship_epig(match1); genus_from_scientificName; family_WFO; order_majorGroup_WCVP [2026-03-11] | CoordinateCleaner QA applied without sea test (validity, equal, zeros, capitals, centroids, gbif, institutions) [2026-03-29]","standardized authors names in recordedBy / standardized authors names in identifiedBy","Colección","N.M.M. & M.M.M. & E.C.N.","N.M.M. & R.M. Camilo"
"853","HEM2025_0853","PreservedSpecimen","Coleccion",NA,"UNICACH","SPECIES","HEM","N.M.M. | M.M.M. | E.C.N.","3994","N.M.M. | Camilo, R.M.","E","HEM2025",1,"Tillandsia guatemalensis",15.1061111111111,-92.1593888888889,"2015-03-11","change1: Filled coordinateUncertaintyInMeters from decimal-place precision (conservative). | epi_taxo: acceptedName(match1); authorship_epig(match1); genus_from_scientificName; family_WFO; order_majorGroup_WCVP [2026-03-11] | CoordinateCleaner QA applied without sea test (validity, equal, zeros, capitals, centroids, gbif, institutions) [2026-03-29]","standardized authors names in recordedBy / standardized authors names in identifiedBy","Colección","N.M.M. & M.M.M. & E.C.N.","N.M.M. & R.M. Camilo"
"854","HEM2025_0854","PreservedSpecimen","Coleccion",NA,"UNICACH","SPECIES","HEM","N.M.M. | M.M.M. | E.C.N.","4037","N.M.M. | Camilo, R.M.","E","HEM2025",1,"Tillandsia guatemalensis",15.1146388888889,-92.1527222222222,"2015-03-12","change1: Filled coordinateUncertaintyInMeters from decimal-place precision (conservative). | epi_taxo: acceptedName(match1); authorship_epig(match1); genus_from_scientificName; family_WFO; order_majorGroup_WCVP [2026-03-11] | CoordinateCleaner QA applied without sea test (validity, equal, zeros, capitals, centroids, gbif, institutions) [2026-03-29]","standardized authors names in recordedBy / standardized authors names in identifiedBy","Colección","N.M.M. & M.M.M. & E.C.N.","N.M.M. & R.M. Camilo"
"855","HEM2025_0855","PreservedSpecimen","Coleccion",NA,"UNICACH","SPECIES","HEM","M.M.M. | S.H.J. | J.A.B.B.","5754","N.M.M.","E","HEM2025",1,"Tillandsia guatemalensis",15.2408055555556,-92.3045555555556,"2015-04-30","change1: Filled coordinateUncertaintyInMeters from decimal-place precision (conservative). | epi_taxo: acceptedName(match1); authorship_epig(match1); genus_from_scientificName; family_WFO; order_majorGroup_WCVP [2026-03-11] | CoordinateCleaner QA applied without sea test (validity, equal, zeros, capitals, centroids, gbif, institutions) [2026-03-29]","standardized authors names in recordedBy","Colección","M.M.M. & S.H.J. & J.A.B.B.","N.M.M."
"856","HEM2025_0856","PreservedSpecimen","Coleccion",NA,"UNICACH","SPECIES","HEM","M.M.M. | S.H.J. | V.E.G.J.","6008","N.M.M.","E","HEM2025",1,"Tillandsia guatemalensis",15.2405277777778,-92.3088333333333,"2015-05-31","change1: Filled coordinateUncertaintyInMeters from decimal-place precision (conservative). | epi_taxo: acceptedName(match1); authorship_epig(match1); genus_from_scientificName; family_WFO; order_majorGroup_WCVP [2026-03-11] | CoordinateCleaner QA applied without sea test (validity, equal, zeros, capitals, centroids, gbif, institutions) [2026-03-29]","standardized authors names in recordedBy","Colección","M.M.M. & S.H.J. & V.E.G.J.","N.M.M."
"857","HEM2025_0857","PreservedSpecimen","Coleccion",NA,"UNICACH","SPECIES","HEM","V.M.","105","Espejo, A. | A.R.L.F.","E","HEM2025",1,"Tillandsia guatemalensis",15.4805555555556,-92.6055555555556,"1999-01-27","change1: Filled coordinateUncertaintyInMeters from decimal-place precision (conservative). | epi_taxo: acceptedName(match1); authorship_epig(match1); genus_from_scientificName; family_WFO; order_majorGroup_WCVP [2026-03-11] | CoordinateCleaner QA applied without sea test (validity, equal, zeros, capitals, centroids, gbif, institutions) [2026-03-29]","standardized authors names in identifiedBy","Colección","V.M.","A. Espejo & A.R.L.F."
"858","HEM2025_0858","PreservedSpecimen","Coleccion",NA,"UNICACH","SPECIES","HEM","Perez-Farrera, M.A.","203","Espejo, A. | A.R.L.F.","E","HEM2025",1,"Tillandsia guatemalensis",16.1533333333333,-93.5961111111111,"1995-03-16","change1: Filled coordinateUncertaintyInMeters from decimal-place precision (conservative). | epi_taxo: acceptedName(match1); authorship_epig(match1); genus_from_scientificName; family_WFO; order_majorGroup_WCVP [2026-03-11] | CoordinateCleaner QA applied without sea test (validity, equal, zeros, capitals, centroids, gbif, institutions) [2026-03-29]","standardized authors names in recordedBy / standardized authors names in identifiedBy","Colección","M.A. Pérez-Farrera","A. Espejo & A.R.L.F."
"859","HEM2025_0859","PreservedSpecimen","Coleccion",NA,"UNICACH","SPECIES","HEM","Perez-Farrera, M.A.","193","Espejo, A. | A.R.L.F.","E","HEM2025",1,"Tillandsia guatemalensis",16.1533333333333,-93.5961111111111,"1995-03-16","change1: Filled coordinateUncertaintyInMeters from decimal-place precision (conservative). | epi_taxo: acceptedName(match1); authorship_epig(match1); genus_from_scientificName; family_WFO; order_majorGroup_WCVP [2026-03-11] | CoordinateCleaner QA applied without sea test (validity, equal, zeros, capitals, centroids, gbif, institutions) [2026-03-29]","standardized authors names in recordedBy / standardized authors names in identifiedBy","Colección","M.A. Pérez-Farrera","A. Espejo & A.R.L.F."
"860","HEM2025_0860","PreservedSpecimen","Coleccion",NA,"UNICACH","SPECIES","HEM","Perez-Farrera, M.A.","424","Espejo, A. | A.R.L.F.","E","HEM2025",1,"Tillandsia guatemalensis",16.1972222222222,-93.7083333333333,"1995-05-24","change1: Filled coordinateUncertaintyInMeters from decimal-place precision (conservative). | epi_taxo: acceptedName(match1); authorship_epig(match1); genus_from_scientificName; family_WFO; order_majorGroup_WCVP [2026-03-11] | CoordinateCleaner QA applied without sea test (validity, equal, zeros, capitals, centroids, gbif, institutions) [2026-03-29]","standardized authors names in recordedBy / standardized authors names in identifiedBy","Colección","M.A. Pérez-Farrera","A. Espejo & A.R.L.F."
"861","HEM2025_0861","PreservedSpecimen","Coleccion",NA,"UNICACH","SPECIES","HEM","E.M.S. | A.M.G. | G.U. | M.R.","19430","Espejo, A. | A.R.L.F.","E","HEM2025",1,"Tillandsia guatemalensis",15.1113888888889,-92.1286111111111,"1987-02-04","change1: Filled coordinateUncertaintyInMeters from decimal-place precision (conservative). | epi_taxo: acceptedName(match1); authorship_epig(match1); genus_from_scientificName; family_WFO; order_majorGroup_WCVP [2026-03-11] | CoordinateCleaner QA applied without sea test (validity, equal, zeros, capitals, centroids, gbif, institutions) [2026-03-29]","standardized authors names in recordedBy / standardized authors names in identifiedBy","Colección","E.M.S. & A.M.G. & G.U. & M.R.","A. Espejo & A.R.L.F."
"862","HEM2025_0862","PreservedSpecimen","Coleccion",NA,"UNICACH","SPECIES","HEM","E.M.S. | A.M.G. | G.U.","19996","Espejo, A. | A.R.L.F.","E","HEM2025",1,"Tillandsia guatemalensis",15.4027777777778,-92.2469444444445,"1987-02-11","change1: Filled coordinateUncertaintyInMeters from decimal-place precision (conservative). | epi_taxo: acceptedName(match1); authorship_epig(match1); genus_from_scientificName; family_WFO; order_majorGroup_WCVP [2026-03-11] | CoordinateCleaner QA applied without sea test (validity, equal, zeros, capitals, centroids, gbif, institutions) [2026-03-29]","standardized authors names in recordedBy / standardized authors names in identifiedBy","Colección","E.M.S. & A.M.G. & G.U.","A. Espejo & A.R.L.F."
"863","HEM2025_0863","PreservedSpecimen","Coleccion",NA,"UNICACH","SPECIES","HEM","Perez-Farrera, M.A.","1367","Espejo, A. | A.R.L.F.","E","HEM2025",1,"Tillandsia guatemalensis",15.7,-92.9361111111111,"1996-11-05","change1: Filled coordinateUncertaintyInMeters from decimal-place precision (conservative). | epi_taxo: acceptedName(match1); authorship_epig(match1); genus_from_scientificName; family_WFO; order_majorGroup_WCVP [2026-03-11] | CoordinateCleaner QA applied without sea test (validity, equal, zeros, capitals, centroids, gbif, institutions) [2026-03-29]","standardized authors names in recordedBy / standardized authors names in identifiedBy","Colección","M.A. Pérez-Farrera","A. Espejo & A.R.L.F."
"864","HEM2025_0864","PreservedSpecimen","Coleccion",NA,"UNICACH","SPECIES","HEM","M.E.L.V.","357","Espejo, A. | A.R.L.F.","E","HEM2025",1,"Tillandsia guatemalensis",16.3719444444444,-93.9152777777778,"2002-04-24","change1: Filled coordinateUncertaintyInMeters from decimal-place precision (conservative). | epi_taxo: acceptedName(match1); authorship_epig(match1); genus_from_scientificName; family_WFO; order_majorGroup_WCVP [2026-03-11] | CoordinateCleaner QA applied without sea test (validity, equal, zeros, capitals, centroids, gbif, institutions) [2026-03-29]","standardized authors names in identifiedBy","Colección","M.E.L.V.","A. Espejo & A.R.L.F."
"865","HEM2025_0865","PreservedSpecimen","Coleccion",NA,"UNICACH","SPECIES","HEM","Perez-Farrera, M.A.","157","Espejo, A. | A.R.L.F.","E","HEM2025",1,"Tillandsia guatemalensis",16.5916666666667,-93.6084166666667,"1995-02-09","change1: Filled coordinateUncertaintyInMeters from decimal-place precision (conservative). | epi_taxo: acceptedName(match1); authorship_epig(match1); genus_from_scientificName; family_WFO; order_majorGroup_WCVP [2026-03-11] | CoordinateCleaner QA applied without sea test (validity, equal, zeros, capitals, centroids, gbif, institutions) [2026-03-29]","standardized authors names in recordedBy / standardized authors names in identifiedBy","Colección","M.A. Pérez-Farrera","A. Espejo & A.R.L.F."
"866","HEM2025_0866","PreservedSpecimen","Coleccion",NA,"UNICACH","SPECIES","HEM","Perez-Farrera, M.A.","157","Espejo, A. | A.R.L.F.","E","HEM2025",1,"Tillandsia guatemalensis",16.5916666666667,-93.6084166666667,"1995-02-09","change1: Filled coordinateUncertaintyInMeters from decimal-place precision (conservative). | epi_taxo: acceptedName(match1); authorship_epig(match1); genus_from_scientificName; family_WFO; order_majorGroup_WCVP [2026-03-11] | CoordinateCleaner QA applied without sea test (validity, equal, zeros, capitals, centroids, gbif, institutions) [2026-03-29]","standardized authors names in recordedBy / standardized authors names in identifiedBy","Colección","M.A. Pérez-Farrera","A. Espejo & A.R.L.F."
"867","HEM2025_0867","PreservedSpecimen","Coleccion",NA,"UNICACH","SPECIES","HEM","G.U. | E.M.S. | A.M.G.","61","Espejo, A. | A.R.L.F.","E","HEM2025",1,"Tillandsia heterophylla",16.7944444444444,-93.1008333333333,"1987-02-18","change1: Filled coordinateUncertaintyInMeters from decimal-place precision (conservative). | epi_taxo: acceptedName(match1); authorship_epig(match1); genus_from_scientificName; family_WFO; order_majorGroup_WCVP [2026-03-11] | CoordinateCleaner QA applied without sea test (validity, equal, zeros, capitals, centroids, gbif, institutions) [2026-03-29]","standardized authors names in recordedBy / standardized authors names in identifiedBy","Colección","G.U. & E.M.S. & A.M.G.","A. Espejo & A.R.L.F."
"868","HEM2025_0868","PreservedSpecimen","Coleccion",NA,"UNICACH","SPECIES","HEM","G.U. | E.M.S. | A.M.G.","61","Espejo, A. | A.R.L.F.","E","HEM2025",1,"Tillandsia heterophylla",16.7944444444444,-93.1008333333333,"1987-02-18","change1: Filled coordinateUncertaintyInMeters from decimal-place precision (conservative). | epi_taxo: acceptedName(match1); authorship_epig(match1); genus_from_scientificName; family_WFO; order_majorGroup_WCVP [2026-03-11] | CoordinateCleaner QA applied without sea test (validity, equal, zeros, capitals, centroids, gbif, institutions) [2026-03-29]","standardized authors names in recordedBy / standardized authors names in identifiedBy","Colección","G.U. & E.M.S. & A.M.G.","A. Espejo & A.R.L.F."
"869","HEM2025_0869","PreservedSpecimen","Coleccion",NA,"UNICACH","SPECIES","HEM","S.M.V.M.","242","Espejo, A. | A.R.L.F.","E","HEM2025",1,"Tillandsia ionantha",16.3194444444444,-93.8566666666667,"2003-03-01","change1: Filled coordinateUncertaintyInMeters from decimal-place precision (conservative). | epi_taxo: acceptedName(match1); authorship_epig(match1); genus_from_scientificName; family_WFO; order_majorGroup_WCVP [2026-03-11] | CoordinateCleaner QA applied without sea test (validity, equal, zeros, capitals, centroids, gbif, institutions) [2026-03-29]","standardized authors names in identifiedBy","Colección","S.M.V.M.","A. Espejo & A.R.L.F."
"870","HEM2025_0870","PreservedSpecimen","Coleccion",NA,"UNICACH","SPECIES","HEM","M.D.R.S.","297","R.R.S.","E","HEM2025",1,"Tillandsia juncea",15.5977222222222,-92.6570277777778,"2005-07-21","change1: Filled coordinateUncertaintyInMeters from decimal-place precision (conservative). | epi_taxo: acceptedName(match1); authorship_epig(match1); genus_from_scientificName; family_WFO; order_majorGroup_WCVP [2026-03-11] | CoordinateCleaner QA applied without sea test (validity, equal, zeros, capitals, centroids, gbif, institutions) [2026-03-29]","","Colección","M.D.R.S.","R.R.S."
"871","HEM2025_0871","PreservedSpecimen","Coleccion",NA,"UNICACH","SPECIES","HEM","M.E.L.M.","339","J.M.M.","E","HEM2025",1,"Tillandsia juncea",15.7013888888889,-92.9838888888889,"1999-04-16","change1: Filled coordinateUncertaintyInMeters from decimal-place precision (conservative). | epi_taxo: acceptedName(match1); authorship_epig(match1); genus_from_scientificName; family_WFO; order_majorGroup_WCVP [2026-03-11] | CoordinateCleaner QA applied without sea test (validity, equal, zeros, capitals, centroids, gbif, institutions) [2026-03-29]","","Colección","M.E.L.M.","J.M.M."
"872","HEM2025_0872","PreservedSpecimen","Coleccion",NA,"UNICACH","SPECIES","HEM","F.E.P.C.","111","F.E.P.C.","E","HEM2025",1,"Tillandsia juncea",15.8244444444444,-93.0630555555556,"1999-02-10","change1: Filled coordinateUncertaintyInMeters from decimal-place precision (conservative). | epi_taxo: acceptedName(match1); authorship_epig(match1); genus_from_scientificName; family_WFO; order_majorGroup_WCVP [2026-03-11] | CoordinateCleaner QA applied without sea test (validity, equal, zeros, capitals, centroids, gbif, institutions) [2026-03-29]","","Colección","F.E.P.C.","F.E.P.C."
"873","HEM2025_0873","PreservedSpecimen","Coleccion",NA,"UNICACH","SPECIES","HEM","F.E.P.C.","111","F.E.P.C.","E","HEM2025",1,"Tillandsia juncea",15.8244444444444,-93.0630555555556,"1999-02-10","change1: Filled coordinateUncertaintyInMeters from decimal-place precision (conservative). | epi_taxo: acceptedName(match1); authorship_epig(match1); genus_from_scientificName; family_WFO; order_majorGroup_WCVP [2026-03-11] | CoordinateCleaner QA applied without sea test (validity, equal, zeros, capitals, centroids, gbif, institutions) [2026-03-29]","","Colección","F.E.P.C.","F.E.P.C."
"874","HEM2025_0874","PreservedSpecimen","Coleccion",NA,"UNICACH","SPECIES","HEM","Najarro, F.H. | U.G.M.","782","O.F.S.","E","HEM2025",1,"Tillandsia juncea",16.0077777777778,-93.4638888888889,"2002-03-02","change1: Filled coordinateUncertaintyInMeters from decimal-place precision (conservative). | epi_taxo: acceptedName(match1); authorship_epig(match1); genus_from_scientificName; family_WFO; order_majorGroup_WCVP [2026-03-11] | CoordinateCleaner QA applied without sea test (validity, equal, zeros, capitals, centroids, gbif, institutions) [2026-03-29]","standardized authors names in recordedBy","Colección","F.H. Najarro & U.G.M.","O.F.S."
"875","HEM2025_0875","PreservedSpecimen","Coleccion",NA,"UNICACH","SPECIES","HEM","H.G.D.","1286","H.G.D.","E","HEM2025",1,"Tillandsia juncea",15.8138888888889,-93.0305555555556,"2006-04-20","change1: Filled coordinateUncertaintyInMeters from decimal-place precision (conservative). | epi_taxo: acceptedName(match1); authorship_epig(match1); genus_from_scientificName; family_WFO; order_majorGroup_WCVP [2026-03-11] | CoordinateCleaner QA applied without sea test (validity, equal, zeros, capitals, centroids, gbif, institutions) [2026-03-29]","","Colección","H.G.D.","H.G.D."
"876","HEM2025_0876","PreservedSpecimen","Coleccion",NA,"UNICACH","SPECIES","HEM","Perez-Farrera, M.A.","2614","Espejo, A. | A.R.L.F.","E","HEM2025",1,"Tillandsia juncea",15.7769444444444,-93.09,"2001-07-18","change1: Filled coordinateUncertaintyInMeters from decimal-place precision (conservative). | epi_taxo: acceptedName(match1); authorship_epig(match1); genus_from_scientificName; family_WFO; order_majorGroup_WCVP [2026-03-11] | CoordinateCleaner QA applied without sea test (validity, equal, zeros, capitals, centroids, gbif, institutions) [2026-03-29]","standardized authors names in recordedBy / standardized authors names in identifiedBy","Colección","M.A. Pérez-Farrera","A. Espejo & A.R.L.F."
"877","HEM2025_0877","PreservedSpecimen","Coleccion",NA,"UNICACH","SPECIES","HEM","J.A.E.J.","828","J.A.E.J.","E","HEM2025",1,"Tillandsia juncea",16.9297694444444,-93.0053138888889,"2009-05-21","change1: Filled coordinateUncertaintyInMeters from decimal-place precision (conservative). | epi_taxo: acceptedName(match1); authorship_epig(match1); genus_from_scientificName; family_WFO; order_majorGroup_WCVP [2026-03-11] | CoordinateCleaner QA applied without sea test (validity, equal, zeros, capitals, centroids, gbif, institutions) [2026-03-29]","","Colección","J.A.E.J.","J.A.E.J."
"878","HEM2025_0878","PreservedSpecimen","Coleccion",NA,"UNICACH","SPECIES","HEM","M.A.B.R.","118","J.A.E.J.","E","HEM2025",1,"Tillandsia juncea",17.0402833333333,-93.1313388888889,"2009-09-15","change1: Filled coordinateUncertaintyInMeters from decimal-place precision (conservative). | epi_taxo: acceptedName(match1); authorship_epig(match1); genus_from_scientificName; family_WFO; order_majorGroup_WCVP [2026-03-11] | CoordinateCleaner QA applied without sea test (validity, equal, zeros, capitals, centroids, gbif, institutions) [2026-03-29]","","Colección","M.A.B.R.","J.A.E.J."
"879","HEM2025_0879","PreservedSpecimen","Coleccion",NA,"UNICACH","SPECIES","HEM","A.R.P.","6","Espejo, A. | A.R.L.F.","E","HEM2025",1,"Tillandsia juncea",17.1305555555556,-93.1583333333333,"","change1: Filled coordinateUncertaintyInMeters from decimal-place precision (conservative). | epi_taxo: acceptedName(match1); authorship_epig(match1); genus_from_scientificName; family_WFO; order_majorGroup_WCVP [2026-03-11] | CoordinateCleaner QA applied without sea test (validity, equal, zeros, capitals, centroids, gbif, institutions) [2026-03-29]","standardized authors names in identifiedBy","Colección","A.R.P.","A. Espejo & A.R.L.F."
"880","HEM2025_0880","PreservedSpecimen","Coleccion",NA,"UNICACH","SPECIES","HEM","Perez-Farrera, M.A.","232","Espejo, A. | A.R.L.F.","E","HEM2025",1,"Tillandsia juncea",16.1944444444444,-93.6083333333333,"1995-04-03","change1: Filled coordinateUncertaintyInMeters from decimal-place precision (conservative). | epi_taxo: acceptedName(match1); authorship_epig(match1); genus_from_scientificName; family_WFO; order_majorGroup_WCVP [2026-03-11] | CoordinateCleaner QA applied without sea test (validity, equal, zeros, capitals, centroids, gbif, institutions) [2026-03-29]","standardized authors names in recordedBy / standardized authors names in identifiedBy","Colección","M.A. Pérez-Farrera","A. Espejo & A.R.L.F."
"881","HEM2025_0881","PreservedSpecimen","Coleccion",NA,"UNICACH","SPECIES","HEM","G.U. | E.M.S. | A.M.G.","51","Espejo, A. | A.R.L.F.","E","HEM2025",1,"Tillandsia juncea",16.7944444444444,-93.1008333333333,"1987-02-18","change1: Filled coordinateUncertaintyInMeters from decimal-place precision (conservative). | epi_taxo: acceptedName(match1); authorship_epig(match1); genus_from_scientificName; family_WFO; order_majorGroup_WCVP [2026-03-11] | CoordinateCleaner QA applied without sea test (validity, equal, zeros, capitals, centroids, gbif, institutions) [2026-03-29]","standardized authors names in recordedBy / standardized authors names in identifiedBy","Colección","G.U. & E.M.S. & A.M.G.","A. Espejo & A.R.L.F."
"882","HEM2025_0882","PreservedSpecimen","Coleccion",NA,"UNICACH","SPECIES","HEM","G.U. | E.M.S. | A.M.G.","51","Espejo, A. | A.R.L.F.","E","HEM2025",1,"Tillandsia juncea",16.7944444444444,-93.1008333333333,"1987-02-18","change1: Filled coordinateUncertaintyInMeters from decimal-place precision (conservative). | epi_taxo: acceptedName(match1); authorship_epig(match1); genus_from_scientificName; family_WFO; order_majorGroup_WCVP [2026-03-11] | CoordinateCleaner QA applied without sea test (validity, equal, zeros, capitals, centroids, gbif, institutions) [2026-03-29]","standardized authors names in recordedBy / standardized authors names in identifiedBy","Colección","G.U. & E.M.S. & A.M.G.","A. Espejo & A.R.L.F."
"883","HEM2025_0883","PreservedSpecimen","Coleccion",NA,"UNICACH","SPECIES","HEM","L.A.L.S.","10","Espejo, A. | A.R.L.F.","E","HEM2025",1,"Tillandsia juncea",17.1563888888889,-93.1658333333333,"1993-03-13","change1: Filled coordinateUncertaintyInMeters from decimal-place precision (conservative). | epi_taxo: acceptedName(match1); authorship_epig(match1); genus_from_scientificName; family_WFO; order_majorGroup_WCVP [2026-03-11] | CoordinateCleaner QA applied without sea test (validity, equal, zeros, capitals, centroids, gbif, institutions) [2026-03-29]","standardized authors names in identifiedBy","Colección","L.A.L.S.","A. Espejo & A.R.L.F."
"884","HEM2025_0884","PreservedSpecimen","Coleccion",NA,"UNICACH","SPECIES","HEM","E.M.S. | A.M.G. | G.U. | M.R.","19836","Espejo, A. | A.R.L.F.","E","HEM2025",1,"Tillandsia kolbii",15.0638888888889,-92.0722222222222,"1987-02-08","change1: Filled coordinateUncertaintyInMeters from decimal-place precision (conservative). | epi_taxo: acceptedName(match1); authorship_epig(match1); genus_from_scientificName; family_WFO; order_majorGroup_WCVP [2026-03-11] | CoordinateCleaner QA applied without sea test (validity, equal, zeros, capitals, centroids, gbif, institutions) [2026-03-29]","standardized authors names in recordedBy / standardized authors names in identifiedBy","Colección","E.M.S. & A.M.G. & G.U. & M.R.","A. Espejo & A.R.L.F."
"885","HEM2025_0885","PreservedSpecimen","Coleccion",NA,"UNICACH","SPECIES","HEM","N.M.M.","650","Camilo, R.M.","E","HEM2025",1,"Tillandsia lampropoda",15.6063055555556,-92.6553611111111,"2005-01-17","change1: Filled coordinateUncertaintyInMeters from decimal-place precision (conservative). | epi_taxo: acceptedName(match1); authorship_epig(match1); genus_from_scientificName; family_WFO; order_majorGroup_WCVP [2026-03-11] | CoordinateCleaner QA applied without sea test (validity, equal, zeros, capitals, centroids, gbif, institutions) [2026-03-29]","standardized authors names in identifiedBy","Colección","N.M.M.","R.M. Camilo"
"886","HEM2025_0886","PreservedSpecimen","Coleccion",NA,"UNICACH","SPECIES","HEM","N.M.M.","1124","N.M.M.","E","HEM2025",1,"Tillandsia lampropoda",15.6641666666667,-92.8136111111111,"2005-08-06","change1: Filled coordinateUncertaintyInMeters from decimal-place precision (conservative). | epi_taxo: acceptedName(match1); authorship_epig(match1); genus_from_scientificName; family_WFO; order_majorGroup_WCVP [2026-03-11] | CoordinateCleaner QA applied without sea test (validity, equal, zeros, capitals, centroids, gbif, institutions) [2026-03-29]","","Colección","N.M.M.","N.M.M."
"887","HEM2025_0887","PreservedSpecimen","Coleccion",NA,"UNICACH","SPECIES","HEM","C.A.P.B.","137","C.A.P.B.","E","HEM2025",1,"Tillandsia lampropoda",15.5566666666667,-92.6038888888889,"2005-08-05","change1: Filled coordinateUncertaintyInMeters from decimal-place precision (conservative). | epi_taxo: acceptedName(match1); authorship_epig(match1); genus_from_scientificName; family_WFO; order_majorGroup_WCVP [2026-03-11] | CoordinateCleaner QA applied without sea test (validity, equal, zeros, capitals, centroids, gbif, institutions) [2026-03-29]","","Colección","C.A.P.B.","C.A.P.B."
"888","HEM2025_0888","PreservedSpecimen","Coleccion",NA,"UNICACH","SPECIES","HEM","H.R.E.","11","Camilo, R.M.","E","HEM2025",1,"Tillandsia lampropoda",15.7213888888889,-92.9522222222222,"2005-04-22","change1: Filled coordinateUncertaintyInMeters from decimal-place precision (conservative). | epi_taxo: acceptedName(match1); authorship_epig(match1); genus_from_scientificName; family_WFO; order_majorGroup_WCVP [2026-03-11] | CoordinateCleaner QA applied without sea test (validity, equal, zeros, capitals, centroids, gbif, institutions) [2026-03-29]","standardized authors names in identifiedBy","Colección","H.R.E.","R.M. Camilo"
"889","HEM2025_0889","PreservedSpecimen","Coleccion",NA,"UNICACH","SPECIES","HEM","A.C.G.D.","20","N.M.M.","E","HEM2025",1,"Tillandsia lampropoda",16.8282972222222,-93.4298944444444,"2005-10-20","change1: Filled coordinateUncertaintyInMeters from decimal-place precision (conservative). | epi_taxo: acceptedName(match1); authorship_epig(match1); genus_from_scientificName; family_WFO; order_majorGroup_WCVP [2026-03-11] | CoordinateCleaner QA applied without sea test (validity, equal, zeros, capitals, centroids, gbif, institutions) [2026-03-29]","","Colección","A.C.G.D.","N.M.M."
"890","HEM2025_0890","PreservedSpecimen","Coleccion",NA,"UNICACH","SPECIES","HEM","G.C.L.H.","82","Espejo, A. | A.R.L.F.","E","HEM2025",1,"Tillandsia lampropoda",15.7344444444444,-92.9341666666667,"2001-08-30","change1: Filled coordinateUncertaintyInMeters from decimal-place precision (conservative). | epi_taxo: acceptedName(match1); authorship_epig(match1); genus_from_scientificName; family_WFO; order_majorGroup_WCVP [2026-03-11] | CoordinateCleaner QA applied without sea test (validity, equal, zeros, capitals, centroids, gbif, institutions) [2026-03-29]","standardized authors names in identifiedBy","Colección","G.C.L.H.","A. Espejo & A.R.L.F."
"891","HEM2025_0891","PreservedSpecimen","Coleccion",NA,"UNICACH","SPECIES","HEM","H.G.D.","1417","H.G.D.","E","HEM2025",1,"Tillandsia lampropoda",15.57875,-92.7323611111111,"2006-08-09","change1: Filled coordinateUncertaintyInMeters from decimal-place precision (conservative). | epi_taxo: acceptedName(match1); authorship_epig(match1); genus_from_scientificName; family_WFO; order_majorGroup_WCVP [2026-03-11] | CoordinateCleaner QA applied without sea test (validity, equal, zeros, capitals, centroids, gbif, institutions) [2026-03-29]","","Colección","H.G.D.","H.G.D."
"892","HEM2025_0892","PreservedSpecimen","Coleccion",NA,"UNICACH","SPECIES","HEM","N.M.M.","1466","N.M.M.","E","HEM2025",1,"Tillandsia lampropoda",15.5516666666667,-92.6333333333333,"2006-03-25","change1: Filled coordinateUncertaintyInMeters from decimal-place precision (conservative). | epi_taxo: acceptedName(match1); authorship_epig(match1); genus_from_scientificName; family_WFO; order_majorGroup_WCVP [2026-03-11] | CoordinateCleaner QA applied without sea test (validity, equal, zeros, capitals, centroids, gbif, institutions) [2026-03-29]","","Colección","N.M.M.","N.M.M."
"893","HEM2025_0893","PreservedSpecimen","Coleccion",NA,"UNICACH","SPECIES","HEM","Camilo, R.M.","556","Espejo, A. | A.R.L.F.","E","HEM2025",1,"Tillandsia lampropoda",15.8138888888889,-93.0305555555556,"2002-03-15","change1: Filled coordinateUncertaintyInMeters from decimal-place precision (conservative). | epi_taxo: acceptedName(match1); authorship_epig(match1); genus_from_scientificName; family_WFO; order_majorGroup_WCVP [2026-03-11] | CoordinateCleaner QA applied without sea test (validity, equal, zeros, capitals, centroids, gbif, institutions) [2026-03-29]","standardized authors names in recordedBy / standardized authors names in identifiedBy","Colección","R.M. Camilo","A. Espejo & A.R.L.F."
"894","HEM2025_0894","PreservedSpecimen","Coleccion",NA,"UNICACH","SPECIES","HEM","Camilo, R.M.","1573","N.M.M.","E","HEM2025",1,"Tillandsia lampropoda",15.0902222222222,-92.1045,"2013-07-24","change1: Filled coordinateUncertaintyInMeters from decimal-place precision (conservative). | epi_taxo: acceptedName(match1); authorship_epig(match1); genus_from_scientificName; family_WFO; order_majorGroup_WCVP [2026-03-11] | CoordinateCleaner QA applied without sea test (validity, equal, zeros, capitals, centroids, gbif, institutions) [2026-03-29]","standardized authors names in recordedBy","Colección","R.M. Camilo","N.M.M."
"895","HEM2025_0895","PreservedSpecimen","Coleccion",NA,"UNICACH","SPECIES","HEM","M.M.M. | D.A.J.L.","3427","N.M.M.","E","HEM2025",1,"Tillandsia lampropoda",15.1558055555556,-92.1452777777778,"2013-12-16","change1: Filled coordinateUncertaintyInMeters from decimal-place precision (conservative). | epi_taxo: acceptedName(match1); authorship_epig(match1); genus_from_scientificName; family_WFO; order_majorGroup_WCVP [2026-03-11] | CoordinateCleaner QA applied without sea test (validity, equal, zeros, capitals, centroids, gbif, institutions) [2026-03-29]","standardized authors names in recordedBy","Colección","M.M.M. & D.A.J.L.","N.M.M."
"896","HEM2025_0896","PreservedSpecimen","Coleccion",NA,"UNICACH","SPECIES","HEM","Camilo, R.M. | N.M.M.","1360","Camilo, R.M.","E","HEM2025",1,"Tillandsia lampropoda",15.0888611111111,-92.0976388888889,"2012-05-24","change1: Filled coordinateUncertaintyInMeters from decimal-place precision (conservative). | epi_taxo: acceptedName(match1); authorship_epig(match1); genus_from_scientificName; family_WFO; order_majorGroup_WCVP [2026-03-11] | CoordinateCleaner QA applied without sea test (validity, equal, zeros, capitals, centroids, gbif, institutions) [2026-03-29]","standardized authors names in recordedBy / standardized authors names in identifiedBy","Colección","R.M. Camilo & N.M.M.","R.M. Camilo"
"897","HEM2025_0897","PreservedSpecimen","Coleccion",NA,"UNICACH","SPECIES","HEM","N.M.M. | M.M.M. | E.C.N.","4012","N.M.M. | Camilo, R.M.","E","HEM2025",1,"Tillandsia lampropoda",15.1146388888889,-92.1527222222222,"2015-03-12","change1: Filled coordinateUncertaintyInMeters from decimal-place precision (conservative). | epi_taxo: acceptedName(match1); authorship_epig(match1); genus_from_scientificName; family_WFO; order_majorGroup_WCVP [2026-03-11] | CoordinateCleaner QA applied without sea test (validity, equal, zeros, capitals, centroids, gbif, institutions) [2026-03-29]","standardized authors names in recordedBy / standardized authors names in identifiedBy","Colección","N.M.M. & M.M.M. & E.C.N.","N.M.M. & R.M. Camilo"
"898","HEM2025_0898","PreservedSpecimen","Coleccion",NA,"UNICACH","SPECIES","HEM","M.M.M. | D.A.J.L. | R.J.R.V.","5513","N.M.M.","E","HEM2025",1,"Tillandsia lampropoda",15.1179722222222,-92.1553333333333,"2015-03-26","change1: Filled coordinateUncertaintyInMeters from decimal-place precision (conservative). | epi_taxo: acceptedName(match1); authorship_epig(match1); genus_from_scientificName; family_WFO; order_majorGroup_WCVP [2026-03-11] | CoordinateCleaner QA applied without sea test (validity, equal, zeros, capitals, centroids, gbif, institutions) [2026-03-29]","standardized authors names in recordedBy","Colección","M.M.M. & D.A.J.L. & R.J.R.V.","N.M.M."
"899","HEM2025_0899","PreservedSpecimen","Coleccion",NA,"UNICACH","SPECIES","HEM","M.M.M. | S.H.J. | J.A.B.B.","5869","N.M.M.","E","HEM2025",1,"Tillandsia lampropoda",15.2288611111111,-92.3057777777778,"2015-05-02","change1: Filled coordinateUncertaintyInMeters from decimal-place precision (conservative). | epi_taxo: acceptedName(match1); authorship_epig(match1); genus_from_scientificName; family_WFO; order_majorGroup_WCVP [2026-03-11] | CoordinateCleaner QA applied without sea test (validity, equal, zeros, capitals, centroids, gbif, institutions) [2026-03-29]","standardized authors names in recordedBy","Colección","M.M.M. & S.H.J. & J.A.B.B.","N.M.M."
"900","HEM2025_0900","PreservedSpecimen","Coleccion",NA,"UNICACH","SPECIES","HEM","M.M.M. | S.H.J. | V.E.G.J.","6048","N.M.M.","E","HEM2025",1,"Tillandsia lampropoda",15.2342222222222,-92.3172777777778,"2015-06-01","change1: Filled coordinateUncertaintyInMeters from decimal-place precision (conservative). | epi_taxo: acceptedName(match1); authorship_epig(match1); genus_from_scientificName; family_WFO; order_majorGroup_WCVP [2026-03-11] | CoordinateCleaner QA applied without sea test (validity, equal, zeros, capitals, centroids, gbif, institutions) [2026-03-29]","standardized authors names in recordedBy","Colección","M.M.M. & S.H.J. & V.E.G.J.","N.M.M."
"901","HEM2025_0901","PreservedSpecimen","Coleccion",NA,"UNICACH","SPECIES","HEM","E.M.S. | A.M.G. | G.U.","20010","Espejo, A. | A.R.L.F.","E","HEM2025",1,"Tillandsia lampropoda",15.4027777777778,-92.2469444444445,"1987-02-11","change1: Filled coordinateUncertaintyInMeters from decimal-place precision (conservative). | epi_taxo: acceptedName(match1); authorship_epig(match1); genus_from_scientificName; family_WFO; order_majorGroup_WCVP [2026-03-11] | CoordinateCleaner QA applied without sea test (validity, equal, zeros, capitals, centroids, gbif, institutions) [2026-03-29]","standardized authors names in recordedBy / standardized authors names in identifiedBy","Colección","E.M.S. & A.M.G. & G.U.","A. Espejo & A.R.L.F."
"902","HEM2025_0902","PreservedSpecimen","Coleccion",NA,"UNICACH","SPECIES","HEM","M.M.M. | M.D.E.M.","561","N.M.M. | J.M.M.","E","HEM2025",1,"Tillandsia lautneri",15.2585833333333,-92.2159444444444,"2013-02-05","change1: Filled coordinateUncertaintyInMeters from decimal-place precision (conservative). | epi_taxo: acceptedName(match1); authorship_epig(match1); genus_from_scientificName; family_WFO; order_majorGroup_WCVP [2026-03-11] | CoordinateCleaner QA applied without sea test (validity, equal, zeros, capitals, centroids, gbif, institutions) [2026-03-29]","standardized authors names in recordedBy / standardized authors names in identifiedBy","Colección","M.M.M. & M.D.E.M.","N.M.M. & J.M.M."
"903","HEM2025_0903","PreservedSpecimen","Coleccion",NA,"UNICACH","SPECIES","HEM","N.M.M.","1800","C.R.B.B.","E","HEM2025",1,"Tillandsia lautneri",15.7230555555556,-93.0013888888889,"2006-10-13","change1: Canonicalized scientificName to binomial and moved trailing authorship. | change2: Filled coordinateUncertaintyInMeters from decimal-place precision (conservative). | epi_taxo: acceptedName(match1); authorship_epig(match1); genus_from_scientificName; family_WFO; order_majorGroup_WCVP [2026-03-11] | CoordinateCleaner QA applied without sea test (validity, equal, zeros, capitals, centroids, gbif, institutions) [2026-03-29]","","Colección","N.M.M.","C.R.B.B."
"904","HEM2025_0904","PreservedSpecimen","Coleccion",NA,"UNICACH","SPECIES","HEM","Camilo, R.M.","899","C.R.B.B.","E","HEM2025",1,"Tillandsia lautneri",15.7227777777778,-92.9436111111111,"2004-08-28","change1: Canonicalized scientificName to binomial and moved trailing authorship. | change2: Filled coordinateUncertaintyInMeters from decimal-place precision (conservative). | epi_taxo: acceptedName(match1); authorship_epig(match1); genus_from_scientificName; family_WFO; order_majorGroup_WCVP [2026-03-11] | CoordinateCleaner QA applied without sea test (validity, equal, zeros, capitals, centroids, gbif, institutions) [2026-03-29]","standardized authors names in recordedBy","Colección","R.M. Camilo","C.R.B.B."
"905","HEM2025_0905","PreservedSpecimen","Coleccion",NA,"UNICACH","SPECIES","HEM","N.M.M.","178","Espejo, A. | A.R.L.F.","E","HEM2025",1,"Tillandsia lautneri",15.7227777777778,-92.9436111111111,"2002-02-05","change1: Canonicalized scientificName to binomial and moved trailing authorship. | change2: Filled coordinateUncertaintyInMeters from decimal-place precision (conservative). | epi_taxo: acceptedName(match1); authorship_epig(match1); genus_from_scientificName; family_WFO; order_majorGroup_WCVP [2026-03-11] | CoordinateCleaner QA applied without sea test (validity, equal, zeros, capitals, centroids, gbif, institutions) [2026-03-29]","standardized authors names in identifiedBy","Colección","N.M.M.","A. Espejo & A.R.L.F."
"906","HEM2025_0906","PreservedSpecimen","Coleccion",NA,"UNICACH","SPECIES","HEM","V.M.","29","Perez-Farrera, M.A.","E","HEM2025",1,"Tillandsia lautneri",15.4805555555556,-92.6055555555556,"1998-10-13","change1: Canonicalized scientificName to binomial and moved trailing authorship. | change2: Filled coordinateUncertaintyInMeters from decimal-place precision (conservative). | epi_taxo: acceptedName(match1); authorship_epig(match1); genus_from_scientificName; family_WFO; order_majorGroup_WCVP [2026-03-11] | CoordinateCleaner QA applied without sea test (validity, equal, zeros, capitals, centroids, gbif, institutions) [2026-03-29]","standardized authors names in identifiedBy","Colección","V.M.","M.A. Pérez-Farrera"
"907","HEM2025_0907","PreservedSpecimen","Coleccion",NA,"UNICACH","SPECIES","HEM","N.M.M.","1097","N.M.M.","E","HEM2025",1,"Tillandsia leiboldiana",15.4593333333333,-92.6576111111111,"2005-07-23","change1: Filled coordinateUncertaintyInMeters from decimal-place precision (conservative). | epi_taxo: acceptedName(match1); authorship_epig(match1); genus_from_scientificName; family_WFO; order_majorGroup_WCVP [2026-03-11] | CoordinateCleaner QA applied without sea test (validity, equal, zeros, capitals, centroids, gbif, institutions) [2026-03-29]","","Colección","N.M.M.","N.M.M."
"908","HEM2025_0908","PreservedSpecimen","Coleccion",NA,"UNICACH","SPECIES","HEM","G.U. | E.M.S. | A.M.G.","87","Espejo, A. | A.R.L.F.","E","HEM2025",1,"Tillandsia leiboldiana",16.9913888888889,-91.6227777777778,"1987-05-24","change1: Filled coordinateUncertaintyInMeters from decimal-place precision (conservative). | epi_taxo: acceptedName(match1); authorship_epig(match1); genus_from_scientificName; family_WFO; order_majorGroup_WCVP [2026-03-11] | CoordinateCleaner QA applied without sea test (validity, equal, zeros, capitals, centroids, gbif, institutions) [2026-03-29]","standardized authors names in recordedBy / standardized authors names in identifiedBy","Colección","G.U. & E.M.S. & A.M.G.","A. Espejo & A.R.L.F."
"909","HEM2025_0909","PreservedSpecimen","Coleccion",NA,"UNICACH","SPECIES","HEM","A.M.G. | G.U. | E.M.S.","142","Espejo, A. | A.R.L.F.","E","HEM2025",1,"Tillandsia leiboldiana",17.3166666666667,-91.6930555555556,"1987-05-24","change1: Filled coordinateUncertaintyInMeters from decimal-place precision (conservative). | epi_taxo: acceptedName(match1); authorship_epig(match1); genus_from_scientificName; family_WFO; order_majorGroup_WCVP [2026-03-11] | CoordinateCleaner QA applied without sea test (validity, equal, zeros, capitals, centroids, gbif, institutions) [2026-03-29]","standardized authors names in recordedBy / standardized authors names in identifiedBy","Colección","A.M.G. & G.U. & E.M.S.","A. Espejo & A.R.L.F."
"910","HEM2025_0910","PreservedSpecimen","Coleccion",NA,"UNICACH","SPECIES","HEM","A.M.G. | G.U. | E.M.S.","144","Espejo, A. | A.R.L.F.","E","HEM2025",1,"Tillandsia leiboldiana",17.3166666666667,-91.6930555555556,"1987-05-24","change1: Filled coordinateUncertaintyInMeters from decimal-place precision (conservative). | epi_taxo: acceptedName(match1); authorship_epig(match1); genus_from_scientificName; family_WFO; order_majorGroup_WCVP [2026-03-11] | CoordinateCleaner QA applied without sea test (validity, equal, zeros, capitals, centroids, gbif, institutions) [2026-03-29]","standardized authors names in recordedBy / standardized authors names in identifiedBy","Colección","A.M.G. & G.U. & E.M.S.","A. Espejo & A.R.L.F."
"911","HEM2025_0911","PreservedSpecimen","Coleccion",NA,"UNICACH","SPECIES","HEM","Espejo, A. | A.R.L.F. | Riba, R. | B.P.G.","3971","Espejo, A. | A.R.L.F.","E","HEM2025",1,"Tillandsia leiboldiana",15.1108333333333,-92.1108333333333,"1989-10-02","change1: Filled coordinateUncertaintyInMeters from decimal-place precision (conservative). | epi_taxo: acceptedName(match1); authorship_epig(match1); genus_from_scientificName; family_WFO; order_majorGroup_WCVP [2026-03-11] | CoordinateCleaner QA applied without sea test (validity, equal, zeros, capitals, centroids, gbif, institutions) [2026-03-29]","standardized authors names in recordedBy / standardized authors names in identifiedBy","Colección","A. Espejo & A.R.L.F. & R. Riba & B.P.G.","A. Espejo & A.R.L.F."
"912","HEM2025_0912","PreservedSpecimen","Coleccion",NA,"UNICACH","SPECIES","HEM","N.M.M. | M.M.M. | R.V.H.","3513","N.M.M.","E","HEM2025",1,"Tillandsia leiboldiana",15.1057222222222,-92.0960277777778,"2014-09-24","change1: Filled coordinateUncertaintyInMeters from decimal-place precision (conservative). | epi_taxo: acceptedName(match1); authorship_epig(match1); genus_from_scientificName; family_WFO; order_majorGroup_WCVP [2026-03-11] | CoordinateCleaner QA applied without sea test (validity, equal, zeros, capitals, centroids, gbif, institutions) [2026-03-29]","standardized authors names in recordedBy","Colección","N.M.M. & M.M.M. & R.V.H.","N.M.M."
"913","HEM2025_0913","PreservedSpecimen","Coleccion",NA,"UNICACH","SPECIES","HEM","H.G.D.","1151","Espejo, A. | A.R.L.F.","E","HEM2025",1,"Tillandsia lucida",15.5490833333333,-92.6077222222222,"2005-08-06","change1: Filled coordinateUncertaintyInMeters from decimal-place precision (conservative). | epi_taxo: acceptedName(match1); authorship_epig(match1); genus_from_scientificName; family_WFO; order_majorGroup_WCVP [2026-03-11] | CoordinateCleaner QA applied without sea test (validity, equal, zeros, capitals, centroids, gbif, institutions) [2026-03-29]","standardized authors names in identifiedBy","Colección","H.G.D.","A. Espejo & A.R.L.F."
"914","HEM2025_0914","PreservedSpecimen","Coleccion",NA,"UNICACH","SPECIES","HEM","N.M.M.","1449","Espejo, A. | A.R.L.F.","E","HEM2025",1,"Tillandsia lucida",15.5516666666667,-92.6333333333333,"2006-03-25","change1: Filled coordinateUncertaintyInMeters from decimal-place precision (conservative). | epi_taxo: acceptedName(match1); authorship_epig(match1); genus_from_scientificName; family_WFO; order_majorGroup_WCVP [2026-03-11] | CoordinateCleaner QA applied without sea test (validity, equal, zeros, capitals, centroids, gbif, institutions) [2026-03-29]","standardized authors names in identifiedBy","Colección","N.M.M.","A. Espejo & A.R.L.F."
"915","HEM2025_0915","PreservedSpecimen","Coleccion",NA,"UNICACH","SPECIES","HEM","Perez-Farrera, M.A.","3017","N.M.M.","E","HEM2025",1,"Tillandsia lucida",16.2100555555556,-93.5839166666667,"2006-08-10","change1: Filled coordinateUncertaintyInMeters from decimal-place precision (conservative). | epi_taxo: acceptedName(match1); authorship_epig(match1); genus_from_scientificName; family_WFO; order_majorGroup_WCVP [2026-03-11] | CoordinateCleaner QA applied without sea test (validity, equal, zeros, capitals, centroids, gbif, institutions) [2026-03-29]","standardized authors names in recordedBy","Colección","M.A. Pérez-Farrera","N.M.M."
"916","HEM2025_0916","PreservedSpecimen","Coleccion",NA,"UNICACH","SPECIES","HEM","J.A.E.J.","970","J.M.M.","E","HEM2025",1,"Tillandsia lucida",17.0475666666667,-93.136,"2009-09-22","change1: Filled coordinateUncertaintyInMeters from decimal-place precision (conservative). | epi_taxo: acceptedName(match1); authorship_epig(match1); genus_from_scientificName; family_WFO; order_majorGroup_WCVP [2026-03-11] | CoordinateCleaner QA applied without sea test (validity, equal, zeros, capitals, centroids, gbif, institutions) [2026-03-29]","","Colección","J.A.E.J.","J.M.M."
"917","HEM2025_0917","PreservedSpecimen","Coleccion",NA,"UNICACH","SPECIES","HEM","Perez-Farrera, M.A.","1954","Espejo, A. | A.R.L.F.","E","HEM2025",3,"Vriesea incurvata",16.5108333333333,-94.1275,"1999-05-20","change1: Filled coordinateUncertaintyInMeters from decimal-place precision (conservative). | epi_taxo: acceptedName(match1); authorship_epig(match1); genus_from_scientificName; family_WFO; order_majorGroup_WCVP [2026-03-11] | CoordinateCleaner QA applied without sea test (validity, equal, zeros, capitals, centroids, gbif, institutions) [2026-03-29]","standardized authors names in recordedBy / standardized authors names in identifiedBy","Colección","M.A. Pérez-Farrera","A. Espejo & A.R.L.F."
"918","HEM2025_0918","PreservedSpecimen","Coleccion",NA,"UNICACH","SPECIES","HEM","C.B.T.E.","3","C.B.T.E.","E","HEM2025",1,"Tillandsia makoyana",15.7502472222222,-92.2811277777778,"2006-10-06","change1: Filled coordinateUncertaintyInMeters from decimal-place precision (conservative). | epi_taxo: acceptedName(match1); authorship_epig(match1); genus_from_scientificName; family_WFO; order_majorGroup_WCVP [2026-03-11] | CoordinateCleaner QA applied without sea test (validity, equal, zeros, capitals, centroids, gbif, institutions) [2026-03-29]","","Colección","C.B.T.E.","C.B.T.E."
"919","HEM2025_0919","PreservedSpecimen","Coleccion",NA,"UNICACH","SPECIES","HEM","M.M.M. | D.A.J.L.","3718","N.M.M.","E","HEM2025",1,"Tillandsia multicaulis",15.0851111111111,-92.1007222222222,"2014-01-21","change1: Filled coordinateUncertaintyInMeters from decimal-place precision (conservative). | epi_taxo: acceptedName(match1); authorship_epig(match1); genus_from_scientificName; family_WFO; order_majorGroup_WCVP [2026-03-11] | CoordinateCleaner QA applied without sea test (validity, equal, zeros, capitals, centroids, gbif, institutions) [2026-03-29]","standardized authors names in recordedBy","Colección","M.M.M. & D.A.J.L.","N.M.M."
"920","HEM2025_0920","PreservedSpecimen","Coleccion",NA,"UNICACH","SPECIES","HEM","M.M.M. | Camilo, R.M. | E.A.M.A. | M.I.L.R. | N.A.F.R.","4766","N.M.M.","E","HEM2025",1,"Tillandsia multicaulis",15.0926111111111,-92.1466944444444,"2014-07-07","change1: Filled coordinateUncertaintyInMeters from decimal-place precision (conservative). | epi_taxo: acceptedName(match1); authorship_epig(match1); genus_from_scientificName; family_WFO; order_majorGroup_WCVP [2026-03-11] | CoordinateCleaner QA applied without sea test (validity, equal, zeros, capitals, centroids, gbif, institutions) [2026-03-29]","standardized authors names in recordedBy","Colección","M.M.M. & R.M. Camilo & E.A.M.A. & M.I.L.R. & N.A.F.R.","N.M.M."
"921","HEM2025_0921","PreservedSpecimen","Coleccion",NA,"UNICACH","SPECIES","HEM","Camilo, R.M. | N.M.M.","2636","Camilo, R.M.","E","HEM2025",1,"Tillandsia multicaulis",15.0988611111111,-92.1681388888889,"2014-08-16","change1: Filled coordinateUncertaintyInMeters from decimal-place precision (conservative). | epi_taxo: acceptedName(match1); authorship_epig(match1); genus_from_scientificName; family_WFO; order_majorGroup_WCVP [2026-03-11] | CoordinateCleaner QA applied without sea test (validity, equal, zeros, capitals, centroids, gbif, institutions) [2026-03-29]","standardized authors names in recordedBy / standardized authors names in identifiedBy","Colección","R.M. Camilo & N.M.M.","R.M. Camilo"
"922","HEM2025_0922","PreservedSpecimen","Coleccion",NA,"UNICACH","SPECIES","HEM","E.M.S. | A.M.G. | G.U. | M.R.","19332","Espejo, A. | A.R.L.F.","E","HEM2025",1,"Tillandsia multicaulis",15.0902777777778,-92.1013888888889,"1987-02-03","change1: Filled coordinateUncertaintyInMeters from decimal-place precision (conservative). | epi_taxo: acceptedName(match1); authorship_epig(match1); genus_from_scientificName; family_WFO; order_majorGroup_WCVP [2026-03-11] | CoordinateCleaner QA applied without sea test (validity, equal, zeros, capitals, centroids, gbif, institutions) [2026-03-29]","standardized authors names in recordedBy / standardized authors names in identifiedBy","Colección","E.M.S. & A.M.G. & G.U. & M.R.","A. Espejo & A.R.L.F."
"923","HEM2025_0923","PreservedSpecimen","Coleccion",NA,"UNICACH","SPECIES","HEM","Perez-Farrera, M.A.","2270","C.R.B.B.","E","HEM2025",1,"Tillandsia multicaulis",17.1916666666667,-92.2658333333333,"2000-04-10","change1: Filled coordinateUncertaintyInMeters from decimal-place precision (conservative). | epi_taxo: acceptedName(match1); authorship_epig(match1); genus_from_scientificName; family_WFO; order_majorGroup_WCVP [2026-03-11] | CoordinateCleaner QA applied without sea test (validity, equal, zeros, capitals, centroids, gbif, institutions) [2026-03-29]","standardized authors names in recordedBy","Colección","M.A. Pérez-Farrera","C.R.B.B."
"924","HEM2025_0924","PreservedSpecimen","Coleccion",NA,"UNICACH","SPECIES","HEM","Perez-Farrera, M.A.","2270","C.R.B.B.","E","HEM2025",1,"Tillandsia multicaulis",17.1916666666667,-92.2658333333333,"2000-04-10","change1: Filled coordinateUncertaintyInMeters from decimal-place precision (conservative). | epi_taxo: acceptedName(match1); authorship_epig(match1); genus_from_scientificName; family_WFO; order_majorGroup_WCVP [2026-03-11] | CoordinateCleaner QA applied without sea test (validity, equal, zeros, capitals, centroids, gbif, institutions) [2026-03-29]","standardized authors names in recordedBy","Colección","M.A. Pérez-Farrera","C.R.B.B."
"925","HEM2025_0925","PreservedSpecimen","Coleccion",NA,"UNICACH","SPECIES","HEM","R.G.M.","125","R.G.M","E","HEM2025",3,"Tillandsia leonamiana",16.5423333333333,-94.1929166666667,"2017-03-19","change1: Filled coordinateUncertaintyInMeters from decimal-place precision (conservative). | epi_taxo: acceptedName(match1); authorship_epig(match1); genus_from_scientificName; family_WFO; order_majorGroup_WCVP [2026-03-11] | CoordinateCleaner QA applied without sea test (validity, equal, zeros, capitals, centroids, gbif, institutions) [2026-03-29]","standardized authors names in recordedBy","Colección","R.G.M","R.G.M"
"926","HEM2025_0926","PreservedSpecimen","Coleccion",NA,"UNICACH","SPECIES","HEM","F.G.G.","5","Espejo, A. | A.R.L.F.","E","HEM2025",1,"Tillandsia polystachia",16.8380277777778,-93.4465833333333,"2005-04-04","change1: Filled coordinateUncertaintyInMeters from decimal-place precision (conservative). | epi_taxo: acceptedName(match1); authorship_epig(match1); genus_from_scientificName; family_WFO; order_majorGroup_WCVP [2026-03-11] | CoordinateCleaner QA applied without sea test (validity, equal, zeros, capitals, centroids, gbif, institutions) [2026-03-29]","standardized authors names in identifiedBy","Colección","F.G.G.","A. Espejo & A.R.L.F."
"927","HEM2025_0927","PreservedSpecimen","Coleccion",NA,"UNICACH","SPECIES","HEM","G.L.M.","27","Espejo, A. | A.R.L.F.","E","HEM2025",1,"Tillandsia polystachia",16.8811111111111,-91.9611111111111,"2005-04-23","change1: Filled coordinateUncertaintyInMeters from decimal-place precision (conservative). | epi_taxo: acceptedName(match1); authorship_epig(match1); genus_from_scientificName; family_WFO; order_majorGroup_WCVP [2026-03-11] | CoordinateCleaner QA applied without sea test (validity, equal, zeros, capitals, centroids, gbif, institutions) [2026-03-29]","standardized authors names in identifiedBy","Colección","G.L.M.","A. Espejo & A.R.L.F."
"928","HEM2025_0928","PreservedSpecimen","Coleccion",NA,"UNICACH","SPECIES","HEM","F.E.P.C.","103","N.M.M.","E","HEM2025",1,"Tillandsia polystachia",15.4805555555556,-92.6055555555556,"1999-01-27","change1: Filled coordinateUncertaintyInMeters from decimal-place precision (conservative). | epi_taxo: acceptedName(match1); authorship_epig(match1); genus_from_scientificName; family_WFO; order_majorGroup_WCVP [2026-03-11] | CoordinateCleaner QA applied without sea test (validity, equal, zeros, capitals, centroids, gbif, institutions) [2026-03-29]","","Colección","F.E.P.C.","N.M.M."
"929","HEM2025_0929","PreservedSpecimen","Coleccion",NA,"UNICACH","SPECIES","HEM","V.M.","75-bis","N.M.M.","E","HEM2025",1,"Tillandsia polystachia",15.5791666666667,-92.5361111111111,"1999-01-28","change1: Filled coordinateUncertaintyInMeters from decimal-place precision (conservative). | epi_taxo: acceptedName(match1); authorship_epig(match1); genus_from_scientificName; family_WFO; order_majorGroup_WCVP [2026-03-11] | CoordinateCleaner QA applied without sea test (validity, equal, zeros, capitals, centroids, gbif, institutions) [2026-03-29]","","Colección","V.M.","N.M.M."
"930","HEM2025_0930","PreservedSpecimen","Coleccion",NA,"UNICACH","SPECIES","HEM","V.M.","75-bis","N.M.M.","E","HEM2025",1,"Tillandsia polystachia",15.5791666666667,-92.5361111111111,"1999-01-28","change1: Filled coordinateUncertaintyInMeters from decimal-place precision (conservative). | epi_taxo: acceptedName(match1); authorship_epig(match1); genus_from_scientificName; family_WFO; order_majorGroup_WCVP [2026-03-11] | CoordinateCleaner QA applied without sea test (validity, equal, zeros, capitals, centroids, gbif, institutions) [2026-03-29]","","Colección","V.M.","N.M.M."
"931","HEM2025_0931","PreservedSpecimen","Coleccion",NA,"UNICACH","SPECIES","HEM","G.U. | E.M.S. | A.M.G.","53-bis","Espejo, A. | A.R.L.F.","E","HEM2025",1,"Tillandsia polystachia",16.7944444444444,-93.1008333333333,"1987-02-18","change1: Filled coordinateUncertaintyInMeters from decimal-place precision (conservative). | epi_taxo: acceptedName(match1); authorship_epig(match1); genus_from_scientificName; family_WFO; order_majorGroup_WCVP [2026-03-11] | CoordinateCleaner QA applied without sea test (validity, equal, zeros, capitals, centroids, gbif, institutions) [2026-03-29]","standardized authors names in recordedBy / standardized authors names in identifiedBy","Colección","G.U. & E.M.S. & A.M.G.","A. Espejo & A.R.L.F."
"932","HEM2025_0932","PreservedSpecimen","Coleccion",NA,"UNICACH","SPECIES","HEM","G.U. | E.M.S. | A.M.G.","53-bis","Espejo, A. | A.R.L.F.","E","HEM2025",1,"Tillandsia polystachia",16.7944444444444,-93.1008333333333,"1987-02-18","change1: Filled coordinateUncertaintyInMeters from decimal-place precision (conservative). | epi_taxo: acceptedName(match1); authorship_epig(match1); genus_from_scientificName; family_WFO; order_majorGroup_WCVP [2026-03-11] | CoordinateCleaner QA applied without sea test (validity, equal, zeros, capitals, centroids, gbif, institutions) [2026-03-29]","standardized authors names in recordedBy / standardized authors names in identifiedBy","Colección","G.U. & E.M.S. & A.M.G.","A. Espejo & A.R.L.F."
"933","HEM2025_0933","PreservedSpecimen","Coleccion",NA,"UNICACH","SPECIES","HEM","Perez-Farrera, M.A.","2373","N.M.M.","E","HEM2025",1,"Tillandsia polystachia",17.4108333333333,-92.4775,"2000-04-13","change1: Filled coordinateUncertaintyInMeters from decimal-place precision (conservative). | epi_taxo: acceptedName(match1); authorship_epig(match1); genus_from_scientificName; family_WFO; order_majorGroup_WCVP [2026-03-11] | CoordinateCleaner QA applied without sea test (validity, equal, zeros, capitals, centroids, gbif, institutions) [2026-03-29]","standardized authors names in recordedBy","Colección","M.A. Pérez-Farrera","N.M.M."
"934","HEM2025_0934","PreservedSpecimen","Coleccion",NA,"UNICACH","SPECIES","HEM","Perez-Farrera, M.A.","2373","N.M.M.","E","HEM2025",1,"Tillandsia polystachia",17.4108333333333,-92.4775,"2000-04-13","change1: Filled coordinateUncertaintyInMeters from decimal-place precision (conservative). | epi_taxo: acceptedName(match1); authorship_epig(match1); genus_from_scientificName; family_WFO; order_majorGroup_WCVP [2026-03-11] | CoordinateCleaner QA applied without sea test (validity, equal, zeros, capitals, centroids, gbif, institutions) [2026-03-29]","standardized authors names in recordedBy","Colección","M.A. Pérez-Farrera","N.M.M."
"935","HEM2025_0935","PreservedSpecimen","Coleccion",NA,"UNICACH","SPECIES","HEM","M.M.M. | M.A.D.V.","901","N.M.M. | J.M.M.","E","HEM2025",1,"Tillandsia polystachia",15.2828333333333,-92.2869388888889,"2013-03-03","change1: Filled coordinateUncertaintyInMeters from decimal-place precision (conservative). | epi_taxo: acceptedName(match1); authorship_epig(match1); genus_from_scientificName; family_WFO; order_majorGroup_WCVP [2026-03-11] | CoordinateCleaner QA applied without sea test (validity, equal, zeros, capitals, centroids, gbif, institutions) [2026-03-29]","standardized authors names in recordedBy / standardized authors names in identifiedBy","Colección","M.M.M. & M.A.D.V.","N.M.M. & J.M.M."
"936","HEM2025_0936","PreservedSpecimen","Coleccion",NA,"UNICACH","SPECIES","HEM","N.M.M. | M.M.M. | E.C.N.","3961","N.M.M. | Camilo, R.M.","E","HEM2025",1,"Tillandsia polystachia",15.1032777777778,-92.1645555555556,"2015-03-10","change1: Filled coordinateUncertaintyInMeters from decimal-place precision (conservative). | epi_taxo: acceptedName(match1); authorship_epig(match1); genus_from_scientificName; family_WFO; order_majorGroup_WCVP [2026-03-11] | CoordinateCleaner QA applied without sea test (validity, equal, zeros, capitals, centroids, gbif, institutions) [2026-03-29]","standardized authors names in recordedBy / standardized authors names in identifiedBy","Colección","N.M.M. & M.M.M. & E.C.N.","N.M.M. & R.M. Camilo"
"937","HEM2025_0937","PreservedSpecimen","Coleccion",NA,"UNICACH","SPECIES","HEM","N.M.M. | M.M.M. | E.C.N.","4040","N.M.M. | Camilo, R.M.","E","HEM2025",1,"Tillandsia polystachia",15.1146388888889,-92.1527222222222,"2015-03-12","change1: Filled coordinateUncertaintyInMeters from decimal-place precision (conservative). | epi_taxo: acceptedName(match1); authorship_epig(match1); genus_from_scientificName; family_WFO; order_majorGroup_WCVP [2026-03-11] | CoordinateCleaner QA applied without sea test (validity, equal, zeros, capitals, centroids, gbif, institutions) [2026-03-29]","standardized authors names in recordedBy / standardized authors names in identifiedBy","Colección","N.M.M. & M.M.M. & E.C.N.","N.M.M. & R.M. Camilo"
"938","HEM2025_0938","PreservedSpecimen","Coleccion",NA,"UNICACH","SPECIES","HEM","G.U. | E.M.S. | A.M.G.","53","Espejo, A. | A.R.L.F.","E","HEM2025",1,"Tillandsia polystachia",16.7944444444444,-93.1008333333333,"1987-02-18","change1: Filled coordinateUncertaintyInMeters from decimal-place precision (conservative). | epi_taxo: acceptedName(match1); authorship_epig(match1); genus_from_scientificName; family_WFO; order_majorGroup_WCVP [2026-03-11] | CoordinateCleaner QA applied without sea test (validity, equal, zeros, capitals, centroids, gbif, institutions) [2026-03-29]","standardized authors names in recordedBy / standardized authors names in identifiedBy","Colección","G.U. & E.M.S. & A.M.G.","A. Espejo & A.R.L.F."
"939","HEM2025_0939","PreservedSpecimen","Coleccion",NA,"UNICACH","SPECIES","HEM","G.U. | E.M.S. | A.M.G.","53","Espejo, A. | A.R.L.F.","E","HEM2025",1,"Tillandsia polystachia",16.7944444444444,-93.1008333333333,"1987-02-18","change1: Filled coordinateUncertaintyInMeters from decimal-place precision (conservative). | epi_taxo: acceptedName(match1); authorship_epig(match1); genus_from_scientificName; family_WFO; order_majorGroup_WCVP [2026-03-11] | CoordinateCleaner QA applied without sea test (validity, equal, zeros, capitals, centroids, gbif, institutions) [2026-03-29]","standardized authors names in recordedBy / standardized authors names in identifiedBy","Colección","G.U. & E.M.S. & A.M.G.","A. Espejo & A.R.L.F."
"940","HEM2025_0940","PreservedSpecimen","Coleccion",NA,"UNICACH","SPECIES","HEM","J.L.H.V.","34","Espejo, A. | A.R.L.F.","E","HEM2025",1,"Tillandsia polystachia",17.1725,-92.3455555555555,"2002-04-09","change1: Filled coordinateUncertaintyInMeters from decimal-place precision (conservative). | epi_taxo: acceptedName(match1); authorship_epig(match1); genus_from_scientificName; family_WFO; order_majorGroup_WCVP [2026-03-11] | CoordinateCleaner QA applied without sea test (validity, equal, zeros, capitals, centroids, gbif, institutions) [2026-03-29]","standardized authors names in identifiedBy","Colección","J.L.H.V.","A. Espejo & A.R.L.F."
"941","HEM2025_0941","PreservedSpecimen","Coleccion",NA,"UNICACH","SPECIES","HEM","J.L.H.V.","34","Espejo, A. | A.R.L.F.","E","HEM2025",1,"Tillandsia polystachia",17.1725,-92.3455555555555,"2002-04-09","change1: Filled coordinateUncertaintyInMeters from decimal-place precision (conservative). | epi_taxo: acceptedName(match1); authorship_epig(match1); genus_from_scientificName; family_WFO; order_majorGroup_WCVP [2026-03-11] | CoordinateCleaner QA applied without sea test (validity, equal, zeros, capitals, centroids, gbif, institutions) [2026-03-29]","standardized authors names in identifiedBy","Colección","J.L.H.V.","A. Espejo & A.R.L.F."
"942","HEM2025_0942","PreservedSpecimen","Coleccion",NA,"UNICACH","SPECIES","HEM","E.R.B.","23","Espejo, A. | A.R.L.F.","E","HEM2025",1,"Tillandsia polystachia",16.8716666666667,-93.2058333333333,"2002-10-12","change1: Filled coordinateUncertaintyInMeters from decimal-place precision (conservative). | epi_taxo: acceptedName(match1); authorship_epig(match1); genus_from_scientificName; family_WFO; order_majorGroup_WCVP [2026-03-11] | CoordinateCleaner QA applied without sea test (validity, equal, zeros, capitals, centroids, gbif, institutions) [2026-03-29]","standardized authors names in identifiedBy","Colección","E.R.B.","A. Espejo & A.R.L.F."
"943","HEM2025_0943","PreservedSpecimen","Coleccion",NA,"UNICACH","SPECIES","HEM","Perez-Farrera, M.A.","2373","Espejo, A. | A.R.L.F.","E","HEM2025",1,"Tillandsia polystachia",17.2302777777778,-92.4108333333333,"2000-04-13","change1: Filled coordinateUncertaintyInMeters from decimal-place precision (conservative). | epi_taxo: acceptedName(match1); authorship_epig(match1); genus_from_scientificName; family_WFO; order_majorGroup_WCVP [2026-03-11] | CoordinateCleaner QA applied without sea test (validity, equal, zeros, capitals, centroids, gbif, institutions) [2026-03-29]","standardized authors names in recordedBy / standardized authors names in identifiedBy","Colección","M.A. Pérez-Farrera","A. Espejo & A.R.L.F."
"944","HEM2025_0944","PreservedSpecimen","Coleccion",NA,"UNICACH","SPECIES","HEM","Perez-Farrera, M.A.","2373","Espejo, A. | A.R.L.F.","E","HEM2025",1,"Tillandsia polystachia",17.2302777777778,-92.4108333333333,"2000-04-13","change1: Filled coordinateUncertaintyInMeters from decimal-place precision (conservative). | epi_taxo: acceptedName(match1); authorship_epig(match1); genus_from_scientificName; family_WFO; order_majorGroup_WCVP [2026-03-11] | CoordinateCleaner QA applied without sea test (validity, equal, zeros, capitals, centroids, gbif, institutions) [2026-03-29]","standardized authors names in recordedBy / standardized authors names in identifiedBy","Colección","M.A. Pérez-Farrera","A. Espejo & A.R.L.F."
"945","HEM2025_0945","PreservedSpecimen","Coleccion",NA,"UNICACH","SPECIES","HEM","A.S.N.V.","9","Espejo, A. | A.R.L.F.","E","HEM2025",1,"Tillandsia polystachia",16.0469444444444,-93.3788888888889,"2002-04-29","change1: Filled coordinateUncertaintyInMeters from decimal-place precision (conservative). | epi_taxo: acceptedName(match1); authorship_epig(match1); genus_from_scientificName; family_WFO; order_majorGroup_WCVP [2026-03-11] | CoordinateCleaner QA applied without sea test (validity, equal, zeros, capitals, centroids, gbif, institutions) [2026-03-29]","standardized authors names in identifiedBy","Colección","A.S.N.V.","A. Espejo & A.R.L.F."
"946","HEM2025_0946","PreservedSpecimen","Coleccion",NA,"UNICACH","SPECIES","HEM","A.S.N.V.","9","Espejo, A. | A.R.L.F.","E","HEM2025",1,"Tillandsia polystachia",16.0469444444444,-93.3788888888889,"2002-04-29","change1: Filled coordinateUncertaintyInMeters from decimal-place precision (conservative). | epi_taxo: acceptedName(match1); authorship_epig(match1); genus_from_scientificName; family_WFO; order_majorGroup_WCVP [2026-03-11] | CoordinateCleaner QA applied without sea test (validity, equal, zeros, capitals, centroids, gbif, institutions) [2026-03-29]","standardized authors names in identifiedBy","Colección","A.S.N.V.","A. Espejo & A.R.L.F."
"947","HEM2025_0947","PreservedSpecimen","Coleccion",NA,"UNICACH","SPECIES","HEM","Perez-Farrera, M.A.","2954","Espejo, A. | A.R.L.F.","E","HEM2025",1,"Tillandsia ponderosa",15.6566666666667,-92.8080555555556,"2000-03-13","change1: Filled coordinateUncertaintyInMeters from decimal-place precision (conservative). | epi_taxo: acceptedName(match1); authorship_epig(match1); genus_from_scientificName; family_WFO; order_majorGroup_WCVP [2026-03-11] | CoordinateCleaner QA applied without sea test (validity, equal, zeros, capitals, centroids, gbif, institutions) [2026-03-29]","standardized authors names in recordedBy / standardized authors names in identifiedBy","Colección","M.A. Pérez-Farrera","A. Espejo & A.R.L.F."
"948","HEM2025_0948","PreservedSpecimen","Coleccion",NA,"UNICACH","SPECIES","HEM","N.M.M.","7963","N.M.M.","E","HEM2025",1,"Tillandsia ponderosa",15.7,-92.9361111111111,"2005-04-21","change1: Filled coordinateUncertaintyInMeters from decimal-place precision (conservative). | epi_taxo: acceptedName(match1); authorship_epig(match1); genus_from_scientificName; family_WFO; order_majorGroup_WCVP [2026-03-11] | CoordinateCleaner QA applied without sea test (validity, equal, zeros, capitals, centroids, gbif, institutions) [2026-03-29]","","Colección","N.M.M.","N.M.M."
"949","HEM2025_0949","PreservedSpecimen","Coleccion",NA,"UNICACH","SPECIES","HEM","M.D.R.S.","156","R.R.S.","E","HEM2025",1,"Tillandsia ponderosa",15.5991388888889,-92.6927777777778,"2005-06-13","change1: Filled coordinateUncertaintyInMeters from decimal-place precision (conservative). | epi_taxo: acceptedName(match1); authorship_epig(match1); genus_from_scientificName; family_WFO; order_majorGroup_WCVP [2026-03-11] | CoordinateCleaner QA applied without sea test (validity, equal, zeros, capitals, centroids, gbif, institutions) [2026-03-29]","","Colección","M.D.R.S.","R.R.S."
"950","HEM2025_0950","PreservedSpecimen","Coleccion",NA,"UNICACH","SPECIES","HEM","J.M.M.","821","J.M.M.","E","HEM2025",1,"Tillandsia ponderosa",15.8213888888889,-93.0488888888889,"2005-04-22","change1: Filled coordinateUncertaintyInMeters from decimal-place precision (conservative). | epi_taxo: acceptedName(match1); authorship_epig(match1); genus_from_scientificName; family_WFO; order_majorGroup_WCVP [2026-03-11] | CoordinateCleaner QA applied without sea test (validity, equal, zeros, capitals, centroids, gbif, institutions) [2026-03-29]","","Colección","J.M.M.","J.M.M."
"951","HEM2025_0951","PreservedSpecimen","Coleccion",NA,"UNICACH","SPECIES","HEM","C.A.P.B.","44","C.A.P.B.","E","HEM2025",1,"Tillandsia ponderosa",16.1947222222222,-93.61,"2005-07-03","change1: Filled coordinateUncertaintyInMeters from decimal-place precision (conservative). | epi_taxo: acceptedName(match1); authorship_epig(match1); genus_from_scientificName; family_WFO; order_majorGroup_WCVP [2026-03-11] | CoordinateCleaner QA applied without sea test (validity, equal, zeros, capitals, centroids, gbif, institutions) [2026-03-29]","","Colección","C.A.P.B.","C.A.P.B."
"952","HEM2025_0952","PreservedSpecimen","Coleccion",NA,"UNICACH","SPECIES","HEM","J.M.M.","1218","J.M.M.","E","HEM2025",1,"Tillandsia ponderosa",15.4841388888889,-92.6805277777778,"2006-03-23","change1: Filled coordinateUncertaintyInMeters from decimal-place precision (conservative). | epi_taxo: acceptedName(match1); authorship_epig(match1); genus_from_scientificName; family_WFO; order_majorGroup_WCVP [2026-03-11] | CoordinateCleaner QA applied without sea test (validity, equal, zeros, capitals, centroids, gbif, institutions) [2026-03-29]","","Colección","J.M.M.","J.M.M."
"953","HEM2025_0953","PreservedSpecimen","Coleccion",NA,"UNICACH","SPECIES","HEM","M.D.G.","24","Espejo, A. | A.R.L.F.","E","HEM2025",1,"Tillandsia ponderosa",16.7366666666667,-92.235,"2005-11-15","change1: Filled coordinateUncertaintyInMeters from decimal-place precision (conservative). | epi_taxo: acceptedName(match1); authorship_epig(match1); genus_from_scientificName; family_WFO; order_majorGroup_WCVP [2026-03-11] | CoordinateCleaner QA applied without sea test (validity, equal, zeros, capitals, centroids, gbif, institutions) [2026-03-29]","standardized authors names in identifiedBy","Colección","M.D.G.","A. Espejo & A.R.L.F."
"954","HEM2025_0954","PreservedSpecimen","Coleccion",NA,"UNICACH","SPECIES","HEM","M.M.M. | M.D.E.M.","1382","N.M.M. | J.M.M.","E","HEM2025",1,"Tillandsia ponderosa",15.0844166666667,-92.10275,"2013-04-30","change1: Filled coordinateUncertaintyInMeters from decimal-place precision (conservative). | epi_taxo: acceptedName(match1); authorship_epig(match1); genus_from_scientificName; family_WFO; order_majorGroup_WCVP [2026-03-11] | CoordinateCleaner QA applied without sea test (validity, equal, zeros, capitals, centroids, gbif, institutions) [2026-03-29]","standardized authors names in recordedBy / standardized authors names in identifiedBy","Colección","M.M.M. & M.D.E.M.","N.M.M. & J.M.M."
"955","HEM2025_0955","PreservedSpecimen","Coleccion",NA,"UNICACH","SPECIES","HEM","M.M.M. | M.D.E.M.","1599","N.M.M. | J.M.M.","E","HEM2025",1,"Tillandsia ponderosa",15.0990833333333,-92.0988333333333,"2013-05-03","change1: Filled coordinateUncertaintyInMeters from decimal-place precision (conservative). | epi_taxo: acceptedName(match1); authorship_epig(match1); genus_from_scientificName; family_WFO; order_majorGroup_WCVP [2026-03-11] | CoordinateCleaner QA applied without sea test (validity, equal, zeros, capitals, centroids, gbif, institutions) [2026-03-29]","standardized authors names in recordedBy / standardized authors names in identifiedBy","Colección","M.M.M. & M.D.E.M.","N.M.M. & J.M.M."
"956","HEM2025_0956","PreservedSpecimen","Coleccion",NA,"UNICACH","SPECIES","HEM","M.M.M. | M.A.D.V.","1760","N.M.M. | J.M.M.","E","HEM2025",1,"Tillandsia ponderosa",15.0959444444444,-92.11525,"2013-05-26","change1: Filled coordinateUncertaintyInMeters from decimal-place precision (conservative). | epi_taxo: acceptedName(match1); authorship_epig(match1); genus_from_scientificName; family_WFO; order_majorGroup_WCVP [2026-03-11] | CoordinateCleaner QA applied without sea test (validity, equal, zeros, capitals, centroids, gbif, institutions) [2026-03-29]","standardized authors names in recordedBy / standardized authors names in identifiedBy","Colección","M.M.M. & M.A.D.V.","N.M.M. & J.M.M."
"957","HEM2025_0957","PreservedSpecimen","Coleccion",NA,"UNICACH","SPECIES","HEM","M.M.M. | M.A.D.V.","1820","N.M.M. | J.M.M.","E","HEM2025",1,"Tillandsia ponderosa",15.0901111111111,-92.1044722222222,"2013-05-28","change1: Filled coordinateUncertaintyInMeters from decimal-place precision (conservative). | epi_taxo: acceptedName(match1); authorship_epig(match1); genus_from_scientificName; family_WFO; order_majorGroup_WCVP [2026-03-11] | CoordinateCleaner QA applied without sea test (validity, equal, zeros, capitals, centroids, gbif, institutions) [2026-03-29]","standardized authors names in recordedBy / standardized authors names in identifiedBy","Colección","M.M.M. & M.A.D.V.","N.M.M. & J.M.M."
"958","HEM2025_0958","PreservedSpecimen","Coleccion",NA,"UNICACH","SPECIES","HEM","M.M.M. | M.A.D.V.","2222","N.M.M. | J.M.M.","E","HEM2025",1,"Tillandsia ponderosa",15.0901666666667,-92.1060277777778,"2013-07-04","change1: Filled coordinateUncertaintyInMeters from decimal-place precision (conservative). | epi_taxo: acceptedName(match1); authorship_epig(match1); genus_from_scientificName; family_WFO; order_majorGroup_WCVP [2026-03-11] | CoordinateCleaner QA applied without sea test (validity, equal, zeros, capitals, centroids, gbif, institutions) [2026-03-29]","standardized authors names in recordedBy / standardized authors names in identifiedBy","Colección","M.M.M. & M.A.D.V.","N.M.M. & J.M.M."
"959","HEM2025_0959","PreservedSpecimen","Coleccion",NA,"UNICACH","SPECIES","HEM","M.M.M. | M.C.R.M.","2854","N.M.M.","E","HEM2025",1,"Tillandsia ponderosa",15.1546944444444,-92.1363888888889,"2013-11-19","change1: Filled coordinateUncertaintyInMeters from decimal-place precision (conservative). | epi_taxo: acceptedName(match1); authorship_epig(match1); genus_from_scientificName; family_WFO; order_majorGroup_WCVP [2026-03-11] | CoordinateCleaner QA applied without sea test (validity, equal, zeros, capitals, centroids, gbif, institutions) [2026-03-29]","standardized authors names in recordedBy","Colección","M.M.M. & M.C.R.M.","N.M.M."
"960","HEM2025_0960","PreservedSpecimen","Coleccion",NA,"UNICACH","SPECIES","HEM","M.M.M. | M.C.R.M.","3902","N.M.M.","E","HEM2025",1,"Tillandsia ponderosa",15.1434722222222,-92.1468888888889,"2014-02-01","change1: Filled coordinateUncertaintyInMeters from decimal-place precision (conservative). | epi_taxo: acceptedName(match1); authorship_epig(match1); genus_from_scientificName; family_WFO; order_majorGroup_WCVP [2026-03-11] | CoordinateCleaner QA applied without sea test (validity, equal, zeros, capitals, centroids, gbif, institutions) [2026-03-29]","standardized authors names in recordedBy","Colección","M.M.M. & M.C.R.M.","N.M.M."
"961","HEM2025_0961","PreservedSpecimen","Coleccion",NA,"UNICACH","SPECIES","HEM","M.M.M. | N.M.M. | R.J.R.V. | E.C.N.","4308","N.M.M.","E","HEM2025",1,"Tillandsia ponderosa",15.096,-92.1404722222222,"2014-06-18","change1: Filled coordinateUncertaintyInMeters from decimal-place precision (conservative). | epi_taxo: acceptedName(match1); authorship_epig(match1); genus_from_scientificName; family_WFO; order_majorGroup_WCVP [2026-03-11] | CoordinateCleaner QA applied without sea test (validity, equal, zeros, capitals, centroids, gbif, institutions) [2026-03-29]","standardized authors names in recordedBy","Colección","M.M.M. & N.M.M. & R.J.R.V. & E.C.N.","N.M.M."
"962","HEM2025_0962","PreservedSpecimen","Coleccion",NA,"UNICACH","SPECIES","HEM","M.M.M. | N.M.M. | R.J.R.V. | E.C.N.","4390","M.M.M.","E","HEM2025",1,"Tillandsia ponderosa",15.0996666666667,-92.1376944444444,"2014-06-19","change1: Filled coordinateUncertaintyInMeters from decimal-place precision (conservative). | epi_taxo: acceptedName(match1); authorship_epig(match1); genus_from_scientificName; family_WFO; order_majorGroup_WCVP [2026-03-11] | CoordinateCleaner QA applied without sea test (validity, equal, zeros, capitals, centroids, gbif, institutions) [2026-03-29]","standardized authors names in recordedBy","Colección","M.M.M. & N.M.M. & R.J.R.V. & E.C.N.","M.M.M."
"963","HEM2025_0963","PreservedSpecimen","Coleccion",NA,"UNICACH","SPECIES","HEM","N.M.M. | M.M.M. | E.C.N.","4032","N.M.M. | Camilo, R.M.","E","HEM2025",1,"Tillandsia ponderosa",15.1146388888889,-92.1527222222222,"2015-03-12","change1: Filled coordinateUncertaintyInMeters from decimal-place precision (conservative). | epi_taxo: acceptedName(match1); authorship_epig(match1); genus_from_scientificName; family_WFO; order_majorGroup_WCVP [2026-03-11] | CoordinateCleaner QA applied without sea test (validity, equal, zeros, capitals, centroids, gbif, institutions) [2026-03-29]","standardized authors names in recordedBy / standardized authors names in identifiedBy","Colección","N.M.M. & M.M.M. & E.C.N.","N.M.M. & R.M. Camilo"
"964","HEM2025_0964","PreservedSpecimen","Coleccion",NA,"UNICACH","SPECIES","HEM","M.M.M. | S.H.J. | J.A.B.B.","5874","N.M.M.","E","HEM2025",1,"Tillandsia ponderosa",15.2288611111111,-92.3057777777778,"2015-05-02","change1: Filled coordinateUncertaintyInMeters from decimal-place precision (conservative). | epi_taxo: acceptedName(match1); authorship_epig(match1); genus_from_scientificName; family_WFO; order_majorGroup_WCVP [2026-03-11] | CoordinateCleaner QA applied without sea test (validity, equal, zeros, capitals, centroids, gbif, institutions) [2026-03-29]","standardized authors names in recordedBy","Colección","M.M.M. & S.H.J. & J.A.B.B.","N.M.M."
"965","HEM2025_0965","PreservedSpecimen","Coleccion",NA,"UNICACH","SPECIES","HEM","M.M.M. | S.H.J. | V.E.G.J.","5977","N.M.M.","E","HEM2025",1,"Tillandsia ponderosa",15.2297777777778,-92.317,"2015-05-30","change1: Filled coordinateUncertaintyInMeters from decimal-place precision (conservative). | epi_taxo: acceptedName(match1); authorship_epig(match1); genus_from_scientificName; family_WFO; order_majorGroup_WCVP [2026-03-11] | CoordinateCleaner QA applied without sea test (validity, equal, zeros, capitals, centroids, gbif, institutions) [2026-03-29]","standardized authors names in recordedBy","Colección","M.M.M. & S.H.J. & V.E.G.J.","N.M.M."
"966","HEM2025_0966","PreservedSpecimen","Coleccion",NA,"UNICACH","SPECIES","HEM","G.C.L.H.","100","Espejo, A. | A.R.L.F.","E","HEM2025",1,"Tillandsia ponderosa",15.7227777777778,-92.9436111111111,"2002-03-02","change1: Filled coordinateUncertaintyInMeters from decimal-place precision (conservative). | epi_taxo: acceptedName(match1); authorship_epig(match1); genus_from_scientificName; family_WFO; order_majorGroup_WCVP [2026-03-11] | CoordinateCleaner QA applied without sea test (validity, equal, zeros, capitals, centroids, gbif, institutions) [2026-03-29]","standardized authors names in identifiedBy","Colección","G.C.L.H.","A. Espejo & A.R.L.F."
"967","HEM2025_0967","PreservedSpecimen","Coleccion",NA,"UNICACH","SPECIES","HEM","A.R.G. | J.C.S. | M.E.L.V. | Cruz, D.","4412","Espejo, A. | A.R.L.F.","E","HEM2025",1,"Tillandsia ponderosa",16.1963888888889,-93.6094444444444,"2002-04-19","change1: Filled coordinateUncertaintyInMeters from decimal-place precision (conservative). | epi_taxo: acceptedName(match1); authorship_epig(match1); genus_from_scientificName; family_WFO; order_majorGroup_WCVP [2026-03-11] | CoordinateCleaner QA applied without sea test (validity, equal, zeros, capitals, centroids, gbif, institutions) [2026-03-29]","standardized authors names in recordedBy / standardized authors names in identifiedBy","Colección","A.R.G. & J.C.S. & M.E.L.V. & D. Cruz","A. Espejo & A.R.L.F."
"968","HEM2025_0968","PreservedSpecimen","Coleccion",NA,"UNICACH","SPECIES","HEM","Perez-Farrera, M.A.","894","Espejo, A. | A.R.L.F.","E","HEM2025",1,"Tillandsia pruinosa",17.5041666666667,-92.8663888888889,"1996-04-16","change1: Filled coordinateUncertaintyInMeters from decimal-place precision (conservative). | epi_taxo: acceptedName(match1); authorship_epig(match1); genus_from_scientificName; family_WFO; order_majorGroup_WCVP [2026-03-11] | CoordinateCleaner QA applied without sea test (validity, equal, zeros, capitals, centroids, gbif, institutions) [2026-03-29]","standardized authors names in recordedBy / standardized authors names in identifiedBy","Colección","M.A. Pérez-Farrera","A. Espejo & A.R.L.F."
"969","HEM2025_0969","PreservedSpecimen","Coleccion",NA,"UNICACH","SPECIES","HEM","Perez-Farrera, M.A.","894","Espejo, A. | A.R.L.F.","E","HEM2025",1,"Tillandsia pruinosa",17.5041666666667,-92.8663888888889,"1996-04-16","change1: Filled coordinateUncertaintyInMeters from decimal-place precision (conservative). | epi_taxo: acceptedName(match1); authorship_epig(match1); genus_from_scientificName; family_WFO; order_majorGroup_WCVP [2026-03-11] | CoordinateCleaner QA applied without sea test (validity, equal, zeros, capitals, centroids, gbif, institutions) [2026-03-29]","standardized authors names in recordedBy / standardized authors names in identifiedBy","Colección","M.A. Pérez-Farrera","A. Espejo & A.R.L.F."
"970","HEM2025_0970","PreservedSpecimen","Coleccion",NA,"UNICACH","SPECIES","HEM","M.A.B.R.","162","Espejo, A. | A.R.L.F.","E","HEM2025",1,"Tillandsia pseudobaileyi",16.9976777777778,-93.1188555555556,"2009-10-29","change1: Filled coordinateUncertaintyInMeters from decimal-place precision (conservative). | epi_taxo: acceptedName(match1); authorship_epig(match1); genus_from_scientificName; family_WFO; order_majorGroup_WCVP [2026-03-11] | CoordinateCleaner QA applied without sea test (validity, equal, zeros, capitals, centroids, gbif, institutions) [2026-03-29]","standardized authors names in identifiedBy","Colección","M.A.B.R.","A. Espejo & A.R.L.F."
"971","HEM2025_0971","PreservedSpecimen","Coleccion",NA,"UNICACH","SPECIES","HEM","A.L.C.","795","Espejo, A. | A.R.L.F.","E","HEM2025",1,"Tillandsia pseudobaileyi",16.9183833333333,-93.0350722222222,"2009-07-10","change1: Filled coordinateUncertaintyInMeters from decimal-place precision (conservative). | epi_taxo: acceptedName(match1); authorship_epig(match1); genus_from_scientificName; family_WFO; order_majorGroup_WCVP [2026-03-11] | CoordinateCleaner QA applied without sea test (validity, equal, zeros, capitals, centroids, gbif, institutions) [2026-03-29]","standardized authors names in identifiedBy","Colección","A.L.C.","A. Espejo & A.R.L.F."
"972","HEM2025_0972","PreservedSpecimen","Coleccion",NA,"UNICACH","SPECIES","HEM","N.M.M.","649","Espejo, A. | A.R.L.F.","E","HEM2025",1,"Tillandsia punctulata",15.6396388888889,-92.6553611111111,"2005-01-17","change1: Filled coordinateUncertaintyInMeters from decimal-place precision (conservative). | epi_taxo: acceptedName(match1); authorship_epig(match1); genus_from_scientificName; family_WFO; order_majorGroup_WCVP [2026-03-11] | CoordinateCleaner QA applied without sea test (validity, equal, zeros, capitals, centroids, gbif, institutions) [2026-03-29]","standardized authors names in identifiedBy","Colección","N.M.M.","A. Espejo & A.R.L.F."
"973","HEM2025_0973","PreservedSpecimen","Coleccion",NA,"UNICACH","SPECIES","HEM","M.E.L.M.","654","N.M.M.","E","HEM2025",1,"Tillandsia punctulata",16.2063611111111,-92.1325416666667,"2005-06-21","change1: Filled coordinateUncertaintyInMeters from decimal-place precision (conservative). | epi_taxo: acceptedName(match1); authorship_epig(match1); genus_from_scientificName; family_WFO; order_majorGroup_WCVP [2026-03-11] | CoordinateCleaner QA applied without sea test (validity, equal, zeros, capitals, centroids, gbif, institutions) [2026-03-29]","","Colección","M.E.L.M.","N.M.M."
"974","HEM2025_0974","PreservedSpecimen","Coleccion",NA,"UNICACH","SPECIES","HEM","F.E.P.C.","123","F.E.P.C.","E","HEM2025",1,"Tillandsia punctulata",15.8244444444444,-93.0630555555556,"1999-02-11","change1: Filled coordinateUncertaintyInMeters from decimal-place precision (conservative). | epi_taxo: acceptedName(match1); authorship_epig(match1); genus_from_scientificName; family_WFO; order_majorGroup_WCVP [2026-03-11] | CoordinateCleaner QA applied without sea test (validity, equal, zeros, capitals, centroids, gbif, institutions) [2026-03-29]","","Colección","F.E.P.C.","F.E.P.C."
"975","HEM2025_0975","PreservedSpecimen","Coleccion",NA,"UNICACH","SPECIES","HEM","H.G.D.","309","O.F.S.","E","HEM2025",1,"Tillandsia punctulata",16.01,-93.3122222222222,"2003-05-02","change1: Filled coordinateUncertaintyInMeters from decimal-place precision (conservative). | epi_taxo: acceptedName(match1); authorship_epig(match1); genus_from_scientificName; family_WFO; order_majorGroup_WCVP [2026-03-11] | CoordinateCleaner QA applied without sea test (validity, equal, zeros, capitals, centroids, gbif, institutions) [2026-03-29]","","Colección","H.G.D.","O.F.S."
"976","HEM2025_0976","PreservedSpecimen","Coleccion",NA,"UNICACH","SPECIES","HEM","G.C.L.H.","81","Espejo, A. | A.R.L.F.","E","HEM2025",1,"Tillandsia punctulata",15.7344444444444,-92.9341666666667,"2001-08-30","change1: Filled coordinateUncertaintyInMeters from decimal-place precision (conservative). | epi_taxo: acceptedName(match1); authorship_epig(match1); genus_from_scientificName; family_WFO; order_majorGroup_WCVP [2026-03-11] | CoordinateCleaner QA applied without sea test (validity, equal, zeros, capitals, centroids, gbif, institutions) [2026-03-29]","standardized authors names in identifiedBy","Colección","G.C.L.H.","A. Espejo & A.R.L.F."
"977","HEM2025_0977","PreservedSpecimen","Coleccion",NA,"UNICACH","SPECIES","HEM","N.M.M.","1467","N.M.M.","E","HEM2025",1,"Tillandsia punctulata",15.5516666666667,-92.6333333333333,"2006-03-25","change1: Filled coordinateUncertaintyInMeters from decimal-place precision (conservative). | epi_taxo: acceptedName(match1); authorship_epig(match1); genus_from_scientificName; family_WFO; order_majorGroup_WCVP [2026-03-11] | CoordinateCleaner QA applied without sea test (validity, equal, zeros, capitals, centroids, gbif, institutions) [2026-03-29]","","Colección","N.M.M.","N.M.M."
"978","HEM2025_0978","PreservedSpecimen","Coleccion",NA,"UNICACH","SPECIES","HEM","E.M.O.","24","N.M.M.","E","HEM2025",1,"Tillandsia punctulata",16.4794444444444,-93.3716666666667,"2006-04-27","change1: Filled coordinateUncertaintyInMeters from decimal-place precision (conservative). | epi_taxo: acceptedName(match1); authorship_epig(match1); genus_from_scientificName; family_WFO; order_majorGroup_WCVP [2026-03-11] | CoordinateCleaner QA applied without sea test (validity, equal, zeros, capitals, centroids, gbif, institutions) [2026-03-29]","","Colección","E.M.O.","N.M.M."
"979","HEM2025_0979","PreservedSpecimen","Coleccion",NA,"UNICACH","SPECIES","HEM","N.M.M.","1826","N.M.M.","E","HEM2025",1,"Tillandsia punctulata",15.7230555555556,-93.0013888888889,"2006-10-13","change1: Filled coordinateUncertaintyInMeters from decimal-place precision (conservative). | epi_taxo: acceptedName(match1); authorship_epig(match1); genus_from_scientificName; family_WFO; order_majorGroup_WCVP [2026-03-11] | CoordinateCleaner QA applied without sea test (validity, equal, zeros, capitals, centroids, gbif, institutions) [2026-03-29]","","Colección","N.M.M.","N.M.M."
"980","HEM2025_0980","PreservedSpecimen","Coleccion",NA,"UNICACH","SPECIES","HEM","T.E.C.C.","61","C.R.B.B.","E","HEM2025",1,"Tillandsia punctulata",16.7850277777778,-94.0238444444444,"2007-01-25","change1: Filled coordinateUncertaintyInMeters from decimal-place precision (conservative). | epi_taxo: acceptedName(match1); authorship_epig(match1); genus_from_scientificName; family_WFO; order_majorGroup_WCVP [2026-03-11] | CoordinateCleaner QA applied without sea test (validity, equal, zeros, capitals, centroids, gbif, institutions) [2026-03-29]","standardized authors names in recordedBy","Colección","T.E.C.C","C.R.B.B."
"981","HEM2025_0981","PreservedSpecimen","Coleccion",NA,"UNICACH","SPECIES","HEM","Perez-Farrera, M.A.","166","Espejo, A. | A.R.L.F.","E","HEM2025",1,"Tillandsia punctulata",16.2705555555556,-93.6416666666667,"1995-03-13","change1: Filled coordinateUncertaintyInMeters from decimal-place precision (conservative). | epi_taxo: acceptedName(match1); authorship_epig(match1); genus_from_scientificName; family_WFO; order_majorGroup_WCVP [2026-03-11] | CoordinateCleaner QA applied without sea test (validity, equal, zeros, capitals, centroids, gbif, institutions) [2026-03-29]","standardized authors names in recordedBy / standardized authors names in identifiedBy","Colección","M.A. Pérez-Farrera","A. Espejo & A.R.L.F."
"982","HEM2025_0982","PreservedSpecimen","Coleccion",NA,"UNICACH","SPECIES","HEM","E.M.S. | A.M.G. | G.U.","20002","Espejo, A. | A.R.L.F.","E","HEM2025",1,"Tillandsia punctulata",15.4027777777778,-92.2469444444445,"1987-02-11","change1: Filled coordinateUncertaintyInMeters from decimal-place precision (conservative). | epi_taxo: acceptedName(match1); authorship_epig(match1); genus_from_scientificName; family_WFO; order_majorGroup_WCVP [2026-03-11] | CoordinateCleaner QA applied without sea test (validity, equal, zeros, capitals, centroids, gbif, institutions) [2026-03-29]","standardized authors names in recordedBy / standardized authors names in identifiedBy","Colección","E.M.S. & A.M.G. & G.U.","A. Espejo & A.R.L.F."
"983","HEM2025_0983","PreservedSpecimen","Coleccion",NA,"UNICACH","SPECIES","HEM","N.M.M.","257","Espejo, A. | A.R.L.F.","E","HEM2025",1,"Tillandsia punctulata",15.7727777777778,-93.09,"2002-02-24","change1: Filled coordinateUncertaintyInMeters from decimal-place precision (conservative). | epi_taxo: acceptedName(match1); authorship_epig(match1); genus_from_scientificName; family_WFO; order_majorGroup_WCVP [2026-03-11] | CoordinateCleaner QA applied without sea test (validity, equal, zeros, capitals, centroids, gbif, institutions) [2026-03-29]","standardized authors names in identifiedBy","Colección","N.M.M.","A. Espejo & A.R.L.F."
"984","HEM2025_0984","PreservedSpecimen","Coleccion",NA,"UNICACH","SPECIES","HEM","N.M.M.","256","R.R.S.","E","HEM2025",1,"Tillandsia punctulata",15.7727777777778,-93.09,"2002-02-24","change1: Filled coordinateUncertaintyInMeters from decimal-place precision (conservative). | epi_taxo: acceptedName(match1); authorship_epig(match1); genus_from_scientificName; family_WFO; order_majorGroup_WCVP [2026-03-11] | CoordinateCleaner QA applied without sea test (validity, equal, zeros, capitals, centroids, gbif, institutions) [2026-03-29]","","Colección","N.M.M.","R.R.S."
"985","HEM2025_0985","PreservedSpecimen","Coleccion",NA,"UNICACH","SPECIES","HEM","M.E.L.V. | A.R.G. | J.C.S. | A.E.","395","Espejo, A. | A.R.L.F.","E","HEM2025",1,"Tillandsia punctulata",16.3719444444444,-93.9152777777778,"2002-04-24","change1: Filled coordinateUncertaintyInMeters from decimal-place precision (conservative). | epi_taxo: acceptedName(match1); authorship_epig(match1); genus_from_scientificName; family_WFO; order_majorGroup_WCVP [2026-03-11] | CoordinateCleaner QA applied without sea test (validity, equal, zeros, capitals, centroids, gbif, institutions) [2026-03-29]","standardized authors names in recordedBy / standardized authors names in identifiedBy","Colección","M.E.L.V. & A.R.G. & J.C.S. & A.E.","A. Espejo & A.R.L.F."
"986","HEM2025_0986","PreservedSpecimen","Coleccion",NA,"UNICACH","SPECIES","HEM","Perez-Farrera, M.A.","158","Espejo, A. | A.R.L.F.","E","HEM2025",1,"Tillandsia punctulata",16.1944444444444,-93.6083333333333,"1995-02-09","change1: Filled coordinateUncertaintyInMeters from decimal-place precision (conservative). | epi_taxo: acceptedName(match1); authorship_epig(match1); genus_from_scientificName; family_WFO; order_majorGroup_WCVP [2026-03-11] | CoordinateCleaner QA applied without sea test (validity, equal, zeros, capitals, centroids, gbif, institutions) [2026-03-29]","standardized authors names in recordedBy / standardized authors names in identifiedBy","Colección","M.A. Pérez-Farrera","A. Espejo & A.R.L.F."
"987","HEM2025_0987","PreservedSpecimen","Coleccion",NA,"UNICACH","SPECIES","HEM","Perez-Farrera, M.A.","1508","Espejo, A. | A.R.L.F.","E","HEM2025",1,"Tillandsia punctulata",16.6416666666667,-94.0583333333333,"1996-12-06","change1: Filled coordinateUncertaintyInMeters from decimal-place precision (conservative). | epi_taxo: acceptedName(match1); authorship_epig(match1); genus_from_scientificName; family_WFO; order_majorGroup_WCVP [2026-03-11] | CoordinateCleaner QA applied without sea test (validity, equal, zeros, capitals, centroids, gbif, institutions) [2026-03-29]","standardized authors names in recordedBy / standardized authors names in identifiedBy","Colección","M.A. Pérez-Farrera","A. Espejo & A.R.L.F."
"988","HEM2025_0988","PreservedSpecimen","Coleccion",NA,"UNICACH","SPECIES","HEM","Perez-Farrera, M.A.","2269","N.M.M.","E","HEM2025",1,"Tillandsia punctulata",17.1916666666667,-92.2658333333333,"2000-04-10","change1: Filled coordinateUncertaintyInMeters from decimal-place precision (conservative). | epi_taxo: acceptedName(match1); authorship_epig(match1); genus_from_scientificName; family_WFO; order_majorGroup_WCVP [2026-03-11] | CoordinateCleaner QA applied without sea test (validity, equal, zeros, capitals, centroids, gbif, institutions) [2026-03-29]","standardized authors names in recordedBy","Colección","M.A. Pérez-Farrera","N.M.M."
"989","HEM2025_0989","PreservedSpecimen","Coleccion",NA,"UNICACH","SPECIES","HEM","Perez-Farrera, M.A.","2269","N.M.M.","E","HEM2025",1,"Tillandsia punctulata",17.1916666666667,-92.2658333333333,"2000-04-10","change1: Filled coordinateUncertaintyInMeters from decimal-place precision (conservative). | epi_taxo: acceptedName(match1); authorship_epig(match1); genus_from_scientificName; family_WFO; order_majorGroup_WCVP [2026-03-11] | CoordinateCleaner QA applied without sea test (validity, equal, zeros, capitals, centroids, gbif, institutions) [2026-03-29]","standardized authors names in recordedBy","Colección","M.A. Pérez-Farrera","N.M.M."
"990","HEM2025_0990","PreservedSpecimen","Coleccion",NA,"UNICACH","SPECIES","HEM","M.E.L.V. | A.R.G. | J.C.S. | A.E.","378","Espejo, A. | A.R.L.F.","E","HEM2025",1,"Tillandsia punctulata",16.3719444444444,-93.9152777777778,"2002-04-24","change1: Filled coordinateUncertaintyInMeters from decimal-place precision (conservative). | epi_taxo: acceptedName(match1); authorship_epig(match1); genus_from_scientificName; family_WFO; order_majorGroup_WCVP [2026-03-11] | CoordinateCleaner QA applied without sea test (validity, equal, zeros, capitals, centroids, gbif, institutions) [2026-03-29]","standardized authors names in recordedBy / standardized authors names in identifiedBy","Colección","M.E.L.V. & A.R.G. & J.C.S. & A.E.","A. Espejo & A.R.L.F."
"991","HEM2025_0991","PreservedSpecimen","Coleccion",NA,"UNICACH","SPECIES","HEM","Perez-Farrera, M.A.","1508-bis","R.R.S.","E","HEM2025",1,"Tillandsia punctulata",16.6416666666667,-94.0583333333333,"1996-12-06","change1: Filled coordinateUncertaintyInMeters from decimal-place precision (conservative). | epi_taxo: acceptedName(match1); authorship_epig(match1); genus_from_scientificName; family_WFO; order_majorGroup_WCVP [2026-03-11] | CoordinateCleaner QA applied without sea test (validity, equal, zeros, capitals, centroids, gbif, institutions) [2026-03-29]","standardized authors names in recordedBy","Colección","M.A. Pérez-Farrera","R.R.S."
"992","HEM2025_0992","PreservedSpecimen","Coleccion",NA,"UNICACH","SPECIES","HEM","A.R.A.","80","O.F.S.","E","HEM2025",1,"Tillandsia recurvata",16.0555555555556,-93.3425,"2002-09-28","change1: Filled coordinateUncertaintyInMeters from decimal-place precision (conservative). | epi_taxo: acceptedName(match1); authorship_epig(match1); genus_from_scientificName; family_WFO; order_majorGroup_WCVP [2026-03-11] | CoordinateCleaner QA applied without sea test (validity, equal, zeros, capitals, centroids, gbif, institutions) [2026-03-29]","","Colección","A.R.A.","O.F.S."
"993","HEM2025_0993","PreservedSpecimen","Coleccion",NA,"UNICACH","SPECIES","HEM","Najarro, F.H. | M N.M.G. | C.M.M.","1540","O.F.S.","E","HEM2025",1,"Tillandsia recurvata",15.9991666666667,-93.4505555555556,"2003-12-27","change1: Filled coordinateUncertaintyInMeters from decimal-place precision (conservative). | epi_taxo: acceptedName(match1); authorship_epig(match1); genus_from_scientificName; family_WFO; order_majorGroup_WCVP [2026-03-11] | CoordinateCleaner QA applied without sea test (validity, equal, zeros, capitals, centroids, gbif, institutions) [2026-03-29]","standardized authors names in recordedBy","Colección","F.H. Najarro & M N.M.G. & C.M.M.","O.F.S."
"994","HEM2025_0994","PreservedSpecimen","Coleccion",NA,"UNICACH","SPECIES","HEM","M.A.B.R.","230","M.A.B.R.","E","HEM2025",1,"Tillandsia recurvata",17.0014722222222,-93.05125,"2009-11-17","change1: Filled coordinateUncertaintyInMeters from decimal-place precision (conservative). | epi_taxo: acceptedName(match1); authorship_epig(match1); genus_from_scientificName; family_WFO; order_majorGroup_WCVP [2026-03-11] | CoordinateCleaner QA applied without sea test (validity, equal, zeros, capitals, centroids, gbif, institutions) [2026-03-29]","","Colección","M.A.B.R.","M.A.B.R."
"995","HEM2025_0995","PreservedSpecimen","Coleccion",NA,"UNICACH","SPECIES","HEM","M.A.B.R.","164","M.A.B.R.","E","HEM2025",1,"Tillandsia recurvata",16.9976777777778,-93.1188555555556,"2009-10-29","change1: Filled coordinateUncertaintyInMeters from decimal-place precision (conservative). | epi_taxo: acceptedName(match1); authorship_epig(match1); genus_from_scientificName; family_WFO; order_majorGroup_WCVP [2026-03-11] | CoordinateCleaner QA applied without sea test (validity, equal, zeros, capitals, centroids, gbif, institutions) [2026-03-29]","","Colección","M.A.B.R.","M.A.B.R."
"996","HEM2025_0996","PreservedSpecimen","Coleccion",NA,"UNICACH","SPECIES","HEM","H.E.T.R.","23","Espejo, A. | A.R.L.F.","E","HEM2025",1,"Tillandsia recurvata",16.6783333333333,-93.5652777777778,"2002-05-10","change1: Filled coordinateUncertaintyInMeters from decimal-place precision (conservative). | epi_taxo: acceptedName(match1); authorship_epig(match1); genus_from_scientificName; family_WFO; order_majorGroup_WCVP [2026-03-11] | CoordinateCleaner QA applied without sea test (validity, equal, zeros, capitals, centroids, gbif, institutions) [2026-03-29]","standardized authors names in identifiedBy","Colección","H.E.T.R.","A. Espejo & A.R.L.F."
"997","HEM2025_0997","PreservedSpecimen","Coleccion",NA,"UNICACH","SPECIES","HEM","Perez-Farrera, M.A.","1510","Espejo, A. | A.R.L.F.","E","HEM2025",1,"Tillandsia recurvata",16.6416666666667,-94.0583333333333,"1996-12-09","change1: Filled coordinateUncertaintyInMeters from decimal-place precision (conservative). | epi_taxo: acceptedName(match1); authorship_epig(match1); genus_from_scientificName; family_WFO; order_majorGroup_WCVP [2026-03-11] | CoordinateCleaner QA applied without sea test (validity, equal, zeros, capitals, centroids, gbif, institutions) [2026-03-29]","standardized authors names in recordedBy / standardized authors names in identifiedBy","Colección","M.A. Pérez-Farrera","A. Espejo & A.R.L.F."
"998","HEM2025_0998","PreservedSpecimen","Coleccion",NA,"UNICACH","SPECIES","HEM","J.A.G.H.","14","Espejo, A. | A.R.L.F.","E","HEM2025",1,"Tillandsia recurvata",16.0586111111111,-93.3625,"2002-04-29","change1: Filled coordinateUncertaintyInMeters from decimal-place precision (conservative). | epi_taxo: acceptedName(match1); authorship_epig(match1); genus_from_scientificName; family_WFO; order_majorGroup_WCVP [2026-03-11] | CoordinateCleaner QA applied without sea test (validity, equal, zeros, capitals, centroids, gbif, institutions) [2026-03-29]","standardized authors names in identifiedBy","Colección","J.A.G.H.","A. Espejo & A.R.L.F."
"999","HEM2025_0999","PreservedSpecimen","Coleccion",NA,"UNICACH","SPECIES","HEM","F.B.T.","3","Espejo, A. | A.R.L.F.","E","HEM2025",1,"Tillandsia rodrigueziana",17.1305555555556,-93.1583333333333,"1995-04-04","change1: Filled coordinateUncertaintyInMeters from decimal-place precision (conservative). | epi_taxo: acceptedName(match1); authorship_epig(match1); genus_from_scientificName; family_WFO; order_majorGroup_WCVP [2026-03-11] | CoordinateCleaner QA applied without sea test (validity, equal, zeros, capitals, centroids, gbif, institutions) [2026-03-29]","standardized authors names in identifiedBy","Colección","F.B.T.","A. Espejo & A.R.L.F."
"1000","HEM2025_1000","PreservedSpecimen","Coleccion",NA,"UNICACH","SPECIES","HEM","F.E.P.C.","1-bis","Espejo, A. | A.R.L.F.","E","HEM2025",1,"Tillandsia rodrigueziana",17.1305555555556,-93.1583333333333,"1995-04-06","change1: Filled coordinateUncertaintyInMeters from decimal-place precision (conservative). | epi_taxo: acceptedName(match1); authorship_epig(match1); genus_from_scientificName; family_WFO; order_majorGroup_WCVP [2026-03-11] | CoordinateCleaner QA applied without sea test (validity, equal, zeros, capitals, centroids, gbif, institutions) [2026-03-29]","standardized authors names in identifiedBy","Colección","F.E.P.C.","A. Espejo & A.R.L.F."
"1001","HEM2025_1001","PreservedSpecimen","Coleccion",NA,"UNICACH","SPECIES","HEM","L.D.F.","7","Espejo, A. | A.R.L.F.","E","HEM2025",1,"Tillandsia rodrigueziana",17.1305555555556,-93.1583333333333,"1995-11-06","change1: Filled coordinateUncertaintyInMeters from decimal-place precision (conservative). | epi_taxo: acceptedName(match1); authorship_epig(match1); genus_from_scientificName; family_WFO; order_majorGroup_WCVP [2026-03-11] | CoordinateCleaner QA applied without sea test (validity, equal, zeros, capitals, centroids, gbif, institutions) [2026-03-29]","standardized authors names in identifiedBy","Colección","L.D.F.","A. Espejo & A.R.L.F."
"1002","HEM2025_1002","PreservedSpecimen","Coleccion",NA,"UNICACH","SPECIES","HEM","J.B.","3","Espejo, A. | A.R.L.F.","E","HEM2025",1,"Tillandsia rodrigueziana",17.1305555555556,-93.1583333333333,"1995-04-06","change1: Filled coordinateUncertaintyInMeters from decimal-place precision (conservative). | epi_taxo: acceptedName(match1); authorship_epig(match1); genus_from_scientificName; family_WFO; order_majorGroup_WCVP [2026-03-11] | CoordinateCleaner QA applied without sea test (validity, equal, zeros, capitals, centroids, gbif, institutions) [2026-03-29]","standardized authors names in identifiedBy","Colección","J.B.","A. Espejo & A.R.L.F."
"1003","HEM2025_1003","PreservedSpecimen","Coleccion",NA,"UNICACH","SPECIES","HEM","J.M.","30","Espejo, A. | A.R.L.F.","E","HEM2025",1,"Tillandsia rotundata",16.2775,-92.1441666666667,"2005-10-24","change1: Filled coordinateUncertaintyInMeters from decimal-place precision (conservative). | epi_taxo: acceptedName(match1); authorship_epig(match1); genus_from_scientificName; family_WFO; order_majorGroup_WCVP [2026-03-11] | CoordinateCleaner QA applied without sea test (validity, equal, zeros, capitals, centroids, gbif, institutions) [2026-03-29]","standardized authors names in identifiedBy","Colección","J.M.","A. Espejo & A.R.L.F."
"1004","HEM2025_1004","PreservedSpecimen","Coleccion",NA,"UNICACH","SPECIES","HEM","Perez-Farrera, M.A.","583","Espejo, A. | A.R.L.F.","E","HEM2025",1,"Tillandsia schiedeana",16.3441666666667,-93.6441666666667,"1995-07-17","change1: Filled coordinateUncertaintyInMeters from decimal-place precision (conservative). | epi_taxo: acceptedName(match1); authorship_epig(match1); genus_from_scientificName; family_WFO; order_majorGroup_WCVP [2026-03-11] | CoordinateCleaner QA applied without sea test (validity, equal, zeros, capitals, centroids, gbif, institutions) [2026-03-29]","standardized authors names in recordedBy / standardized authors names in identifiedBy","Colección","M.A. Pérez-Farrera","A. Espejo & A.R.L.F."
"1005","HEM2025_1005","PreservedSpecimen","Coleccion",NA,"UNICACH","SPECIES","HEM","Perez-Farrera, M.A.","2402","Perez-Farrera, M.A.","E","HEM2025",1,"Tillandsia schiedeana",17.5041666666667,-92.8663888888889,"2000-07-25","change1: Filled coordinateUncertaintyInMeters from decimal-place precision (conservative). | epi_taxo: acceptedName(match1); authorship_epig(match1); genus_from_scientificName; family_WFO; order_majorGroup_WCVP [2026-03-11] | CoordinateCleaner QA applied without sea test (validity, equal, zeros, capitals, centroids, gbif, institutions) [2026-03-29]","standardized authors names in recordedBy / standardized authors names in identifiedBy","Colección","M.A. Pérez-Farrera","M.A. Pérez-Farrera"
"1006","HEM2025_1006","PreservedSpecimen","Coleccion",NA,"UNICACH","SPECIES","HEM","Perez-Farrera, M.A.","2402","Perez-Farrera, M.A.","E","HEM2025",1,"Tillandsia schiedeana",17.5041666666667,-92.8663888888889,"2000-07-25","change1: Filled coordinateUncertaintyInMeters from decimal-place precision (conservative). | epi_taxo: acceptedName(match1); authorship_epig(match1); genus_from_scientificName; family_WFO; order_majorGroup_WCVP [2026-03-11] | CoordinateCleaner QA applied without sea test (validity, equal, zeros, capitals, centroids, gbif, institutions) [2026-03-29]","standardized authors names in recordedBy / standardized authors names in identifiedBy","Colección","M.A. Pérez-Farrera","M.A. Pérez-Farrera"
"1007","HEM2025_1007","PreservedSpecimen","Coleccion",NA,"UNICACH","SPECIES","HEM","J.A.E.J.","33","J.A.E.J.","E","HEM2025",1,"Tillandsia schiedeana",16.5177777777778,-93.6075,"2005-02-18","change1: Filled coordinateUncertaintyInMeters from decimal-place precision (conservative). | epi_taxo: acceptedName(match1); authorship_epig(match1); genus_from_scientificName; family_WFO; order_majorGroup_WCVP [2026-03-11] | CoordinateCleaner QA applied without sea test (validity, equal, zeros, capitals, centroids, gbif, institutions) [2026-03-29]","","Colección","J.A.E.J.","J.A.E.J."
"1008","HEM2025_1008","PreservedSpecimen","Coleccion",NA,"UNICACH","SPECIES","HEM","G.L.V.","101","G.L.V.","E","HEM2025",1,"Tillandsia schiedeana",17.7347222222222,-92.0127777777778,"2004-07-22","change1: Filled coordinateUncertaintyInMeters from decimal-place precision (conservative). | epi_taxo: acceptedName(match1); authorship_epig(match1); genus_from_scientificName; family_WFO; order_majorGroup_WCVP [2026-03-11] | CoordinateCleaner QA applied without sea test (validity, equal, zeros, capitals, centroids, gbif, institutions) [2026-03-29]","","Colección","G.L.V.","G.L.V."
"1009","HEM2025_1009","PreservedSpecimen","Coleccion",NA,"UNICACH","SPECIES","HEM","J.M.M.","764-bis","Espejo, A. | A.R.L.F.","E","HEM2025",1,"Tillandsia schiedeana",15.9002777777778,-93.2411111111111,"2005-03-31","change1: Filled coordinateUncertaintyInMeters from decimal-place precision (conservative). | epi_taxo: acceptedName(match1); authorship_epig(match1); genus_from_scientificName; family_WFO; order_majorGroup_WCVP [2026-03-11] | CoordinateCleaner QA applied without sea test (validity, equal, zeros, capitals, centroids, gbif, institutions) [2026-03-29]","standardized authors names in identifiedBy","Colección","J.M.M.","A. Espejo & A.R.L.F."
"1010","HEM2025_1010","PreservedSpecimen","Coleccion",NA,"UNICACH","SPECIES","HEM","E.M.L.","731","O.F.S.","E","HEM2025",1,"Tillandsia schiedeana",15.9316666666667,-93.2480555555556,"2003-02-21","change1: Filled coordinateUncertaintyInMeters from decimal-place precision (conservative). | epi_taxo: acceptedName(match1); authorship_epig(match1); genus_from_scientificName; family_WFO; order_majorGroup_WCVP [2026-03-11] | CoordinateCleaner QA applied without sea test (validity, equal, zeros, capitals, centroids, gbif, institutions) [2026-03-29]","","Colección","E.M.L.","O.F.S."
"1011","HEM2025_1011","PreservedSpecimen","Coleccion",NA,"UNICACH","SPECIES","HEM","F.E.P.C.","179","F.E.P.C.","E","HEM2025",1,"Tillandsia schiedeana",15.8994444444444,-93.2372222222222,"1999-04-29","change1: Filled coordinateUncertaintyInMeters from decimal-place precision (conservative). | epi_taxo: acceptedName(match1); authorship_epig(match1); genus_from_scientificName; family_WFO; order_majorGroup_WCVP [2026-03-11] | CoordinateCleaner QA applied without sea test (validity, equal, zeros, capitals, centroids, gbif, institutions) [2026-03-29]","","Colección","F.E.P.C.","F.E.P.C."
"1012","HEM2025_1012","PreservedSpecimen","Coleccion",NA,"UNICACH","SPECIES","HEM","M.E.L.M.","661","C.R.B.B.","E","HEM2025",1,"Tillandsia schiedeana",16.2063611111111,-92.1325416666667,"2005-06-22","change1: Filled coordinateUncertaintyInMeters from decimal-place precision (conservative). | epi_taxo: acceptedName(match1); authorship_epig(match1); genus_from_scientificName; family_WFO; order_majorGroup_WCVP [2026-03-11] | CoordinateCleaner QA applied without sea test (validity, equal, zeros, capitals, centroids, gbif, institutions) [2026-03-29]","","Colección","M.E.L.M.","C.R.B.B."
"1013","HEM2025_1013","PreservedSpecimen","Coleccion",NA,"UNICACH","SPECIES","HEM","J.M.","23","J.M.","E","HEM2025",1,"Tillandsia schiedeana",16.905,-93.1502777777778,"2005-11-16","change1: Filled coordinateUncertaintyInMeters from decimal-place precision (conservative). | epi_taxo: acceptedName(match1); authorship_epig(match1); genus_from_scientificName; family_WFO; order_majorGroup_WCVP [2026-03-11] | CoordinateCleaner QA applied without sea test (validity, equal, zeros, capitals, centroids, gbif, institutions) [2026-03-29]","","Colección","J.M.","J.M."
"1014","HEM2025_1014","PreservedSpecimen","Coleccion",NA,"UNICACH","SPECIES","HEM","Najarro, F.H. | C.M.M.","1589","O.F.S.","E","HEM2025",1,"Tillandsia schiedeana",16.0919444444444,-93.3222222222222,"2004-01-31","change1: Filled coordinateUncertaintyInMeters from decimal-place precision (conservative). | epi_taxo: acceptedName(match1); authorship_epig(match1); genus_from_scientificName; family_WFO; order_majorGroup_WCVP [2026-03-11] | CoordinateCleaner QA applied without sea test (validity, equal, zeros, capitals, centroids, gbif, institutions) [2026-03-29]","standardized authors names in recordedBy","Colección","F.H. Najarro & C.M.M.","O.F.S."
"1015","HEM2025_1015","PreservedSpecimen","Coleccion",NA,"UNICACH","SPECIES","HEM","Najarro, F.H. | U.G.M.","786","O.F.S.","E","HEM2025",1,"Tillandsia schiedeana",16.0077777777778,-93.4638888888889,"2002-03-02","change1: Filled coordinateUncertaintyInMeters from decimal-place precision (conservative). | epi_taxo: acceptedName(match1); authorship_epig(match1); genus_from_scientificName; family_WFO; order_majorGroup_WCVP [2026-03-11] | CoordinateCleaner QA applied without sea test (validity, equal, zeros, capitals, centroids, gbif, institutions) [2026-03-29]","standardized authors names in recordedBy","Colección","F.H. Najarro & U.G.M.","O.F.S."
"1016","HEM2025_1016","PreservedSpecimen","Coleccion",NA,"UNICACH","SPECIES","HEM","Perez-Farrera, M.A.","1510-bis","J.M.M.","E","HEM2025",1,"Tillandsia schiedeana",16.6416666666667,-94.0583333333333,"1996-12-06","change1: Filled coordinateUncertaintyInMeters from decimal-place precision (conservative). | epi_taxo: acceptedName(match1); authorship_epig(match1); genus_from_scientificName; family_WFO; order_majorGroup_WCVP [2026-03-11] | CoordinateCleaner QA applied without sea test (validity, equal, zeros, capitals, centroids, gbif, institutions) [2026-03-29]","standardized authors names in recordedBy","Colección","M.A. Pérez-Farrera","J.M.M."
"1017","HEM2025_1017","PreservedSpecimen","Coleccion",NA,"UNICACH","SPECIES","HEM","E.M.L.","95","O.F.S.","E","HEM2025",1,"Tillandsia schiedeana",16.0269444444444,-93.3058333333333,"2002-03-07","change1: Filled coordinateUncertaintyInMeters from decimal-place precision (conservative). | epi_taxo: acceptedName(match1); authorship_epig(match1); genus_from_scientificName; family_WFO; order_majorGroup_WCVP [2026-03-11] | CoordinateCleaner QA applied without sea test (validity, equal, zeros, capitals, centroids, gbif, institutions) [2026-03-29]","","Colección","E.M.L.","O.F.S."
"1018","HEM2025_1018","PreservedSpecimen","Coleccion",NA,"UNICACH","SPECIES","HEM","E.M.L.","57","O.F.S.","E","HEM2025",1,"Tillandsia schiedeana",16.0002777777778,-93.4419444444444,"2002-06-29","change1: Filled coordinateUncertaintyInMeters from decimal-place precision (conservative). | epi_taxo: acceptedName(match1); authorship_epig(match1); genus_from_scientificName; family_WFO; order_majorGroup_WCVP [2026-03-11] | CoordinateCleaner QA applied without sea test (validity, equal, zeros, capitals, centroids, gbif, institutions) [2026-03-29]","","Colección","E.M.L.","O.F.S."
"1019","HEM2025_1019","PreservedSpecimen","Coleccion",NA,"UNICACH","SPECIES","HEM","E.M.L.","2279","O.F.S.","E","HEM2025",1,"Tillandsia schiedeana",15.9983333333333,-93.4591666666667,"2003-12-27","change1: Filled coordinateUncertaintyInMeters from decimal-place precision (conservative). | epi_taxo: acceptedName(match1); authorship_epig(match1); genus_from_scientificName; family_WFO; order_majorGroup_WCVP [2026-03-11] | CoordinateCleaner QA applied without sea test (validity, equal, zeros, capitals, centroids, gbif, institutions) [2026-03-29]","","Colección","E.M.L.","O.F.S."
"1020","HEM2025_1020","PreservedSpecimen","Coleccion",NA,"UNICACH","SPECIES","HEM","E.M.L.","56-bis","O.F.S.","E","HEM2025",1,"Tillandsia schiedeana",16.0008333333333,-93.4616666666667,"2002-03-03","change1: Filled coordinateUncertaintyInMeters from decimal-place precision (conservative). | epi_taxo: acceptedName(match1); authorship_epig(match1); genus_from_scientificName; family_WFO; order_majorGroup_WCVP [2026-03-11] | CoordinateCleaner QA applied without sea test (validity, equal, zeros, capitals, centroids, gbif, institutions) [2026-03-29]","","Colección","E.M.L.","O.F.S."
"1021","HEM2025_1021","PreservedSpecimen","Coleccion",NA,"UNICACH","SPECIES","HEM","E.M.L.","793","O.F.S.","E","HEM2025",1,"Tillandsia schiedeana",16.025,-93.4063888888889,"2003-02-26","change1: Filled coordinateUncertaintyInMeters from decimal-place precision (conservative). | epi_taxo: acceptedName(match1); authorship_epig(match1); genus_from_scientificName; family_WFO; order_majorGroup_WCVP [2026-03-11] | CoordinateCleaner QA applied without sea test (validity, equal, zeros, capitals, centroids, gbif, institutions) [2026-03-29]","","Colección","E.M.L.","O.F.S."
"1022","HEM2025_1022","PreservedSpecimen","Coleccion",NA,"UNICACH","SPECIES","HEM","A.C.G.D.","25","J.M.M.","E","HEM2025",1,"Tillandsia schiedeana",16.8282972222222,-93.4298944444444,"2005-10-20","change1: Filled coordinateUncertaintyInMeters from decimal-place precision (conservative). | epi_taxo: acceptedName(match1); authorship_epig(match1); genus_from_scientificName; family_WFO; order_majorGroup_WCVP [2026-03-11] | CoordinateCleaner QA applied without sea test (validity, equal, zeros, capitals, centroids, gbif, institutions) [2026-03-29]","","Colección","A.C.G.D.","J.M.M."
"1023","HEM2025_1023","PreservedSpecimen","Coleccion",NA,"UNICACH","SPECIES","HEM","J.A.G.H.","13","J.M.M.","E","HEM2025",1,"Tillandsia schiedeana",16.0586111111111,-93.3625,"2002-04-29","change1: Filled coordinateUncertaintyInMeters from decimal-place precision (conservative). | epi_taxo: acceptedName(match1); authorship_epig(match1); genus_from_scientificName; family_WFO; order_majorGroup_WCVP [2026-03-11] | CoordinateCleaner QA applied without sea test (validity, equal, zeros, capitals, centroids, gbif, institutions) [2026-03-29]","","Colección","J.A.G.H.","J.M.M."
"1024","HEM2025_1024","PreservedSpecimen","Coleccion",NA,"UNICACH","SPECIES","HEM","E.P.O.","4","Perez-Farrera, M.A.","E","HEM2025",1,"Tillandsia schiedeana",16.8275,-93.3108333333333,"2006-02-12","change1: Filled coordinateUncertaintyInMeters from decimal-place precision (conservative). | epi_taxo: acceptedName(match1); authorship_epig(match1); genus_from_scientificName; family_WFO; order_majorGroup_WCVP [2026-03-11] | CoordinateCleaner QA applied without sea test (validity, equal, zeros, capitals, centroids, gbif, institutions) [2026-03-29]","standardized authors names in identifiedBy","Colección","E.P.O.","M.A. Pérez-Farrera"
"1025","HEM2025_1025","PreservedSpecimen","Coleccion",NA,"UNICACH","SPECIES","HEM","N.M.M.","1453","N.M.M.","E","HEM2025",1,"Tillandsia schiedeana",15.5516666666667,-92.6333333333333,"2006-03-25","change1: Filled coordinateUncertaintyInMeters from decimal-place precision (conservative). | epi_taxo: acceptedName(match1); authorship_epig(match1); genus_from_scientificName; family_WFO; order_majorGroup_WCVP [2026-03-11] | CoordinateCleaner QA applied without sea test (validity, equal, zeros, capitals, centroids, gbif, institutions) [2026-03-29]","","Colección","N.M.M.","N.M.M."
"1026","HEM2025_1026","PreservedSpecimen","Coleccion",NA,"UNICACH","SPECIES","HEM","A.M.G. | G.U. | E.M.S.","48-bis","N.M.M.","E","HEM2025",1,"Tillandsia schiedeana",16.8941666666667,-93.1275,"1987-02-17","change1: Filled coordinateUncertaintyInMeters from decimal-place precision (conservative). | epi_taxo: acceptedName(match1); authorship_epig(match1); genus_from_scientificName; family_WFO; order_majorGroup_WCVP [2026-03-11] | CoordinateCleaner QA applied without sea test (validity, equal, zeros, capitals, centroids, gbif, institutions) [2026-03-29]","standardized authors names in recordedBy","Colección","A.M.G. & G.U. & E.M.S.","N.M.M."
"1027","HEM2025_1027","PreservedSpecimen","Coleccion",NA,"UNICACH","SPECIES","HEM","E.M.O.","21","E.M.O.","E","HEM2025",1,"Tillandsia schiedeana",17.5033333333333,-93.1216666666667,"2006-04-02","change1: Filled coordinateUncertaintyInMeters from decimal-place precision (conservative). | epi_taxo: acceptedName(match1); authorship_epig(match1); genus_from_scientificName; family_WFO; order_majorGroup_WCVP [2026-03-11] | CoordinateCleaner QA applied without sea test (validity, equal, zeros, capitals, centroids, gbif, institutions) [2026-03-29]","","Colección","E.M.O.","E.M.O."
"1028","HEM2025_1028","PreservedSpecimen","Coleccion",NA,"UNICACH","SPECIES","HEM","N.M.M.","1454","N.M.M.","E","HEM2025",1,"Tillandsia schiedeana",15.5516666666667,-92.6333333333333,"2006-03-25","change1: Filled coordinateUncertaintyInMeters from decimal-place precision (conservative). | epi_taxo: acceptedName(match1); authorship_epig(match1); genus_from_scientificName; family_WFO; order_majorGroup_WCVP [2026-03-11] | CoordinateCleaner QA applied without sea test (validity, equal, zeros, capitals, centroids, gbif, institutions) [2026-03-29]","","Colección","N.M.M.","N.M.M."
"1029","HEM2025_1029","PreservedSpecimen","Coleccion",NA,"UNICACH","SPECIES","HEM","N.M.M.","1512","N.M.M.","E","HEM2025",1,"Tillandsia schiedeana",15.8138888888889,-93.0305555555556,"2006-04-20","change1: Filled coordinateUncertaintyInMeters from decimal-place precision (conservative). | epi_taxo: acceptedName(match1); authorship_epig(match1); genus_from_scientificName; family_WFO; order_majorGroup_WCVP [2026-03-11] | CoordinateCleaner QA applied without sea test (validity, equal, zeros, capitals, centroids, gbif, institutions) [2026-03-29]","","Colección","N.M.M.","N.M.M."
"1030","HEM2025_1030","PreservedSpecimen","Coleccion",NA,"UNICACH","SPECIES","HEM","A.C.G.D.","24","J.M.M.","E","HEM2025",1,"Tillandsia schiedeana",16.8282972222222,-93.4298944444444,"2005-10-20","change1: Filled coordinateUncertaintyInMeters from decimal-place precision (conservative). | epi_taxo: acceptedName(match1); authorship_epig(match1); genus_from_scientificName; family_WFO; order_majorGroup_WCVP [2026-03-11] | CoordinateCleaner QA applied without sea test (validity, equal, zeros, capitals, centroids, gbif, institutions) [2026-03-29]","","Colección","A.C.G.D.","J.M.M."
"1031","HEM2025_1031","PreservedSpecimen","Coleccion",NA,"UNICACH","SPECIES","HEM","S.R.D.","50","J.M.M.","E","HEM2025",1,"Tillandsia schiedeana",16.8197222222222,-93.0841666666667,"2004-05-10","change1: Filled coordinateUncertaintyInMeters from decimal-place precision (conservative). | epi_taxo: acceptedName(match1); authorship_epig(match1); genus_from_scientificName; family_WFO; order_majorGroup_WCVP [2026-03-11] | CoordinateCleaner QA applied without sea test (validity, equal, zeros, capitals, centroids, gbif, institutions) [2026-03-29]","","Colección","S.R.D.","J.M.M."
"1032","HEM2025_1032","PreservedSpecimen","Coleccion",NA,"UNICACH","SPECIES","HEM","J.C.S.","25344","Espejo, A. | A.R.L.F.","E","HEM2025",1,"Tillandsia schiedeana",16.2225,-93.5891666666667,"2004-06-06","change1: Filled coordinateUncertaintyInMeters from decimal-place precision (conservative). | epi_taxo: acceptedName(match1); authorship_epig(match1); genus_from_scientificName; family_WFO; order_majorGroup_WCVP [2026-03-11] | CoordinateCleaner QA applied without sea test (validity, equal, zeros, capitals, centroids, gbif, institutions) [2026-03-29]","standardized authors names in identifiedBy","Colección","J.C.S.","A. Espejo & A.R.L.F."
"1033","HEM2025_1033","PreservedSpecimen","Coleccion",NA,"UNICACH","SPECIES","HEM","A.L.C.","722","A.L.C.","E","HEM2025",1,"Tillandsia schiedeana",16.9749972222222,-93.0491388888889,"2009-05-07","change1: Filled coordinateUncertaintyInMeters from decimal-place precision (conservative). | epi_taxo: acceptedName(match1); authorship_epig(match1); genus_from_scientificName; family_WFO; order_majorGroup_WCVP [2026-03-11] | CoordinateCleaner QA applied without sea test (validity, equal, zeros, capitals, centroids, gbif, institutions) [2026-03-29]","","Colección","A.L.C.","A.L.C."
"1034","HEM2025_1034","PreservedSpecimen","Coleccion",NA,"UNICACH","SPECIES","HEM","A.L.C.","681","A.L.C.","E","HEM2025",1,"Tillandsia schiedeana",16.9859416666667,-93.1503055555556,"2009-04-22","change1: Filled coordinateUncertaintyInMeters from decimal-place precision (conservative). | epi_taxo: acceptedName(match1); authorship_epig(match1); genus_from_scientificName; family_WFO; order_majorGroup_WCVP [2026-03-11] | CoordinateCleaner QA applied without sea test (validity, equal, zeros, capitals, centroids, gbif, institutions) [2026-03-29]","","Colección","A.L.C.","A.L.C."
"1035","HEM2025_1035","PreservedSpecimen","Coleccion",NA,"UNICACH","SPECIES","HEM","N.M.M.","2533","N.M.M.","E","HEM2025",1,"Tillandsia schiedeana",17.0407833333333,-93.2111333333333,"2009-04-23","change1: Filled coordinateUncertaintyInMeters from decimal-place precision (conservative). | epi_taxo: acceptedName(match1); authorship_epig(match1); genus_from_scientificName; family_WFO; order_majorGroup_WCVP [2026-03-11] | CoordinateCleaner QA applied without sea test (validity, equal, zeros, capitals, centroids, gbif, institutions) [2026-03-29]","","Colección","N.M.M.","N.M.M."
"1036","HEM2025_1036","PreservedSpecimen","Coleccion",NA,"UNICACH","SPECIES","HEM","J.A.E.J.","866","J.A.E.J.","E","HEM2025",1,"Tillandsia schiedeana",17.0958527777778,-93.3917944444445,"2009-05-29","change1: Filled coordinateUncertaintyInMeters from decimal-place precision (conservative). | epi_taxo: acceptedName(match1); authorship_epig(match1); genus_from_scientificName; family_WFO; order_majorGroup_WCVP [2026-03-11] | CoordinateCleaner QA applied without sea test (validity, equal, zeros, capitals, centroids, gbif, institutions) [2026-03-29]","","Colección","J.A.E.J.","J.A.E.J."
"1037","HEM2025_1037","PreservedSpecimen","Coleccion",NA,"UNICACH","SPECIES","HEM","J.A.E.J.","838","J.A.E.J.","E","HEM2025",1,"Tillandsia schiedeana",16.9297694444444,-93.0053138888889,"2009-05-22","change1: Filled coordinateUncertaintyInMeters from decimal-place precision (conservative). | epi_taxo: acceptedName(match1); authorship_epig(match1); genus_from_scientificName; family_WFO; order_majorGroup_WCVP [2026-03-11] | CoordinateCleaner QA applied without sea test (validity, equal, zeros, capitals, centroids, gbif, institutions) [2026-03-29]","","Colección","J.A.E.J.","J.A.E.J."
"1038","HEM2025_1038","PreservedSpecimen","Coleccion",NA,"UNICACH","SPECIES","HEM","N.M.M.","2615","N.M.M.","E","HEM2025",1,"Tillandsia schiedeana",16.9870805555556,-93.15,"2009-05-05","change1: Filled coordinateUncertaintyInMeters from decimal-place precision (conservative). | epi_taxo: acceptedName(match1); authorship_epig(match1); genus_from_scientificName; family_WFO; order_majorGroup_WCVP [2026-03-11] | CoordinateCleaner QA applied without sea test (validity, equal, zeros, capitals, centroids, gbif, institutions) [2026-03-29]","","Colección","N.M.M.","N.M.M."
"1039","HEM2025_1039","PreservedSpecimen","Coleccion",NA,"UNICACH","SPECIES","HEM","G.L.V.","101","O.F.S.","E","HEM2025",1,"Tillandsia schiedeana",16.7413888888889,-92.0136111111111,"2004-07-21","change1: Filled coordinateUncertaintyInMeters from decimal-place precision (conservative). | epi_taxo: acceptedName(match1); authorship_epig(match1); genus_from_scientificName; family_WFO; order_majorGroup_WCVP [2026-03-11] | CoordinateCleaner QA applied without sea test (validity, equal, zeros, capitals, centroids, gbif, institutions) [2026-03-29]","","Colección","G.L.V.","O.F.S."
"1040","HEM2025_1040","PreservedSpecimen","Coleccion",NA,"UNICACH","SPECIES","HEM","M.A.B.R.","226","J.A.E.J.","E","HEM2025",1,"Tillandsia schiedeana",17.0014722222222,-93.05125,"2009-11-17","change1: Filled coordinateUncertaintyInMeters from decimal-place precision (conservative). | epi_taxo: acceptedName(match1); authorship_epig(match1); genus_from_scientificName; family_WFO; order_majorGroup_WCVP [2026-03-11] | CoordinateCleaner QA applied without sea test (validity, equal, zeros, capitals, centroids, gbif, institutions) [2026-03-29]","","Colección","M.A.B.R.","J.A.E.J."
"1041","HEM2025_1041","PreservedSpecimen","Coleccion",NA,"UNICACH","SPECIES","HEM","T.E.C.C.","77","T.E.C.C","E","HEM2025",1,"Tillandsia schiedeana",16.7850277777778,-94.0238444444444,"2007-01-31","change1: Filled coordinateUncertaintyInMeters from decimal-place precision (conservative). | epi_taxo: acceptedName(match1); authorship_epig(match1); genus_from_scientificName; family_WFO; order_majorGroup_WCVP [2026-03-11] | CoordinateCleaner QA applied without sea test (validity, equal, zeros, capitals, centroids, gbif, institutions) [2026-03-29]","standardized authors names in recordedBy","Colección","T.E.C.C","T.E.C.C"
"1042","HEM2025_1042","PreservedSpecimen","Coleccion",NA,"UNICACH","SPECIES","HEM","E.M.L.","168","O.F.S.","E","HEM2025",1,"Tillandsia schiedeana",16.0269444444444,-93.3058333333333,"2002-03-10","change1: Filled coordinateUncertaintyInMeters from decimal-place precision (conservative). | epi_taxo: acceptedName(match1); authorship_epig(match1); genus_from_scientificName; family_WFO; order_majorGroup_WCVP [2026-03-11] | CoordinateCleaner QA applied without sea test (validity, equal, zeros, capitals, centroids, gbif, institutions) [2026-03-29]","","Colección","E.M.L.","O.F.S."
"1043","HEM2025_1043","PreservedSpecimen","Coleccion",NA,"UNICACH","SPECIES","HEM","J.A.E.J. | A.L.C. | M.M.M. | M.A.B.R.","1053","J.A.E.J.","E","HEM2025",1,"Tillandsia schiedeana",16.9681166666667,-92.9768666666667,"2009-10-27","change1: Filled coordinateUncertaintyInMeters from decimal-place precision (conservative). | epi_taxo: acceptedName(match1); authorship_epig(match1); genus_from_scientificName; family_WFO; order_majorGroup_WCVP [2026-03-11] | CoordinateCleaner QA applied without sea test (validity, equal, zeros, capitals, centroids, gbif, institutions) [2026-03-29]","standardized authors names in recordedBy","Colección","J.A.E.J. & A.L.C. & M.M.M. & M.A.B.R.","J.A.E.J."
"1044","HEM2025_1044","PreservedSpecimen","Coleccion",NA,"UNICACH","SPECIES","HEM","J.M.M.","399","O.F.S.","E","HEM2025",1,"Tillandsia schiedeana",16.0483333333333,-93.4383333333333,"2003-12-19","change1: Filled coordinateUncertaintyInMeters from decimal-place precision (conservative). | epi_taxo: acceptedName(match1); authorship_epig(match1); genus_from_scientificName; family_WFO; order_majorGroup_WCVP [2026-03-11] | CoordinateCleaner QA applied without sea test (validity, equal, zeros, capitals, centroids, gbif, institutions) [2026-03-29]","","Colección","J.M.M.","O.F.S."
"1045","HEM2025_1045","PreservedSpecimen","Coleccion",NA,"UNICACH","SPECIES","HEM","M.A.D.V.","19","J.A.E.J.","E","HEM2025",1,"Tillandsia schiedeana",16.7931111111111,-93.1792222222222,"2010-01-19","change1: Filled coordinateUncertaintyInMeters from decimal-place precision (conservative). | epi_taxo: acceptedName(match1); authorship_epig(match1); genus_from_scientificName; family_WFO; order_majorGroup_WCVP [2026-03-11] | CoordinateCleaner QA applied without sea test (validity, equal, zeros, capitals, centroids, gbif, institutions) [2026-03-29]","","Colección","M.A.D.V.","J.A.E.J."
"1046","HEM2025_1046","PreservedSpecimen","Coleccion",NA,"UNICACH","SPECIES","HEM","Najarro, F.H. | M N.M.G. | C.M.M.","1469","O.F.S.","E","HEM2025",1,"Tillandsia schiedeana",15.9933333333333,-93.4627777777778,"2003-12-27","change1: Filled coordinateUncertaintyInMeters from decimal-place precision (conservative). | epi_taxo: acceptedName(match1); authorship_epig(match1); genus_from_scientificName; family_WFO; order_majorGroup_WCVP [2026-03-11] | CoordinateCleaner QA applied without sea test (validity, equal, zeros, capitals, centroids, gbif, institutions) [2026-03-29]","standardized authors names in recordedBy","Colección","F.H. Najarro & M N.M.G. & C.M.M.","O.F.S."
"1047","HEM2025_1047","PreservedSpecimen","Coleccion",NA,"UNICACH","SPECIES","HEM","J.A.G.H.","13","O.F.S.","E","HEM2025",1,"Tillandsia schiedeana",16.0586111111111,-93.3625,"2002-04-29","change1: Filled coordinateUncertaintyInMeters from decimal-place precision (conservative). | epi_taxo: acceptedName(match1); authorship_epig(match1); genus_from_scientificName; family_WFO; order_majorGroup_WCVP [2026-03-11] | CoordinateCleaner QA applied without sea test (validity, equal, zeros, capitals, centroids, gbif, institutions) [2026-03-29]","","Colección","J.A.G.H.","O.F.S."
"1048","HEM2025_1048","PreservedSpecimen","Coleccion",NA,"UNICACH","SPECIES","HEM","H.G.D.","465","O.F.S.","E","HEM2025",1,"Tillandsia schiedeana",16.0888888888889,-93.4169444444445,"2004-01-31","change1: Filled coordinateUncertaintyInMeters from decimal-place precision (conservative). | epi_taxo: acceptedName(match1); authorship_epig(match1); genus_from_scientificName; family_WFO; order_majorGroup_WCVP [2026-03-11] | CoordinateCleaner QA applied without sea test (validity, equal, zeros, capitals, centroids, gbif, institutions) [2026-03-29]","","Colección","H.G.D.","O.F.S."
"1049","HEM2025_1049","PreservedSpecimen","Coleccion",NA,"UNICACH","SPECIES","HEM","E.M.L.","2703","O.F.S.","E","HEM2025",1,"Tillandsia schiedeana",16.0533333333333,-93.3438888888889,"2004-04-17","change1: Filled coordinateUncertaintyInMeters from decimal-place precision (conservative). | epi_taxo: acceptedName(match1); authorship_epig(match1); genus_from_scientificName; family_WFO; order_majorGroup_WCVP [2026-03-11] | CoordinateCleaner QA applied without sea test (validity, equal, zeros, capitals, centroids, gbif, institutions) [2026-03-29]","","Colección","E.M.L.","O.F.S."
"1050","HEM2025_1050","PreservedSpecimen","Coleccion",NA,"UNICACH","SPECIES","HEM","E.M.L.","2655","O.F.S.","E","HEM2025",1,"Tillandsia schiedeana",16.0525,-93.3561111111111,"2004-04-17","change1: Filled coordinateUncertaintyInMeters from decimal-place precision (conservative). | epi_taxo: acceptedName(match1); authorship_epig(match1); genus_from_scientificName; family_WFO; order_majorGroup_WCVP [2026-03-11] | CoordinateCleaner QA applied without sea test (validity, equal, zeros, capitals, centroids, gbif, institutions) [2026-03-29]","","Colección","E.M.L.","O.F.S."
"1051","HEM2025_1051","PreservedSpecimen","Coleccion",NA,"UNICACH","SPECIES","HEM","M.N.L.P.","26","Espejo, A. | A.R.L.F.","E","HEM2025",1,"Tillandsia schiedeana",15.9841666666667,-93.2833333333333,"2002-03-08","change1: Filled coordinateUncertaintyInMeters from decimal-place precision (conservative). | epi_taxo: acceptedName(match1); authorship_epig(match1); genus_from_scientificName; family_WFO; order_majorGroup_WCVP [2026-03-11] | CoordinateCleaner QA applied without sea test (validity, equal, zeros, capitals, centroids, gbif, institutions) [2026-03-29]","standardized authors names in identifiedBy","Colección","M.N.L.P.","A. Espejo & A.R.L.F."
"1052","HEM2025_1052","PreservedSpecimen","Coleccion",NA,"UNICACH","SPECIES","HEM","M.N.L.P.","26","Espejo, A. | A.R.L.F.","E","HEM2025",1,"Tillandsia schiedeana",15.9841666666667,-93.2833333333333,"2002-03-08","change1: Filled coordinateUncertaintyInMeters from decimal-place precision (conservative). | epi_taxo: acceptedName(match1); authorship_epig(match1); genus_from_scientificName; family_WFO; order_majorGroup_WCVP [2026-03-11] | CoordinateCleaner QA applied without sea test (validity, equal, zeros, capitals, centroids, gbif, institutions) [2026-03-29]","standardized authors names in identifiedBy","Colección","M.N.L.P.","A. Espejo & A.R.L.F."
"1053","HEM2025_1053","PreservedSpecimen","Coleccion",NA,"UNICACH","SPECIES","HEM","V.M.","106","Espejo, A. | A.R.L.F.","E","HEM2025",1,"Tillandsia schiedeana",15.5791666666667,-92.5361111111111,"1999-01-28","change1: Filled coordinateUncertaintyInMeters from decimal-place precision (conservative). | epi_taxo: acceptedName(match1); authorship_epig(match1); genus_from_scientificName; family_WFO; order_majorGroup_WCVP [2026-03-11] | CoordinateCleaner QA applied without sea test (validity, equal, zeros, capitals, centroids, gbif, institutions) [2026-03-29]","standardized authors names in identifiedBy","Colección","V.M.","A. Espejo & A.R.L.F."
"1054","HEM2025_1054","PreservedSpecimen","Coleccion",NA,"UNICACH","SPECIES","HEM","V.M.","106","Espejo, A. | A.R.L.F.","E","HEM2025",1,"Tillandsia schiedeana",15.5791666666667,-92.5361111111111,"1999-01-28","change1: Filled coordinateUncertaintyInMeters from decimal-place precision (conservative). | epi_taxo: acceptedName(match1); authorship_epig(match1); genus_from_scientificName; family_WFO; order_majorGroup_WCVP [2026-03-11] | CoordinateCleaner QA applied without sea test (validity, equal, zeros, capitals, centroids, gbif, institutions) [2026-03-29]","standardized authors names in identifiedBy","Colección","V.M.","A. Espejo & A.R.L.F."
"1055","HEM2025_1055","PreservedSpecimen","Coleccion",NA,"UNICACH","SPECIES","HEM","A.M.G. | G.U. | E.M.S.","48","Espejo, A. | A.R.L.F.","E","HEM2025",1,"Tillandsia schiedeana",16.8941666666667,-93.1275,"1987-02-17","change1: Filled coordinateUncertaintyInMeters from decimal-place precision (conservative). | epi_taxo: acceptedName(match1); authorship_epig(match1); genus_from_scientificName; family_WFO; order_majorGroup_WCVP [2026-03-11] | CoordinateCleaner QA applied without sea test (validity, equal, zeros, capitals, centroids, gbif, institutions) [2026-03-29]","standardized authors names in recordedBy / standardized authors names in identifiedBy","Colección","A.M.G. & G.U. & E.M.S.","A. Espejo & A.R.L.F."
"1056","HEM2025_1056","PreservedSpecimen","Coleccion",NA,"UNICACH","SPECIES","HEM","D.R.V.","16","Espejo, A. | A.R.L.F.","E","HEM2025",1,"Tillandsia schiedeana",16.7888888888889,-93.4855555555555,"1991-04-18","change1: Filled coordinateUncertaintyInMeters from decimal-place precision (conservative). | epi_taxo: acceptedName(match1); authorship_epig(match1); genus_from_scientificName; family_WFO; order_majorGroup_WCVP [2026-03-11] | CoordinateCleaner QA applied without sea test (validity, equal, zeros, capitals, centroids, gbif, institutions) [2026-03-29]","standardized authors names in identifiedBy","Colección","D.R.V.","A. Espejo & A.R.L.F."
"1057","HEM2025_1057","PreservedSpecimen","Coleccion",NA,"UNICACH","SPECIES","HEM","D.R.V.","16","Espejo, A. | A.R.L.F.","E","HEM2025",1,"Tillandsia schiedeana",16.7888888888889,-93.4855555555555,"1991-04-18","change1: Filled coordinateUncertaintyInMeters from decimal-place precision (conservative). | epi_taxo: acceptedName(match1); authorship_epig(match1); genus_from_scientificName; family_WFO; order_majorGroup_WCVP [2026-03-11] | CoordinateCleaner QA applied without sea test (validity, equal, zeros, capitals, centroids, gbif, institutions) [2026-03-29]","standardized authors names in identifiedBy","Colección","D.R.V.","A. Espejo & A.R.L.F."
"1058","HEM2025_1058","PreservedSpecimen","Coleccion",NA,"UNICACH","SPECIES","HEM","H.G.D.","3558","M.A.D.V.","E","HEM2025",1,"Tillandsia schiedeana",16.9722777777778,-93.5447777777778,"2016-05-17","change1: Filled coordinateUncertaintyInMeters from decimal-place precision (conservative). | epi_taxo: acceptedName(match1); authorship_epig(match1); genus_from_scientificName; family_WFO; order_majorGroup_WCVP [2026-03-11] | CoordinateCleaner QA applied without sea test (validity, equal, zeros, capitals, centroids, gbif, institutions) [2026-03-29]","","Colección","H.G.D.","M.A.D.V."
"1059","HEM2025_1059","PreservedSpecimen","Coleccion",NA,"UNICACH","SPECIES","HEM","P.C. | V.M.","2","Espejo, A. | A.R.L.F.","E","HEM2025",1,"Tillandsia schiedeana",15.6805555555556,-92.5958333333333,"1998-06-23","change1: Filled coordinateUncertaintyInMeters from decimal-place precision (conservative). | epi_taxo: acceptedName(match1); authorship_epig(match1); genus_from_scientificName; family_WFO; order_majorGroup_WCVP [2026-03-11] | CoordinateCleaner QA applied without sea test (validity, equal, zeros, capitals, centroids, gbif, institutions) [2026-03-29]","standardized authors names in recordedBy / standardized authors names in identifiedBy","Colección","P.C. & V.M.","A. Espejo & A.R.L.F."
"1060","HEM2025_1060","PreservedSpecimen","Coleccion",NA,"UNICACH","SPECIES","HEM","G.I.L.V.","24","Espejo, A. | A.R.L.F.","E","HEM2025",1,"Tillandsia schiedeana",16.6430555555556,-93.3997222222222,"2002-05-04","change1: Filled coordinateUncertaintyInMeters from decimal-place precision (conservative). | epi_taxo: acceptedName(match1); authorship_epig(match1); genus_from_scientificName; family_WFO; order_majorGroup_WCVP [2026-03-11] | CoordinateCleaner QA applied without sea test (validity, equal, zeros, capitals, centroids, gbif, institutions) [2026-03-29]","standardized authors names in identifiedBy","Colección","G.I.L.V.","A. Espejo & A.R.L.F."
"1061","HEM2025_1061","PreservedSpecimen","Coleccion",NA,"UNICACH","SPECIES","HEM","G.I.L.V.","24","Espejo, A. | A.R.L.F.","E","HEM2025",1,"Tillandsia schiedeana",16.6430555555556,-93.3997222222222,"2002-05-04","change1: Filled coordinateUncertaintyInMeters from decimal-place precision (conservative). | epi_taxo: acceptedName(match1); authorship_epig(match1); genus_from_scientificName; family_WFO; order_majorGroup_WCVP [2026-03-11] | CoordinateCleaner QA applied without sea test (validity, equal, zeros, capitals, centroids, gbif, institutions) [2026-03-29]","standardized authors names in identifiedBy","Colección","G.I.L.V.","A. Espejo & A.R.L.F."
"1062","HEM2025_1062","PreservedSpecimen","Coleccion",NA,"UNICACH","SPECIES","HEM","N.M.M.","370","Espejo, A. | A.R.L.F.","E","HEM2025",1,"Tillandsia schiedeana",15.8775,-93.2275,"2002-05-25","change1: Filled coordinateUncertaintyInMeters from decimal-place precision (conservative). | epi_taxo: acceptedName(match1); authorship_epig(match1); genus_from_scientificName; family_WFO; order_majorGroup_WCVP [2026-03-11] | CoordinateCleaner QA applied without sea test (validity, equal, zeros, capitals, centroids, gbif, institutions) [2026-03-29]","standardized authors names in identifiedBy","Colección","N.M.M.","A. Espejo & A.R.L.F."
"1063","HEM2025_1063","PreservedSpecimen","Coleccion",NA,"UNICACH","SPECIES","HEM","C.E.C.H.","2","Espejo, A. | A.R.L.F.","E","HEM2025",1,"Tillandsia schiedeana",16.6430555555556,-93.3997222222222,"2002-05-04","change1: Filled coordinateUncertaintyInMeters from decimal-place precision (conservative). | epi_taxo: acceptedName(match1); authorship_epig(match1); genus_from_scientificName; family_WFO; order_majorGroup_WCVP [2026-03-11] | CoordinateCleaner QA applied without sea test (validity, equal, zeros, capitals, centroids, gbif, institutions) [2026-03-29]","standardized authors names in identifiedBy","Colección","C.E.C.H.","A. Espejo & A.R.L.F."
"1064","HEM2025_1064","PreservedSpecimen","Coleccion",NA,"UNICACH","SPECIES","HEM","C.E.C.H.","2","Espejo, A. | A.R.L.F.","E","HEM2025",1,"Tillandsia schiedeana",16.6430555555556,-93.3997222222222,"2002-05-04","change1: Filled coordinateUncertaintyInMeters from decimal-place precision (conservative). | epi_taxo: acceptedName(match1); authorship_epig(match1); genus_from_scientificName; family_WFO; order_majorGroup_WCVP [2026-03-11] | CoordinateCleaner QA applied without sea test (validity, equal, zeros, capitals, centroids, gbif, institutions) [2026-03-29]","standardized authors names in identifiedBy","Colección","C.E.C.H.","A. Espejo & A.R.L.F."
"1065","HEM2025_1065","PreservedSpecimen","Coleccion",NA,"UNICACH","SPECIES","HEM","J.C.S. | A.R.G. | M.E.L.V.","22975","Espejo, A. | A.R.L.F.","E","HEM2025",1,"Tillandsia schiedeana",16.4366666666667,-93.9269444444444,"2002-04-25","change1: Filled coordinateUncertaintyInMeters from decimal-place precision (conservative). | epi_taxo: acceptedName(match1); authorship_epig(match1); genus_from_scientificName; family_WFO; order_majorGroup_WCVP [2026-03-11] | CoordinateCleaner QA applied without sea test (validity, equal, zeros, capitals, centroids, gbif, institutions) [2026-03-29]","standardized authors names in recordedBy / standardized authors names in identifiedBy","Colección","J.C.S. & A.R.G. & M.E.L.V.","A. Espejo & A.R.L.F."
"1066","HEM2025_1066","PreservedSpecimen","Coleccion",NA,"UNICACH","SPECIES","HEM","A.R.G. | J.G.H.","4163","Espejo, A. | A.R.L.F.","E","HEM2025",1,"Tillandsia schiedeana",16.2433333333333,-93.7130555555556,"2002-03-01","change1: Filled coordinateUncertaintyInMeters from decimal-place precision (conservative). | epi_taxo: acceptedName(match1); authorship_epig(match1); genus_from_scientificName; family_WFO; order_majorGroup_WCVP [2026-03-11] | CoordinateCleaner QA applied without sea test (validity, equal, zeros, capitals, centroids, gbif, institutions) [2026-03-29]","standardized authors names in recordedBy / standardized authors names in identifiedBy","Colección","A.R.G. & J.G.H.","A. Espejo & A.R.L.F."
"1067","HEM2025_1067","PreservedSpecimen","Coleccion",NA,"UNICACH","SPECIES","HEM","J.M.L.Z. | J.A.J.F.","97","O.F.S.","E","HEM2025",1,"Tillandsia schiedeana",16.5583333333333,-93.8544444444444,"1999-10-10","change1: Filled coordinateUncertaintyInMeters from decimal-place precision (conservative). | epi_taxo: acceptedName(match1); authorship_epig(match1); genus_from_scientificName; family_WFO; order_majorGroup_WCVP [2026-03-11] | CoordinateCleaner QA applied without sea test (validity, equal, zeros, capitals, centroids, gbif, institutions) [2026-03-29]","standardized authors names in recordedBy","Colección","J.M.L.Z. & J.A.J.F.","O.F.S."
"1068","HEM2025_1068","PreservedSpecimen","Coleccion",NA,"UNICACH","SPECIES","HEM","J.M.L.Z. | J.A.J.F.","97","O.F.S.","E","HEM2025",1,"Tillandsia schiedeana",16.5583333333333,-93.8544444444444,"1999-10-10","change1: Filled coordinateUncertaintyInMeters from decimal-place precision (conservative). | epi_taxo: acceptedName(match1); authorship_epig(match1); genus_from_scientificName; family_WFO; order_majorGroup_WCVP [2026-03-11] | CoordinateCleaner QA applied without sea test (validity, equal, zeros, capitals, centroids, gbif, institutions) [2026-03-29]","standardized authors names in recordedBy","Colección","J.M.L.Z. & J.A.J.F.","O.F.S."
"1069","HEM2025_1069","PreservedSpecimen","Coleccion",NA,"UNICACH","SPECIES","HEM","C.E.C.H.","28","Espejo, A. | A.R.L.F.","E","HEM2025",1,"Tillandsia schiedeana",16.0469444444444,-93.3788888888889,"2002-03-29","change1: Filled coordinateUncertaintyInMeters from decimal-place precision (conservative). | epi_taxo: acceptedName(match1); authorship_epig(match1); genus_from_scientificName; family_WFO; order_majorGroup_WCVP [2026-03-11] | CoordinateCleaner QA applied without sea test (validity, equal, zeros, capitals, centroids, gbif, institutions) [2026-03-29]","standardized authors names in identifiedBy","Colección","C.E.C.H.","A. Espejo & A.R.L.F."
"1070","HEM2025_1070","PreservedSpecimen","Coleccion",NA,"UNICACH","SPECIES","HEM","C.E.C.H.","28","Espejo, A. | A.R.L.F.","E","HEM2025",1,"Tillandsia schiedeana",16.0469444444444,-93.3788888888889,"2002-03-29","change1: Filled coordinateUncertaintyInMeters from decimal-place precision (conservative). | epi_taxo: acceptedName(match1); authorship_epig(match1); genus_from_scientificName; family_WFO; order_majorGroup_WCVP [2026-03-11] | CoordinateCleaner QA applied without sea test (validity, equal, zeros, capitals, centroids, gbif, institutions) [2026-03-29]","standardized authors names in identifiedBy","Colección","C.E.C.H.","A. Espejo & A.R.L.F."
"1071","HEM2025_1071","PreservedSpecimen","Coleccion",NA,"UNICACH","SPECIES","HEM","Perez-Farrera, M.A.","2098","Espejo, A. | A.R.L.F.","E","HEM2025",1,"Tillandsia schiedeana",16.8941666666667,-93.3941666666667,"1999-12-13","change1: Filled coordinateUncertaintyInMeters from decimal-place precision (conservative). | epi_taxo: acceptedName(match1); authorship_epig(match1); genus_from_scientificName; family_WFO; order_majorGroup_WCVP [2026-03-11] | CoordinateCleaner QA applied without sea test (validity, equal, zeros, capitals, centroids, gbif, institutions) [2026-03-29]","standardized authors names in recordedBy / standardized authors names in identifiedBy","Colección","M.A. Pérez-Farrera","A. Espejo & A.R.L.F."
"1072","HEM2025_1072","PreservedSpecimen","Coleccion",NA,"UNICACH","SPECIES","HEM","Perez-Farrera, M.A.","2098","Espejo, A. | A.R.L.F.","E","HEM2025",1,"Tillandsia schiedeana",16.8941666666667,-93.3941666666667,"1999-12-13","change1: Filled coordinateUncertaintyInMeters from decimal-place precision (conservative). | epi_taxo: acceptedName(match1); authorship_epig(match1); genus_from_scientificName; family_WFO; order_majorGroup_WCVP [2026-03-11] | CoordinateCleaner QA applied without sea test (validity, equal, zeros, capitals, centroids, gbif, institutions) [2026-03-29]","standardized authors names in recordedBy / standardized authors names in identifiedBy","Colección","M.A. Pérez-Farrera","A. Espejo & A.R.L.F."
"1073","HEM2025_1073","PreservedSpecimen","Coleccion",NA,"UNICACH","SPECIES","HEM","S.M.V.M.","244","Espejo, A. | A.R.L.F.","E","HEM2025",1,"Tillandsia schiedeana",16.3194444444444,-93.8566666666667,"2003-03-01","change1: Filled coordinateUncertaintyInMeters from decimal-place precision (conservative). | epi_taxo: acceptedName(match1); authorship_epig(match1); genus_from_scientificName; family_WFO; order_majorGroup_WCVP [2026-03-11] | CoordinateCleaner QA applied without sea test (validity, equal, zeros, capitals, centroids, gbif, institutions) [2026-03-29]","standardized authors names in identifiedBy","Colección","S.M.V.M.","A. Espejo & A.R.L.F."
"1074","HEM2025_1074","PreservedSpecimen","Coleccion",NA,"UNICACH","SPECIES","HEM","J.L.M.C.","32","Espejo, A. | A.R.L.F.","E","HEM2025",1,"Tillandsia schiedeana",16.9983333333333,-93.31,"2003-04-08","change1: Filled coordinateUncertaintyInMeters from decimal-place precision (conservative). | epi_taxo: acceptedName(match1); authorship_epig(match1); genus_from_scientificName; family_WFO; order_majorGroup_WCVP [2026-03-11] | CoordinateCleaner QA applied without sea test (validity, equal, zeros, capitals, centroids, gbif, institutions) [2026-03-29]","standardized authors names in identifiedBy","Colección","J.L.M.C.","A. Espejo & A.R.L.F."
"1075","HEM2025_1075","PreservedSpecimen","Coleccion",NA,"UNICACH","SPECIES","HEM","J.L.M.C.","32","Espejo, A. | A.R.L.F.","E","HEM2025",1,"Tillandsia schiedeana",16.9983333333333,-93.31,"2003-04-08","change1: Filled coordinateUncertaintyInMeters from decimal-place precision (conservative). | epi_taxo: acceptedName(match1); authorship_epig(match1); genus_from_scientificName; family_WFO; order_majorGroup_WCVP [2026-03-11] | CoordinateCleaner QA applied without sea test (validity, equal, zeros, capitals, centroids, gbif, institutions) [2026-03-29]","standardized authors names in identifiedBy","Colección","J.L.M.C.","A. Espejo & A.R.L.F."
"1076","HEM2025_1076","PreservedSpecimen","Coleccion",NA,"UNICACH","SPECIES","HEM","A.S.N.V.","8","Espejo, A. | A.R.L.F.","E","HEM2025",1,"Tillandsia schiedeana",16.0469444444444,-93.3788888888889,"2002-04-29","change1: Filled coordinateUncertaintyInMeters from decimal-place precision (conservative). | epi_taxo: acceptedName(match1); authorship_epig(match1); genus_from_scientificName; family_WFO; order_majorGroup_WCVP [2026-03-11] | CoordinateCleaner QA applied without sea test (validity, equal, zeros, capitals, centroids, gbif, institutions) [2026-03-29]","standardized authors names in identifiedBy","Colección","A.S.N.V.","A. Espejo & A.R.L.F."
"1077","HEM2025_1077","PreservedSpecimen","Coleccion",NA,"UNICACH","SPECIES","HEM","A.S.N.V.","8","Espejo, A. | A.R.L.F.","E","HEM2025",1,"Tillandsia schiedeana",16.0469444444444,-93.3788888888889,"2002-04-29","change1: Filled coordinateUncertaintyInMeters from decimal-place precision (conservative). | epi_taxo: acceptedName(match1); authorship_epig(match1); genus_from_scientificName; family_WFO; order_majorGroup_WCVP [2026-03-11] | CoordinateCleaner QA applied without sea test (validity, equal, zeros, capitals, centroids, gbif, institutions) [2026-03-29]","standardized authors names in identifiedBy","Colección","A.S.N.V.","A. Espejo & A.R.L.F."
"1078","HEM2025_1078","PreservedSpecimen","Coleccion",NA,"UNICACH","SPECIES","HEM","L.M.C.M.","15","Espejo, A. | A.R.L.F.","E","HEM2025",1,"Tillandsia schiedeana",15.9925,-93.4088888888889,"2002-03-08","change1: Filled coordinateUncertaintyInMeters from decimal-place precision (conservative). | epi_taxo: acceptedName(match1); authorship_epig(match1); genus_from_scientificName; family_WFO; order_majorGroup_WCVP [2026-03-11] | CoordinateCleaner QA applied without sea test (validity, equal, zeros, capitals, centroids, gbif, institutions) [2026-03-29]","standardized authors names in identifiedBy","Colección","L.M.C.M.","A. Espejo & A.R.L.F."
"1079","HEM2025_1079","PreservedSpecimen","Coleccion",NA,"UNICACH","SPECIES","HEM","L.M.C.M.","15","Espejo, A. | A.R.L.F.","E","HEM2025",1,"Tillandsia schiedeana",15.9925,-93.4088888888889,"2002-03-08","change1: Filled coordinateUncertaintyInMeters from decimal-place precision (conservative). | epi_taxo: acceptedName(match1); authorship_epig(match1); genus_from_scientificName; family_WFO; order_majorGroup_WCVP [2026-03-11] | CoordinateCleaner QA applied without sea test (validity, equal, zeros, capitals, centroids, gbif, institutions) [2026-03-29]","standardized authors names in identifiedBy","Colección","L.M.C.M.","A. Espejo & A.R.L.F."
"1080","HEM2025_1080","PreservedSpecimen","Coleccion",NA,"UNICACH","SPECIES","HEM","U.B.C. | Rojas.","432","F.R.M.","E","HEM2025",1,"Tillandsia seleriana",15.8077777777778,-92.6125,"1989-03-06","change1: Filled coordinateUncertaintyInMeters from decimal-place precision (conservative). | epi_taxo: acceptedName(match1); authorship_epig(match1); genus_from_scientificName; family_WFO; order_majorGroup_WCVP [2026-03-11] | CoordinateCleaner QA applied without sea test (validity, equal, zeros, capitals, centroids, gbif, institutions) [2026-03-29]","standardized authors names in recordedBy","Colección","U.B.C. & Rojas","F.R.M."
"1081","HEM2025_1081","PreservedSpecimen","Coleccion",NA,"UNICACH","SPECIES","HEM","G.K.G.R.","2-bis","G.K.G.R.","E","HEM2025",1,"Tillandsia seleriana",16.9333333333333,-93.1866666666667,"2005-05-14","change1: Filled coordinateUncertaintyInMeters from decimal-place precision (conservative). | epi_taxo: acceptedName(match1); authorship_epig(match1); genus_from_scientificName; family_WFO; order_majorGroup_WCVP [2026-03-11] | CoordinateCleaner QA applied without sea test (validity, equal, zeros, capitals, centroids, gbif, institutions) [2026-03-29]","","Colección","G.K.G.R.","G.K.G.R."
"1082","HEM2025_1082","PreservedSpecimen","Coleccion",NA,"UNICACH","SPECIES","HEM","J.M.M.","805","J.M.M.","E","HEM2025",1,"Tillandsia seleriana",15.8022222222222,-93.035,"2005-04-21","change1: Filled coordinateUncertaintyInMeters from decimal-place precision (conservative). | epi_taxo: acceptedName(match1); authorship_epig(match1); genus_from_scientificName; family_WFO; order_majorGroup_WCVP [2026-03-11] | CoordinateCleaner QA applied without sea test (validity, equal, zeros, capitals, centroids, gbif, institutions) [2026-03-29]","","Colección","J.M.M.","J.M.M."
"1083","HEM2025_1083","PreservedSpecimen","Coleccion",NA,"UNICACH","SPECIES","HEM","Perez-Farrera, M.A.","2910","Espejo, A. | A.R.L.F.","E","HEM2025",1,"Tillandsia seleriana",17.1441666666667,-92.8941666666667,"2003-03-18","change1: Filled coordinateUncertaintyInMeters from decimal-place precision (conservative). | epi_taxo: acceptedName(match1); authorship_epig(match1); genus_from_scientificName; family_WFO; order_majorGroup_WCVP [2026-03-11] | CoordinateCleaner QA applied without sea test (validity, equal, zeros, capitals, centroids, gbif, institutions) [2026-03-29]","standardized authors names in recordedBy / standardized authors names in identifiedBy","Colección","M.A. Pérez-Farrera","A. Espejo & A.R.L.F."
"1084","HEM2025_1084","PreservedSpecimen","Coleccion",NA,"UNICACH","SPECIES","HEM","J.M.M.","1238","J.M.M.","E","HEM2025",1,"Tillandsia seleriana",15.5648611111111,-92.6209722222222,"2006-03-25","change1: Filled coordinateUncertaintyInMeters from decimal-place precision (conservative). | epi_taxo: acceptedName(match1); authorship_epig(match1); genus_from_scientificName; family_WFO; order_majorGroup_WCVP [2026-03-11] | CoordinateCleaner QA applied without sea test (validity, equal, zeros, capitals, centroids, gbif, institutions) [2026-03-29]","","Colección","J.M.M.","J.M.M."
"1085","HEM2025_1085","PreservedSpecimen","Coleccion",NA,"UNICACH","SPECIES","HEM","G.U. | E.M.S. | A.M.G.","4","J.M.M.","E","HEM2025",1,"Tillandsia seleriana",16.7944444444444,-93.1008333333333,"1987-02-18","change1: Filled coordinateUncertaintyInMeters from decimal-place precision (conservative). | epi_taxo: acceptedName(match1); authorship_epig(match1); genus_from_scientificName; family_WFO; order_majorGroup_WCVP [2026-03-11] | CoordinateCleaner QA applied without sea test (validity, equal, zeros, capitals, centroids, gbif, institutions) [2026-03-29]","standardized authors names in recordedBy","Colección","G.U. & E.M.S. & A.M.G.","J.M.M."
"1086","HEM2025_1086","PreservedSpecimen","Coleccion",NA,"UNICACH","SPECIES","HEM","G.U. | E.M.S. | A.M.G.","4","J.M.M.","E","HEM2025",1,"Tillandsia seleriana",16.7944444444444,-93.1008333333333,"1987-02-18","change1: Filled coordinateUncertaintyInMeters from decimal-place precision (conservative). | epi_taxo: acceptedName(match1); authorship_epig(match1); genus_from_scientificName; family_WFO; order_majorGroup_WCVP [2026-03-11] | CoordinateCleaner QA applied without sea test (validity, equal, zeros, capitals, centroids, gbif, institutions) [2026-03-29]","standardized authors names in recordedBy","Colección","G.U. & E.M.S. & A.M.G.","J.M.M."
"1087","HEM2025_1087","PreservedSpecimen","Coleccion",NA,"UNICACH","SPECIES","HEM","N.M.M.","1619","N.M.M.","E","HEM2025",1,"Tillandsia seleriana",16.5982333333333,-93.3672888888889,"2006-06-07","change1: Filled coordinateUncertaintyInMeters from decimal-place precision (conservative). | epi_taxo: acceptedName(match1); authorship_epig(match1); genus_from_scientificName; family_WFO; order_majorGroup_WCVP [2026-03-11] | CoordinateCleaner QA applied without sea test (validity, equal, zeros, capitals, centroids, gbif, institutions) [2026-03-29]","","Colección","N.M.M.","N.M.M."
"1088","HEM2025_1088","PreservedSpecimen","Coleccion",NA,"UNICACH","SPECIES","HEM","J.M.M.","1661","J.M.M.","E","HEM2025",1,"Tillandsia seleriana",15.8498055555556,-93.05125,"2006-12-19","change1: Filled coordinateUncertaintyInMeters from decimal-place precision (conservative). | epi_taxo: acceptedName(match1); authorship_epig(match1); genus_from_scientificName; family_WFO; order_majorGroup_WCVP [2026-03-11] | CoordinateCleaner QA applied without sea test (validity, equal, zeros, capitals, centroids, gbif, institutions) [2026-03-29]","","Colección","J.M.M.","J.M.M."
"1089","HEM2025_1089","PreservedSpecimen","Coleccion",NA,"UNICACH","SPECIES","HEM","N.M.M.","2220","N.M.M.","E","HEM2025",1,"Tillandsia seleriana",16.7866111111111,-94.0265833333333,"2007-12-14","change1: Filled coordinateUncertaintyInMeters from decimal-place precision (conservative). | epi_taxo: acceptedName(match1); authorship_epig(match1); genus_from_scientificName; family_WFO; order_majorGroup_WCVP [2026-03-11] | CoordinateCleaner QA applied without sea test (validity, equal, zeros, capitals, centroids, gbif, institutions) [2026-03-29]","","Colección","N.M.M.","N.M.M."
"1090","HEM2025_1090","PreservedSpecimen","Coleccion",NA,"UNICACH","SPECIES","HEM","J.A.E.J.","986","Espejo, A. | A.R.L.F.","E","HEM2025",1,"Tillandsia seleriana",17.0475666666667,-93.136,"2009-09-22","change1: Filled coordinateUncertaintyInMeters from decimal-place precision (conservative). | epi_taxo: acceptedName(match1); authorship_epig(match1); genus_from_scientificName; family_WFO; order_majorGroup_WCVP [2026-03-11] | CoordinateCleaner QA applied without sea test (validity, equal, zeros, capitals, centroids, gbif, institutions) [2026-03-29]","standardized authors names in identifiedBy","Colección","J.A.E.J.","A. Espejo & A.R.L.F."
"1091","HEM2025_1091","PreservedSpecimen","Coleccion",NA,"UNICACH","SPECIES","HEM","M.A.B.R.","148","N.M.M.","E","HEM2025",1,"Tillandsia seleriana",17.0168333333333,-93.1320944444444,"2009-09-15","change1: Filled coordinateUncertaintyInMeters from decimal-place precision (conservative). | epi_taxo: acceptedName(match1); authorship_epig(match1); genus_from_scientificName; family_WFO; order_majorGroup_WCVP [2026-03-11] | CoordinateCleaner QA applied without sea test (validity, equal, zeros, capitals, centroids, gbif, institutions) [2026-03-29]","","Colección","M.A.B.R.","N.M.M."
"1092","HEM2025_1092","PreservedSpecimen","Coleccion",NA,"UNICACH","SPECIES","HEM","N.M.M.","2675","Espejo, A. | A.R.L.F.","E","HEM2025",1,"Tillandsia seleriana",16.9651555555556,-93.2305583333333,"2009-06-01","change1: Filled coordinateUncertaintyInMeters from decimal-place precision (conservative). | epi_taxo: acceptedName(match1); authorship_epig(match1); genus_from_scientificName; family_WFO; order_majorGroup_WCVP [2026-03-11] | CoordinateCleaner QA applied without sea test (validity, equal, zeros, capitals, centroids, gbif, institutions) [2026-03-29]","standardized authors names in identifiedBy","Colección","N.M.M.","A. Espejo & A.R.L.F."
"1093","HEM2025_1093","PreservedSpecimen","Coleccion",NA,"UNICACH","SPECIES","HEM","G.U. | E.M.S. | A.M.G.","4","Espejo, A. | A.R.L.F.","E","HEM2025",1,"Tillandsia seleriana",16.7944444444444,-93.1008333333333,"1987-02-18","change1: Filled coordinateUncertaintyInMeters from decimal-place precision (conservative). | epi_taxo: acceptedName(match1); authorship_epig(match1); genus_from_scientificName; family_WFO; order_majorGroup_WCVP [2026-03-11] | CoordinateCleaner QA applied without sea test (validity, equal, zeros, capitals, centroids, gbif, institutions) [2026-03-29]","standardized authors names in recordedBy / standardized authors names in identifiedBy","Colección","G.U. & E.M.S. & A.M.G.","A. Espejo & A.R.L.F."
"1094","HEM2025_1094","PreservedSpecimen","Coleccion",NA,"UNICACH","SPECIES","HEM","G.U. | E.M.S. | A.M.G.","4","Espejo, A. | A.R.L.F.","E","HEM2025",1,"Tillandsia seleriana",16.7944444444444,-93.1008333333333,"1987-02-18","change1: Filled coordinateUncertaintyInMeters from decimal-place precision (conservative). | epi_taxo: acceptedName(match1); authorship_epig(match1); genus_from_scientificName; family_WFO; order_majorGroup_WCVP [2026-03-11] | CoordinateCleaner QA applied without sea test (validity, equal, zeros, capitals, centroids, gbif, institutions) [2026-03-29]","standardized authors names in recordedBy / standardized authors names in identifiedBy","Colección","G.U. & E.M.S. & A.M.G.","A. Espejo & A.R.L.F."
"1095","HEM2025_1095","PreservedSpecimen","Coleccion",NA,"UNICACH","SPECIES","HEM","P.C. | R.O. | M.V.M.","7","Espejo, A. | A.R.L.F.","E","HEM2025",1,"Tillandsia seleriana",15.6805555555556,-92.5958333333333,"1998-06-23","change1: Filled coordinateUncertaintyInMeters from decimal-place precision (conservative). | epi_taxo: acceptedName(match1); authorship_epig(match1); genus_from_scientificName; family_WFO; order_majorGroup_WCVP [2026-03-11] | CoordinateCleaner QA applied without sea test (validity, equal, zeros, capitals, centroids, gbif, institutions) [2026-03-29]","standardized authors names in recordedBy / standardized authors names in identifiedBy","Colección","P.C. & R.O. & M.V.M.","A. Espejo & A.R.L.F."
"1096","HEM2025_1096","PreservedSpecimen","Coleccion",NA,"UNICACH","SPECIES","HEM","V.M.","4","Espejo, A. | A.R.L.F.","E","HEM2025",1,"Tillandsia seleriana",15.6805555555556,-92.5958333333333,"1998-06-23","change1: Filled coordinateUncertaintyInMeters from decimal-place precision (conservative). | epi_taxo: acceptedName(match1); authorship_epig(match1); genus_from_scientificName; family_WFO; order_majorGroup_WCVP [2026-03-11] | CoordinateCleaner QA applied without sea test (validity, equal, zeros, capitals, centroids, gbif, institutions) [2026-03-29]","standardized authors names in identifiedBy","Colección","V.M.","A. Espejo & A.R.L.F."
"1097","HEM2025_1097","PreservedSpecimen","Coleccion",NA,"UNICACH","SPECIES","HEM","Camilo, R.M.","625","Espejo, A. | A.R.L.F.","E","HEM2025",1,"Tillandsia seleriana",16.8969444444444,-93.1255555555556,"2002-08-16","change1: Filled coordinateUncertaintyInMeters from decimal-place precision (conservative). | epi_taxo: acceptedName(match1); authorship_epig(match1); genus_from_scientificName; family_WFO; order_majorGroup_WCVP [2026-03-11] | CoordinateCleaner QA applied without sea test (validity, equal, zeros, capitals, centroids, gbif, institutions) [2026-03-29]","standardized authors names in recordedBy / standardized authors names in identifiedBy","Colección","R.M. Camilo","A. Espejo & A.R.L.F."
"1098","HEM2025_1098","PreservedSpecimen","Coleccion",NA,"UNICACH","SPECIES","HEM","J.M.M.","33","Espejo, A. | A.R.L.F.","E","HEM2025",1,"Tillandsia seleriana",15.9638888888889,-93.2861111111111,"2002-03-08","change1: Filled coordinateUncertaintyInMeters from decimal-place precision (conservative). | epi_taxo: acceptedName(match1); authorship_epig(match1); genus_from_scientificName; family_WFO; order_majorGroup_WCVP [2026-03-11] | CoordinateCleaner QA applied without sea test (validity, equal, zeros, capitals, centroids, gbif, institutions) [2026-03-29]","standardized authors names in identifiedBy","Colección","J.M.M.","A. Espejo & A.R.L.F."
"1099","HEM2025_1099","PreservedSpecimen","Coleccion",NA,"UNICACH","GENUS","HEM","Perez-Farrera, M.A.","585-bis","N.M.M.","E","HEM2025",NA,"",16.3166666666667,-93.6166666666667,"1995-07-17","change1: Genus placeholder (sp./spp.): moved to 'genus', set taxonRank=GENUS, cleared scientificName; kept original in verbatim. | change2: Filled coordinateUncertaintyInMeters from decimal-place precision (conservative). | epi_taxo: acceptedName(match1); authorship_epig(match1); genus_from_scientificName; family_WFO; order_majorGroup_WCVP [2026-03-11] | CoordinateCleaner QA applied without sea test (validity, equal, zeros, capitals, centroids, gbif, institutions) [2026-03-29]","standardized authors names in recordedBy","Colección","M.A. Pérez-Farrera","N.M.M."
"1100","HEM2025_1100","PreservedSpecimen","Coleccion",NA,"UNICACH","GENUS","HEM","N.M.M.","32","Espejo, A. | A.R.L.F.","E","HEM2025",NA,"",15.7227777777778,-92.9436111111111,"2001-04-30","change1: Genus placeholder (sp./spp.): moved to 'genus', set taxonRank=GENUS, cleared scientificName; kept original in verbatim. | change2: Filled coordinateUncertaintyInMeters from decimal-place precision (conservative). | epi_taxo: acceptedName(match1); authorship_epig(match1); genus_from_scientificName; family_WFO; order_majorGroup_WCVP [2026-03-11] | CoordinateCleaner QA applied without sea test (validity, equal, zeros, capitals, centroids, gbif, institutions) [2026-03-29]","standardized authors names in identifiedBy","Colección","N.M.M.","A. Espejo & A.R.L.F."
"1101","HEM2025_1101","PreservedSpecimen","Coleccion",NA,"UNICACH","GENUS","HEM","Camilo, R.M.","562","Espejo, A. | A.R.L.F.","E","HEM2025",NA,"",15.8138888888889,-93.0305555555556,"2002-03-15","change1: Genus placeholder (sp./spp.): moved to 'genus', set taxonRank=GENUS, cleared scientificName; kept original in verbatim. | change2: Filled coordinateUncertaintyInMeters from decimal-place precision (conservative). | epi_taxo: acceptedName(match1); authorship_epig(match1); genus_from_scientificName; family_WFO; order_majorGroup_WCVP [2026-03-11] | CoordinateCleaner QA applied without sea test (validity, equal, zeros, capitals, centroids, gbif, institutions) [2026-03-29]","standardized authors names in recordedBy / standardized authors names in identifiedBy","Colección","R.M. Camilo","A. Espejo & A.R.L.F."
"1102","HEM2025_1102","PreservedSpecimen","Coleccion",NA,"UNICACH","GENUS","HEM","Camilo, R.M.","383","Espejo, A. | A.R.L.F.","E","HEM2025",NA,"",15.765,-92.9719444444444,"2002-02-23","change1: Genus placeholder (sp./spp.): moved to 'genus', set taxonRank=GENUS, cleared scientificName; kept original in verbatim. | change2: Filled coordinateUncertaintyInMeters from decimal-place precision (conservative). | epi_taxo: acceptedName(match1); authorship_epig(match1); genus_from_scientificName; family_WFO; order_majorGroup_WCVP [2026-03-11] | CoordinateCleaner QA applied without sea test (validity, equal, zeros, capitals, centroids, gbif, institutions) [2026-03-29]","standardized authors names in recordedBy / standardized authors names in identifiedBy","Colección","R.M. Camilo","A. Espejo & A.R.L.F."
"1103","HEM2025_1103","PreservedSpecimen","Coleccion",NA,"UNICACH","GENUS","HEM","Camilo, R.M.","383","Espejo, A. | A.R.L.F.","E","HEM2025",NA,"",15.765,-92.9719444444444,"2002-02-23","change1: Genus placeholder (sp./spp.): moved to 'genus', set taxonRank=GENUS, cleared scientificName; kept original in verbatim. | change2: Filled coordinateUncertaintyInMeters from decimal-place precision (conservative). | epi_taxo: acceptedName(match1); authorship_epig(match1); genus_from_scientificName; family_WFO; order_majorGroup_WCVP [2026-03-11] | CoordinateCleaner QA applied without sea test (validity, equal, zeros, capitals, centroids, gbif, institutions) [2026-03-29]","standardized authors names in recordedBy / standardized authors names in identifiedBy","Colección","R.M. Camilo","A. Espejo & A.R.L.F."
"1104","HEM2025_1104","PreservedSpecimen","Coleccion",NA,"UNICACH","GENUS","HEM","M.M.M. | N.M.M. | R.J.R.V. | E.C.N.","4179","N.M.M.","E","HEM2025",NA,"",15.1571111111111,-92.1808055555556,"2014-06-17","change1: Genus placeholder (sp./spp.): moved to 'genus', set taxonRank=GENUS, cleared scientificName; kept original in verbatim. | change2: Filled coordinateUncertaintyInMeters from decimal-place precision (conservative). | epi_taxo: acceptedName(match1); authorship_epig(match1); genus_from_scientificName; family_WFO; order_majorGroup_WCVP [2026-03-11] | CoordinateCleaner QA applied without sea test (validity, equal, zeros, capitals, centroids, gbif, institutions) [2026-03-29]","standardized authors names in recordedBy","Colección","M.M.M. & N.M.M. & R.J.R.V. & E.C.N.","N.M.M."
"1105","HEM2025_1105","PreservedSpecimen","Coleccion",NA,"UNICACH","GENUS","HEM","P.C. | V.M.","9","Espejo, A. | A.R.L.F.","E","HEM2025",NA,"",15.6805555555556,-92.5958333333333,"1998-06-23","change1: Genus placeholder (sp./spp.): moved to 'genus', set taxonRank=GENUS, cleared scientificName; kept original in verbatim. | change2: Filled coordinateUncertaintyInMeters from decimal-place precision (conservative). | epi_taxo: acceptedName(match1); authorship_epig(match1); genus_from_scientificName; family_WFO; order_majorGroup_WCVP [2026-03-11] | CoordinateCleaner QA applied without sea test (validity, equal, zeros, capitals, centroids, gbif, institutions) [2026-03-29]","standardized authors names in recordedBy / standardized authors names in identifiedBy","Colección","P.C. & V.M.","A. Espejo & A.R.L.F."
"1106","HEM2025_1106","PreservedSpecimen","Coleccion",NA,"UNICACH","GENUS","HEM","G.U. | E.M.S. | A.M.G.","59","Espejo, A. | A.R.L.F.","E","HEM2025",NA,"",16.7944444444444,-93.1008333333333,"1987-02-18","change1: Genus placeholder (sp./spp.): moved to 'genus', set taxonRank=GENUS, cleared scientificName; kept original in verbatim. | change2: Filled coordinateUncertaintyInMeters from decimal-place precision (conservative). | epi_taxo: acceptedName(match1); authorship_epig(match1); genus_from_scientificName; family_WFO; order_majorGroup_WCVP [2026-03-11] | CoordinateCleaner QA applied without sea test (validity, equal, zeros, capitals, centroids, gbif, institutions) [2026-03-29]","standardized authors names in recordedBy / standardized authors names in identifiedBy","Colección","G.U. & E.M.S. & A.M.G.","A. Espejo & A.R.L.F."
"1107","HEM2025_1107","PreservedSpecimen","Coleccion",NA,"UNICACH","GENUS","HEM","G.U. | E.M.S. | A.M.G.","59","Espejo, A. | A.R.L.F.","E","HEM2025",NA,"",16.7944444444444,-93.1008333333333,"1987-02-18","change1: Genus placeholder (sp./spp.): moved to 'genus', set taxonRank=GENUS, cleared scientificName; kept original in verbatim. | change2: Filled coordinateUncertaintyInMeters from decimal-place precision (conservative). | epi_taxo: acceptedName(match1); authorship_epig(match1); genus_from_scientificName; family_WFO; order_majorGroup_WCVP [2026-03-11] | CoordinateCleaner QA applied without sea test (validity, equal, zeros, capitals, centroids, gbif, institutions) [2026-03-29]","standardized authors names in recordedBy / standardized authors names in identifiedBy","Colección","G.U. & E.M.S. & A.M.G.","A. Espejo & A.R.L.F."
"1108","HEM2025_1108","PreservedSpecimen","Coleccion",NA,"UNICACH","GENUS","HEM","N.M.M.","2043","N.M.M.","E","HEM2025",NA,"",17.0667027777778,-94.1222138888889,"2007-02-23","change1: Genus placeholder (sp./spp.): moved to 'genus', set taxonRank=GENUS, cleared scientificName; kept original in verbatim. | change2: Filled coordinateUncertaintyInMeters from decimal-place precision (conservative). | epi_taxo: acceptedName(match1); authorship_epig(match1); genus_from_scientificName; family_WFO; order_majorGroup_WCVP [2026-03-11] | CoordinateCleaner QA applied without sea test (validity, equal, zeros, capitals, centroids, gbif, institutions) [2026-03-29]","","Colección","N.M.M.","N.M.M."
"1109","HEM2025_1109","PreservedSpecimen","Coleccion",NA,"UNICACH","GENUS","HEM","N.M.M.","2048","N.M.M.","E","HEM2025",NA,"",17.0667027777778,-94.1222138888889,"2007-02-23","change1: Genus placeholder (sp./spp.): moved to 'genus', set taxonRank=GENUS, cleared scientificName; kept original in verbatim. | change2: Filled coordinateUncertaintyInMeters from decimal-place precision (conservative). | epi_taxo: acceptedName(match1); authorship_epig(match1); genus_from_scientificName; family_WFO; order_majorGroup_WCVP [2026-03-11] | CoordinateCleaner QA applied without sea test (validity, equal, zeros, capitals, centroids, gbif, institutions) [2026-03-29]","","Colección","N.M.M.","N.M.M."
"1110","HEM2025_1110","PreservedSpecimen","Coleccion",NA,"UNICACH","GENUS","HEM","P.C. | V.M.","3","Espejo, A. | A.R.L.F.","E","HEM2025",NA,"",15.6805555555556,-92.5958333333333,"1998-06-23","change1: Genus placeholder (sp./spp.): moved to 'genus', set taxonRank=GENUS, cleared scientificName; kept original in verbatim. | change2: Filled coordinateUncertaintyInMeters from decimal-place precision (conservative). | epi_taxo: acceptedName(match1); authorship_epig(match1); genus_from_scientificName; family_WFO; order_majorGroup_WCVP [2026-03-11] | CoordinateCleaner QA applied without sea test (validity, equal, zeros, capitals, centroids, gbif, institutions) [2026-03-29]","standardized authors names in recordedBy / standardized authors names in identifiedBy","Colección","P.C. & V.M.","A. Espejo & A.R.L.F."
"1111","HEM2025_1111","PreservedSpecimen","Coleccion",NA,"UNICACH","GENUS","HEM","F.E.P.C.","109","Espejo, A. | A.R.L.F.","E","HEM2025",NA,"",15.5791666666667,-92.5361111111111,"1999-01-28","change1: Genus placeholder (sp./spp.): moved to 'genus', set taxonRank=GENUS, cleared scientificName; kept original in verbatim. | change2: Filled coordinateUncertaintyInMeters from decimal-place precision (conservative). | epi_taxo: acceptedName(match1); authorship_epig(match1); genus_from_scientificName; family_WFO; order_majorGroup_WCVP [2026-03-11] | CoordinateCleaner QA applied without sea test (validity, equal, zeros, capitals, centroids, gbif, institutions) [2026-03-29]","standardized authors names in identifiedBy","Colección","F.E.P.C.","A. Espejo & A.R.L.F."
"1112","HEM2025_1112","PreservedSpecimen","Coleccion",NA,"UNICACH","GENUS","HEM","F.E.P.C.","109","Espejo, A. | A.R.L.F.","E","HEM2025",NA,"",15.5791666666667,-92.5361111111111,"1999-01-28","change1: Genus placeholder (sp./spp.): moved to 'genus', set taxonRank=GENUS, cleared scientificName; kept original in verbatim. | change2: Filled coordinateUncertaintyInMeters from decimal-place precision (conservative). | epi_taxo: acceptedName(match1); authorship_epig(match1); genus_from_scientificName; family_WFO; order_majorGroup_WCVP [2026-03-11] | CoordinateCleaner QA applied without sea test (validity, equal, zeros, capitals, centroids, gbif, institutions) [2026-03-29]","standardized authors names in identifiedBy","Colección","F.E.P.C.","A. Espejo & A.R.L.F."
"1113","HEM2025_1113","PreservedSpecimen","Coleccion",NA,"UNICACH","GENUS","HEM","F.E.P.C. | P.C.","50","Espejo, A. | A.R.L.F.","E","HEM2025",NA,"",15.3944444444444,-92.6166666666667,"1998-11-27","change1: Genus placeholder (sp./spp.): moved to 'genus', set taxonRank=GENUS, cleared scientificName; kept original in verbatim. | change2: Filled coordinateUncertaintyInMeters from decimal-place precision (conservative). | epi_taxo: acceptedName(match1); authorship_epig(match1); genus_from_scientificName; family_WFO; order_majorGroup_WCVP [2026-03-11] | CoordinateCleaner QA applied without sea test (validity, equal, zeros, capitals, centroids, gbif, institutions) [2026-03-29]","standardized authors names in recordedBy / standardized authors names in identifiedBy","Colección","F.E.P.C. & P.C.","A. Espejo & A.R.L.F."
"1114","HEM2025_1114","PreservedSpecimen","Coleccion",NA,"UNICACH","GENUS","HEM","R.O.","104","Espejo, A. | A.R.L.F.","E","HEM2025",NA,"",15.5791666666667,-92.5361111111111,"1999-01-28","change1: Genus placeholder (sp./spp.): moved to 'genus', set taxonRank=GENUS, cleared scientificName; kept original in verbatim. | change2: Filled coordinateUncertaintyInMeters from decimal-place precision (conservative). | epi_taxo: acceptedName(match1); authorship_epig(match1); genus_from_scientificName; family_WFO; order_majorGroup_WCVP [2026-03-11] | CoordinateCleaner QA applied without sea test (validity, equal, zeros, capitals, centroids, gbif, institutions) [2026-03-29]","standardized authors names in identifiedBy","Colección","R.O.","A. Espejo & A.R.L.F."
"1115","HEM2025_1115","PreservedSpecimen","Coleccion",NA,"UNICACH","GENUS","HEM","R.O.","104","Espejo, A. | A.R.L.F.","E","HEM2025",NA,"",15.5791666666667,-92.5361111111111,"1999-01-28","change1: Genus placeholder (sp./spp.): moved to 'genus', set taxonRank=GENUS, cleared scientificName; kept original in verbatim. | change2: Filled coordinateUncertaintyInMeters from decimal-place precision (conservative). | epi_taxo: acceptedName(match1); authorship_epig(match1); genus_from_scientificName; family_WFO; order_majorGroup_WCVP [2026-03-11] | CoordinateCleaner QA applied without sea test (validity, equal, zeros, capitals, centroids, gbif, institutions) [2026-03-29]","standardized authors names in identifiedBy","Colección","R.O.","A. Espejo & A.R.L.F."
"1116","HEM2025_1116","PreservedSpecimen","Coleccion",NA,"UNICACH","GENUS","HEM","N.M.M.","181","Espejo, A. | A.R.L.F.","E","HEM2025",NA,"",15.7227777777778,-92.9436111111111,"2002-02-05","change1: Genus placeholder (sp./spp.): moved to 'genus', set taxonRank=GENUS, cleared scientificName; kept original in verbatim. | change2: Filled coordinateUncertaintyInMeters from decimal-place precision (conservative). | epi_taxo: acceptedName(match1); authorship_epig(match1); genus_from_scientificName; family_WFO; order_majorGroup_WCVP [2026-03-11] | CoordinateCleaner QA applied without sea test (validity, equal, zeros, capitals, centroids, gbif, institutions) [2026-03-29]","standardized authors names in identifiedBy","Colección","N.M.M.","A. Espejo & A.R.L.F."
"1117","HEM2025_1117","PreservedSpecimen","Coleccion",NA,"UNICACH","GENUS","HEM","Perez-Farrera, M.A.","470","Espejo, A. | A.R.L.F.","E","HEM2025",NA,"",16.3416666666667,-93.7083333333333,"1995-05-25","change1: Genus placeholder (sp./spp.): moved to 'genus', set taxonRank=GENUS, cleared scientificName; kept original in verbatim. | change2: Filled coordinateUncertaintyInMeters from decimal-place precision (conservative). | epi_taxo: acceptedName(match1); authorship_epig(match1); genus_from_scientificName; family_WFO; order_majorGroup_WCVP [2026-03-11] | CoordinateCleaner QA applied without sea test (validity, equal, zeros, capitals, centroids, gbif, institutions) [2026-03-29]","standardized authors names in recordedBy / standardized authors names in identifiedBy","Colección","M.A. Pérez-Farrera","A. Espejo & A.R.L.F."
"1118","HEM2025_1118","PreservedSpecimen","Coleccion",NA,"UNICACH","GENUS","HEM","S.M.V.M.","243","Espejo, A. | A.R.L.F.","E","HEM2025",NA,"",16.2688888888889,-93.8658333333333,"2003-03-01","change1: Genus placeholder (sp./spp.): moved to 'genus', set taxonRank=GENUS, cleared scientificName; kept original in verbatim. | change2: Filled coordinateUncertaintyInMeters from decimal-place precision (conservative). | epi_taxo: acceptedName(match1); authorship_epig(match1); genus_from_scientificName; family_WFO; order_majorGroup_WCVP [2026-03-11] | CoordinateCleaner QA applied without sea test (validity, equal, zeros, capitals, centroids, gbif, institutions) [2026-03-29]","standardized authors names in identifiedBy","Colección","S.M.V.M.","A. Espejo & A.R.L.F."
"1119","HEM2025_1119","PreservedSpecimen","Coleccion",NA,"UNICACH","GENUS","HEM","S.M.V.M.","243","Espejo, A. | A.R.L.F.","E","HEM2025",NA,"",16.2688888888889,-93.8658333333333,"2003-03-01","change1: Genus placeholder (sp./spp.): moved to 'genus', set taxonRank=GENUS, cleared scientificName; kept original in verbatim. | change2: Filled coordinateUncertaintyInMeters from decimal-place precision (conservative). | epi_taxo: acceptedName(match1); authorship_epig(match1); genus_from_scientificName; family_WFO; order_majorGroup_WCVP [2026-03-11] | CoordinateCleaner QA applied without sea test (validity, equal, zeros, capitals, centroids, gbif, institutions) [2026-03-29]","standardized authors names in identifiedBy","Colección","S.M.V.M.","A. Espejo & A.R.L.F."
"1120","HEM2025_1120","PreservedSpecimen","Coleccion",NA,"UNICACH","SPECIES","HEM","Perez-Farrera, M.A.","289","Espejo, A. | A.R.L.F.","E","HEM2025",1,"Tillandsia streptophylla",16.8941666666667,-93.3941666666667,"1995-04-28","change1: Filled coordinateUncertaintyInMeters from decimal-place precision (conservative). | epi_taxo: acceptedName(match1); authorship_epig(match1); genus_from_scientificName; family_WFO; order_majorGroup_WCVP [2026-03-11] | CoordinateCleaner QA applied without sea test (validity, equal, zeros, capitals, centroids, gbif, institutions) [2026-03-29]","standardized authors names in recordedBy / standardized authors names in identifiedBy","Colección","M.A. Pérez-Farrera","A. Espejo & A.R.L.F."
"1121","HEM2025_1121","PreservedSpecimen","Coleccion",NA,"UNICACH","SPECIES","HEM","Perez-Farrera, M.A.","289","Espejo, A. | A.R.L.F.","E","HEM2025",1,"Tillandsia streptophylla",16.8941666666667,-93.3941666666667,"1995-04-28","change1: Filled coordinateUncertaintyInMeters from decimal-place precision (conservative). | epi_taxo: acceptedName(match1); authorship_epig(match1); genus_from_scientificName; family_WFO; order_majorGroup_WCVP [2026-03-11] | CoordinateCleaner QA applied without sea test (validity, equal, zeros, capitals, centroids, gbif, institutions) [2026-03-29]","standardized authors names in recordedBy / standardized authors names in identifiedBy","Colección","M.A. Pérez-Farrera","A. Espejo & A.R.L.F."
"1122","HEM2025_1122","PreservedSpecimen","Coleccion",NA,"UNICACH","SPECIES","HEM","Perez-Farrera, M.A.","289-bis","C.R.B.B.","E","HEM2025",1,"Tillandsia streptophylla",16.8716666666667,-93.3647222222222,"1995-04-28","change1: Filled coordinateUncertaintyInMeters from decimal-place precision (conservative). | epi_taxo: acceptedName(match1); authorship_epig(match1); genus_from_scientificName; family_WFO; order_majorGroup_WCVP [2026-03-11] | CoordinateCleaner QA applied without sea test (validity, equal, zeros, capitals, centroids, gbif, institutions) [2026-03-29]","standardized authors names in recordedBy","Colección","M.A. Pérez-Farrera","C.R.B.B."
"1123","HEM2025_1123","PreservedSpecimen","Coleccion",NA,"UNICACH","SPECIES","HEM","Perez-Farrera, M.A.","289-bis","C.R.B.B.","E","HEM2025",1,"Tillandsia streptophylla",16.8716666666667,-93.3647222222222,"1995-04-28","change1: Filled coordinateUncertaintyInMeters from decimal-place precision (conservative). | epi_taxo: acceptedName(match1); authorship_epig(match1); genus_from_scientificName; family_WFO; order_majorGroup_WCVP [2026-03-11] | CoordinateCleaner QA applied without sea test (validity, equal, zeros, capitals, centroids, gbif, institutions) [2026-03-29]","standardized authors names in recordedBy","Colección","M.A. Pérez-Farrera","C.R.B.B."
"1124","HEM2025_1124","PreservedSpecimen","Coleccion",NA,"UNICACH","SPECIES","HEM","M.M.M.","342","N.M.M.","E","HEM2025",1,"Tillandsia streptophylla",17.0415,-93.2363611111111,"2009-10-21","change1: Filled coordinateUncertaintyInMeters from decimal-place precision (conservative). | epi_taxo: acceptedName(match1); authorship_epig(match1); genus_from_scientificName; family_WFO; order_majorGroup_WCVP [2026-03-11] | CoordinateCleaner QA applied without sea test (validity, equal, zeros, capitals, centroids, gbif, institutions) [2026-03-29]","","Colección","M.M.M.","N.M.M."
"1125","HEM2025_1125","PreservedSpecimen","Coleccion",NA,"UNICACH","SPECIES","HEM","G.U. | E.M.S. | A.M.G.","140","Espejo, A. | A.R.L.F.","E","HEM2025",1,"Tillandsia streptophylla",16.8211111111111,-90.8877777777778,"1987-05-26","change1: Filled coordinateUncertaintyInMeters from decimal-place precision (conservative). | epi_taxo: acceptedName(match1); authorship_epig(match1); genus_from_scientificName; family_WFO; order_majorGroup_WCVP [2026-03-11] | CoordinateCleaner QA applied without sea test (validity, equal, zeros, capitals, centroids, gbif, institutions) [2026-03-29]","standardized authors names in recordedBy / standardized authors names in identifiedBy","Colección","G.U. & E.M.S. & A.M.G.","A. Espejo & A.R.L.F."
"1126","HEM2025_1126","PreservedSpecimen","Coleccion",NA,"UNICACH","SPECIES","HEM","S.M.V.M.","241","Espejo, A. | A.R.L.F.","E","HEM2025",1,"Tillandsia streptophylla",16.3194444444444,-93.8566666666667,"2003-03-01","change1: Filled coordinateUncertaintyInMeters from decimal-place precision (conservative). | epi_taxo: acceptedName(match1); authorship_epig(match1); genus_from_scientificName; family_WFO; order_majorGroup_WCVP [2026-03-11] | CoordinateCleaner QA applied without sea test (validity, equal, zeros, capitals, centroids, gbif, institutions) [2026-03-29]","standardized authors names in identifiedBy","Colección","S.M.V.M.","A. Espejo & A.R.L.F."
"1127","HEM2025_1127","PreservedSpecimen","Coleccion",NA,"UNICACH","SPECIES","HEM","N.M.M.","662","N.M.M.","E","HEM2025",1,"Tillandsia tricolor",15.6396388888889,-92.6553611111111,"2005-01-17","change1: Filled coordinateUncertaintyInMeters from decimal-place precision (conservative). | epi_taxo: acceptedName(match1); authorship_epig(match1); genus_from_scientificName; family_WFO; order_majorGroup_WCVP [2026-03-11] | CoordinateCleaner QA applied without sea test (validity, equal, zeros, capitals, centroids, gbif, institutions) [2026-03-29]","","Colección","N.M.M.","N.M.M."
"1128","HEM2025_1128","PreservedSpecimen","Coleccion",NA,"UNICACH","SPECIES","HEM","A.R.A.","297","Camilo, R.M.","E","HEM2025",1,"Tillandsia tricolor",15.8213888888889,-93.0488888888889,"2005-04-22","change1: Filled coordinateUncertaintyInMeters from decimal-place precision (conservative). | epi_taxo: acceptedName(match1); authorship_epig(match1); genus_from_scientificName; family_WFO; order_majorGroup_WCVP [2026-03-11] | CoordinateCleaner QA applied without sea test (validity, equal, zeros, capitals, centroids, gbif, institutions) [2026-03-29]","standardized authors names in identifiedBy","Colección","A.R.A.","R.M. Camilo"
"1129","HEM2025_1129","PreservedSpecimen","Coleccion",NA,"UNICACH","SPECIES","HEM","F.E.P.C.","165","Camilo, R.M.","E","HEM2025",1,"Tillandsia tricolor",15.8244444444444,-93.0630555555556,"1999-03-17","change1: Filled coordinateUncertaintyInMeters from decimal-place precision (conservative). | epi_taxo: acceptedName(match1); authorship_epig(match1); genus_from_scientificName; family_WFO; order_majorGroup_WCVP [2026-03-11] | CoordinateCleaner QA applied without sea test (validity, equal, zeros, capitals, centroids, gbif, institutions) [2026-03-29]","standardized authors names in identifiedBy","Colección","F.E.P.C.","R.M. Camilo"
"1130","HEM2025_1130","PreservedSpecimen","Coleccion",NA,"UNICACH","SPECIES","HEM","F.E.P.C.","164","Espejo, A. | A.R.L.F.","E","HEM2025",1,"Tillandsia tricolor",15.8244444444444,-93.0630555555556,"1999-02-10","change1: Filled coordinateUncertaintyInMeters from decimal-place precision (conservative). | epi_taxo: acceptedName(match1); authorship_epig(match1); genus_from_scientificName; family_WFO; order_majorGroup_WCVP [2026-03-11] | CoordinateCleaner QA applied without sea test (validity, equal, zeros, capitals, centroids, gbif, institutions) [2026-03-29]","standardized authors names in identifiedBy","Colección","F.E.P.C.","A. Espejo & A.R.L.F."
"1131","HEM2025_1131","PreservedSpecimen","Coleccion",NA,"UNICACH","SPECIES","HEM","G.U. | E.M.S. | A.M.G.","49-bis","Espejo, A. | A.R.L.F.","E","HEM2025",1,"Tillandsia tricolor",16.7944444444444,-93.1008333333333,"1987-02-18","change1: Filled coordinateUncertaintyInMeters from decimal-place precision (conservative). | epi_taxo: acceptedName(match1); authorship_epig(match1); genus_from_scientificName; family_WFO; order_majorGroup_WCVP [2026-03-11] | CoordinateCleaner QA applied without sea test (validity, equal, zeros, capitals, centroids, gbif, institutions) [2026-03-29]","standardized authors names in recordedBy / standardized authors names in identifiedBy","Colección","G.U. & E.M.S. & A.M.G.","A. Espejo & A.R.L.F."
"1132","HEM2025_1132","PreservedSpecimen","Coleccion",NA,"UNICACH","SPECIES","HEM","G.U. | E.M.S. | A.M.G.","49-bis","Espejo, A. | A.R.L.F.","E","HEM2025",1,"Tillandsia tricolor",16.7944444444444,-93.1008333333333,"1987-02-18","change1: Filled coordinateUncertaintyInMeters from decimal-place precision (conservative). | epi_taxo: acceptedName(match1); authorship_epig(match1); genus_from_scientificName; family_WFO; order_majorGroup_WCVP [2026-03-11] | CoordinateCleaner QA applied without sea test (validity, equal, zeros, capitals, centroids, gbif, institutions) [2026-03-29]","standardized authors names in recordedBy / standardized authors names in identifiedBy","Colección","G.U. & E.M.S. & A.M.G.","A. Espejo & A.R.L.F."
"1133","HEM2025_1133","PreservedSpecimen","Coleccion",NA,"UNICACH","SPECIES","HEM","G.U. | E.M.S. | A.M.G.","52-bis","Espejo, A. | A.R.L.F.","E","HEM2025",1,"Tillandsia tricolor",16.7944444444444,-93.1008333333333,"1987-02-18","change1: Filled coordinateUncertaintyInMeters from decimal-place precision (conservative). | epi_taxo: acceptedName(match1); authorship_epig(match1); genus_from_scientificName; family_WFO; order_majorGroup_WCVP [2026-03-11] | CoordinateCleaner QA applied without sea test (validity, equal, zeros, capitals, centroids, gbif, institutions) [2026-03-29]","standardized authors names in recordedBy / standardized authors names in identifiedBy","Colección","G.U. & E.M.S. & A.M.G.","A. Espejo & A.R.L.F."
"1134","HEM2025_1134","PreservedSpecimen","Coleccion",NA,"UNICACH","SPECIES","HEM","G.U. | E.M.S. | A.M.G.","52-bis","Espejo, A. | A.R.L.F.","E","HEM2025",1,"Tillandsia tricolor",16.7944444444444,-93.1008333333333,"1987-02-18","change1: Filled coordinateUncertaintyInMeters from decimal-place precision (conservative). | epi_taxo: acceptedName(match1); authorship_epig(match1); genus_from_scientificName; family_WFO; order_majorGroup_WCVP [2026-03-11] | CoordinateCleaner QA applied without sea test (validity, equal, zeros, capitals, centroids, gbif, institutions) [2026-03-29]","standardized authors names in recordedBy / standardized authors names in identifiedBy","Colección","G.U. & E.M.S. & A.M.G.","A. Espejo & A.R.L.F."
"1135","HEM2025_1135","PreservedSpecimen","Coleccion",NA,"UNICACH","SPECIES","HEM","N.M.M.","502","N.M.M.","E","HEM2025",1,"Tillandsia tricolor",16.8926972222222,-93.3419222222222,"2004-10-15","change1: Filled coordinateUncertaintyInMeters from decimal-place precision (conservative). | epi_taxo: acceptedName(match1); authorship_epig(match1); genus_from_scientificName; family_WFO; order_majorGroup_WCVP [2026-03-11] | CoordinateCleaner QA applied without sea test (validity, equal, zeros, capitals, centroids, gbif, institutions) [2026-03-29]","","Colección","N.M.M.","N.M.M."
"1136","HEM2025_1136","PreservedSpecimen","Coleccion",NA,"UNICACH","SPECIES","HEM","H.G.D.","1089","H.G.D.","E","HEM2025",1,"Tillandsia tricolor",15.5977222222222,-92.6570277777778,"2005-07-21","change1: Filled coordinateUncertaintyInMeters from decimal-place precision (conservative). | epi_taxo: acceptedName(match1); authorship_epig(match1); genus_from_scientificName; family_WFO; order_majorGroup_WCVP [2026-03-11] | CoordinateCleaner QA applied without sea test (validity, equal, zeros, capitals, centroids, gbif, institutions) [2026-03-29]","","Colección","H.G.D.","H.G.D."
"1137","HEM2025_1137","PreservedSpecimen","Coleccion",NA,"UNICACH","SPECIES","HEM","J.M.M.","1729","Espejo, A. | A.R.L.F.","E","HEM2025",1,"Tillandsia tricolor",15.8275,-93.1108333333333,"2007-01-24","change1: Filled coordinateUncertaintyInMeters from decimal-place precision (conservative). | epi_taxo: acceptedName(match1); authorship_epig(match1); genus_from_scientificName; family_WFO; order_majorGroup_WCVP [2026-03-11] | CoordinateCleaner QA applied without sea test (validity, equal, zeros, capitals, centroids, gbif, institutions) [2026-03-29]","standardized authors names in identifiedBy","Colección","J.M.M.","A. Espejo & A.R.L.F."
"1138","HEM2025_1138","PreservedSpecimen","Coleccion",NA,"UNICACH","SPECIES","HEM","H.G.D.","409","O.F.S.","E","HEM2025",1,"Tillandsia tricolor",16.0458333333333,-93.4041666666667,"2003-09-14","change1: Filled coordinateUncertaintyInMeters from decimal-place precision (conservative). | epi_taxo: acceptedName(match1); authorship_epig(match1); genus_from_scientificName; family_WFO; order_majorGroup_WCVP [2026-03-11] | CoordinateCleaner QA applied without sea test (validity, equal, zeros, capitals, centroids, gbif, institutions) [2026-03-29]","","Colección","H.G.D.","O.F.S."
"1139","HEM2025_1139","PreservedSpecimen","Coleccion",NA,"UNICACH","SPECIES","HEM","M.M.M. | M.D.E.M.","1353","N.M.M. | J.M.M.","E","HEM2025",1,"Tillandsia tricolor",15.0847777777778,-92.0990833333333,"2013-04-28","change1: Filled coordinateUncertaintyInMeters from decimal-place precision (conservative). | epi_taxo: acceptedName(match1); authorship_epig(match1); genus_from_scientificName; family_WFO; order_majorGroup_WCVP [2026-03-11] | CoordinateCleaner QA applied without sea test (validity, equal, zeros, capitals, centroids, gbif, institutions) [2026-03-29]","standardized authors names in recordedBy / standardized authors names in identifiedBy","Colección","M.M.M. & M.D.E.M.","N.M.M. & J.M.M."
"1140","HEM2025_1140","PreservedSpecimen","Coleccion",NA,"UNICACH","SPECIES","HEM","M.M.M. | M.C.R.M.","2678","N.M.M.","E","HEM2025",1,"Tillandsia tricolor",15.1569722222222,-92.1405555555556,"2013-11-16","change1: Filled coordinateUncertaintyInMeters from decimal-place precision (conservative). | epi_taxo: acceptedName(match1); authorship_epig(match1); genus_from_scientificName; family_WFO; order_majorGroup_WCVP [2026-03-11] | CoordinateCleaner QA applied without sea test (validity, equal, zeros, capitals, centroids, gbif, institutions) [2026-03-29]","standardized authors names in recordedBy","Colección","M.M.M. & M.C.R.M.","N.M.M."
"1141","HEM2025_1141","PreservedSpecimen","Coleccion",NA,"UNICACH","SPECIES","HEM","M.M.M. | D.A.J.L.","3461-BIS","N.M.M.","E","HEM2025",1,"Tillandsia tricolor",15.0900833333333,-92.0916388888889,"2014-01-21","change1: Filled coordinateUncertaintyInMeters from decimal-place precision (conservative). | epi_taxo: acceptedName(match1); authorship_epig(match1); genus_from_scientificName; family_WFO; order_majorGroup_WCVP [2026-03-11] | CoordinateCleaner QA applied without sea test (validity, equal, zeros, capitals, centroids, gbif, institutions) [2026-03-29]","standardized authors names in recordedBy","Colección","M.M.M. & D.A.J.L.","N.M.M."
"1142","HEM2025_1142","PreservedSpecimen","Coleccion",NA,"UNICACH","SPECIES","HEM","M.M.M. | M.C.R.M.","2591","N.M.M.","E","HEM2025",1,"Tillandsia tricolor",15.1495833333333,-92.1474166666667,"2013-11-15","change1: Filled coordinateUncertaintyInMeters from decimal-place precision (conservative). | epi_taxo: acceptedName(match1); authorship_epig(match1); genus_from_scientificName; family_WFO; order_majorGroup_WCVP [2026-03-11] | CoordinateCleaner QA applied without sea test (validity, equal, zeros, capitals, centroids, gbif, institutions) [2026-03-29]","standardized authors names in recordedBy","Colección","M.M.M. & M.C.R.M.","N.M.M."
"1143","HEM2025_1143","PreservedSpecimen","Coleccion",NA,"UNICACH","SPECIES","HEM","M.M.M. | M.C.R.M.","2850","N.M.M.","E","HEM2025",1,"Tillandsia tricolor",15.1546944444444,-92.1363888888889,"2013-11-19","change1: Filled coordinateUncertaintyInMeters from decimal-place precision (conservative). | epi_taxo: acceptedName(match1); authorship_epig(match1); genus_from_scientificName; family_WFO; order_majorGroup_WCVP [2026-03-11] | CoordinateCleaner QA applied without sea test (validity, equal, zeros, capitals, centroids, gbif, institutions) [2026-03-29]","standardized authors names in recordedBy","Colección","M.M.M. & M.C.R.M.","N.M.M."
"1144","HEM2025_1144","PreservedSpecimen","Coleccion",NA,"UNICACH","SPECIES","HEM","M.M.M. | M.C.R.M.","3820","N.M.M.","E","HEM2025",1,"Tillandsia tricolor",15.1606944444444,-92.14775,"2014-01-31","change1: Filled coordinateUncertaintyInMeters from decimal-place precision (conservative). | epi_taxo: acceptedName(match1); authorship_epig(match1); genus_from_scientificName; family_WFO; order_majorGroup_WCVP [2026-03-11] | CoordinateCleaner QA applied without sea test (validity, equal, zeros, capitals, centroids, gbif, institutions) [2026-03-29]","standardized authors names in recordedBy","Colección","M.M.M. & M.C.R.M.","N.M.M."
"1145","HEM2025_1145","PreservedSpecimen","Coleccion",NA,"UNICACH","SPECIES","HEM","M.M.M. | M.C.R.M.","3955","N.M.M.","E","HEM2025",1,"Tillandsia tricolor",15.1527777777778,-92.1825,"2014-02-02","change1: Filled coordinateUncertaintyInMeters from decimal-place precision (conservative). | epi_taxo: acceptedName(match1); authorship_epig(match1); genus_from_scientificName; family_WFO; order_majorGroup_WCVP [2026-03-11] | CoordinateCleaner QA applied without sea test (validity, equal, zeros, capitals, centroids, gbif, institutions) [2026-03-29]","standardized authors names in recordedBy","Colección","M.M.M. & M.C.R.M.","N.M.M."
"1146","HEM2025_1146","PreservedSpecimen","Coleccion",NA,"UNICACH","SPECIES","HEM","M.M.M. | M.C.R.M.","4025","N.M.M.","E","HEM2025",1,"Tillandsia tricolor",15.1558055555556,-92.1452777777778,"2014-02-04","change1: Filled coordinateUncertaintyInMeters from decimal-place precision (conservative). | epi_taxo: acceptedName(match1); authorship_epig(match1); genus_from_scientificName; family_WFO; order_majorGroup_WCVP [2026-03-11] | CoordinateCleaner QA applied without sea test (validity, equal, zeros, capitals, centroids, gbif, institutions) [2026-03-29]","standardized authors names in recordedBy","Colección","M.M.M. & M.C.R.M.","N.M.M."
"1147","HEM2025_1147","PreservedSpecimen","Coleccion",NA,"UNICACH","SPECIES","HEM","G.U. | E.M.S. | A.M.G.","49","Espejo, A. | A.R.L.F.","E","HEM2025",1,"Tillandsia tricolor",16.7944444444444,-93.1008333333333,"1987-02-18","change1: Filled coordinateUncertaintyInMeters from decimal-place precision (conservative). | epi_taxo: acceptedName(match1); authorship_epig(match1); genus_from_scientificName; family_WFO; order_majorGroup_WCVP [2026-03-11] | CoordinateCleaner QA applied without sea test (validity, equal, zeros, capitals, centroids, gbif, institutions) [2026-03-29]","standardized authors names in recordedBy / standardized authors names in identifiedBy","Colección","G.U. & E.M.S. & A.M.G.","A. Espejo & A.R.L.F."
"1148","HEM2025_1148","PreservedSpecimen","Coleccion",NA,"UNICACH","SPECIES","HEM","G.U. | E.M.S. | A.M.G.","49","Espejo, A. | A.R.L.F.","E","HEM2025",1,"Tillandsia tricolor",16.7944444444444,-93.1008333333333,"1987-02-18","change1: Filled coordinateUncertaintyInMeters from decimal-place precision (conservative). | epi_taxo: acceptedName(match1); authorship_epig(match1); genus_from_scientificName; family_WFO; order_majorGroup_WCVP [2026-03-11] | CoordinateCleaner QA applied without sea test (validity, equal, zeros, capitals, centroids, gbif, institutions) [2026-03-29]","standardized authors names in recordedBy / standardized authors names in identifiedBy","Colección","G.U. & E.M.S. & A.M.G.","A. Espejo & A.R.L.F."
"1149","HEM2025_1149","PreservedSpecimen","Coleccion",NA,"UNICACH","SPECIES","HEM","Camilo, R.M. | R.V.H. | M.M.M.","2950","Camilo, R.M.","E","HEM2025",1,"Tillandsia tricolor",15.1284444444444,-92.1809444444444,"2015-03-26","change1: Filled coordinateUncertaintyInMeters from decimal-place precision (conservative). | epi_taxo: acceptedName(match1); authorship_epig(match1); genus_from_scientificName; family_WFO; order_majorGroup_WCVP [2026-03-11] | CoordinateCleaner QA applied without sea test (validity, equal, zeros, capitals, centroids, gbif, institutions) [2026-03-29]","standardized authors names in recordedBy / standardized authors names in identifiedBy","Colección","R.M. Camilo & R.V.H. & M.M.M.","R.M. Camilo"
"1150","HEM2025_1150","PreservedSpecimen","Coleccion",NA,"UNICACH","SPECIES","HEM","G.U. | E.M.S. | A.M.G.","52","Espejo, A. | A.R.L.F.","E","HEM2025",1,"Tillandsia tricolor",16.7944444444444,-93.1008333333333,"1987-02-18","change1: Filled coordinateUncertaintyInMeters from decimal-place precision (conservative). | epi_taxo: acceptedName(match1); authorship_epig(match1); genus_from_scientificName; family_WFO; order_majorGroup_WCVP [2026-03-11] | CoordinateCleaner QA applied without sea test (validity, equal, zeros, capitals, centroids, gbif, institutions) [2026-03-29]","standardized authors names in recordedBy / standardized authors names in identifiedBy","Colección","G.U. & E.M.S. & A.M.G.","A. Espejo & A.R.L.F."
"1151","HEM2025_1151","PreservedSpecimen","Coleccion",NA,"UNICACH","SPECIES","HEM","G.U. | E.M.S. | A.M.G.","52","Espejo, A. | A.R.L.F.","E","HEM2025",1,"Tillandsia tricolor",16.7944444444444,-93.1008333333333,"1987-02-18","change1: Filled coordinateUncertaintyInMeters from decimal-place precision (conservative). | epi_taxo: acceptedName(match1); authorship_epig(match1); genus_from_scientificName; family_WFO; order_majorGroup_WCVP [2026-03-11] | CoordinateCleaner QA applied without sea test (validity, equal, zeros, capitals, centroids, gbif, institutions) [2026-03-29]","standardized authors names in recordedBy / standardized authors names in identifiedBy","Colección","G.U. & E.M.S. & A.M.G.","A. Espejo & A.R.L.F."
"1152","HEM2025_1152","PreservedSpecimen","Coleccion",NA,"UNICACH","SPECIES","HEM","E.M.S. | A.M.G. | G.U. | M.R.","19791","Espejo, A. | A.R.L.F.","E","HEM2025",1,"Tillandsia tricolor",15.0638888888889,-92.0722222222222,"1987-02-08","change1: Filled coordinateUncertaintyInMeters from decimal-place precision (conservative). | epi_taxo: acceptedName(match1); authorship_epig(match1); genus_from_scientificName; family_WFO; order_majorGroup_WCVP [2026-03-11] | CoordinateCleaner QA applied without sea test (validity, equal, zeros, capitals, centroids, gbif, institutions) [2026-03-29]","standardized authors names in recordedBy / standardized authors names in identifiedBy","Colección","E.M.S. & A.M.G. & G.U. & M.R.","A. Espejo & A.R.L.F."
"1153","HEM2025_1153","PreservedSpecimen","Coleccion",NA,"UNICACH","SPECIES","HEM","A.M.G. | G.U. | E.M.S.","140","N.M.C.","E","HEM2025",1,"Tillandsia tricolor",16.9913888888889,-91.6227777777778,"1987-05-24","change1: Filled coordinateUncertaintyInMeters from decimal-place precision (conservative). | epi_taxo: acceptedName(match1); authorship_epig(match1); genus_from_scientificName; family_WFO; order_majorGroup_WCVP [2026-03-11] | CoordinateCleaner QA applied without sea test (validity, equal, zeros, capitals, centroids, gbif, institutions) [2026-03-29]","standardized authors names in recordedBy","Colección","A.M.G. & G.U. & E.M.S.","N.M.C."
"1154","HEM2025_1154","PreservedSpecimen","Coleccion",NA,"UNICACH","SPECIES","HEM","N.M.M.","179","Espejo, A. | A.R.L.F.","E","HEM2025",1,"Tillandsia tricolor",15.7227777777778,-92.9436111111111,"2002-02-05","change1: Filled coordinateUncertaintyInMeters from decimal-place precision (conservative). | epi_taxo: acceptedName(match1); authorship_epig(match1); genus_from_scientificName; family_WFO; order_majorGroup_WCVP [2026-03-11] | CoordinateCleaner QA applied without sea test (validity, equal, zeros, capitals, centroids, gbif, institutions) [2026-03-29]","standardized authors names in identifiedBy","Colección","N.M.M.","A. Espejo & A.R.L.F."
"1155","HEM2025_1155","PreservedSpecimen","Coleccion",NA,"UNICACH","SPECIES","HEM","J.C.S. | A.R.G. | M.E.L.V.","22980","Espejo, A. | A.R.L.F.","E","HEM2025",1,"Tillandsia tricolor",16.4366666666667,-93.9269444444444,"2002-04-25","change1: Filled coordinateUncertaintyInMeters from decimal-place precision (conservative). | epi_taxo: acceptedName(match1); authorship_epig(match1); genus_from_scientificName; family_WFO; order_majorGroup_WCVP [2026-03-11] | CoordinateCleaner QA applied without sea test (validity, equal, zeros, capitals, centroids, gbif, institutions) [2026-03-29]","standardized authors names in recordedBy / standardized authors names in identifiedBy","Colección","J.C.S. & A.R.G. & M.E.L.V.","A. Espejo & A.R.L.F."
"1156","HEM2025_1156","PreservedSpecimen","Coleccion",NA,"UNICACH","SPECIES","HEM","Perez-Farrera, M.A.","2222","Espejo, A. | A.R.L.F.","E","HEM2025",1,"Tillandsia tricolor",16.8858333333333,-94.1188888888889,"2000-01-20","change1: Filled coordinateUncertaintyInMeters from decimal-place precision (conservative). | epi_taxo: acceptedName(match1); authorship_epig(match1); genus_from_scientificName; family_WFO; order_majorGroup_WCVP [2026-03-11] | CoordinateCleaner QA applied without sea test (validity, equal, zeros, capitals, centroids, gbif, institutions) [2026-03-29]","standardized authors names in recordedBy / standardized authors names in identifiedBy","Colección","M.A. Pérez-Farrera","A. Espejo & A.R.L.F."
"1157","HEM2025_1157","PreservedSpecimen","Coleccion",NA,"UNICACH","SPECIES","HEM","J.M.M.","918","J.M.M.","E","HEM2025",1,"Tillandsia usneoides",15.8013055555556,-93.0518333333333,"2005-08-23","change1: Filled coordinateUncertaintyInMeters from decimal-place precision (conservative). | epi_taxo: acceptedName(match1); authorship_epig(match1); genus_from_scientificName; family_WFO; order_majorGroup_WCVP [2026-03-11] | CoordinateCleaner QA applied without sea test (validity, equal, zeros, capitals, centroids, gbif, institutions) [2026-03-29]","","Colección","J.M.M.","J.M.M."
"1158","HEM2025_1158","PreservedSpecimen","Coleccion",NA,"UNICACH","SPECIES","HEM","J.M.M.","1101","J.M.M.","E","HEM2025",1,"Tillandsia usneoides",15.8013055555556,-93.0518333333333,"2005-08-23","change1: Filled coordinateUncertaintyInMeters from decimal-place precision (conservative). | epi_taxo: acceptedName(match1); authorship_epig(match1); genus_from_scientificName; family_WFO; order_majorGroup_WCVP [2026-03-11] | CoordinateCleaner QA applied without sea test (validity, equal, zeros, capitals, centroids, gbif, institutions) [2026-03-29]","","Colección","J.M.M.","J.M.M."
"1159","HEM2025_1159","PreservedSpecimen","Coleccion",NA,"UNICACH","SPECIES","HEM","Perez-Farrera, M.A.","2636-bis","Camilo, R.M.","E","HEM2025",1,"Tillandsia usneoides",15.7011111111111,-92.9816666666667,"2002-04-12","change1: Filled coordinateUncertaintyInMeters from decimal-place precision (conservative). | epi_taxo: acceptedName(match1); authorship_epig(match1); genus_from_scientificName; family_WFO; order_majorGroup_WCVP [2026-03-11] | CoordinateCleaner QA applied without sea test (validity, equal, zeros, capitals, centroids, gbif, institutions) [2026-03-29]","standardized authors names in recordedBy / standardized authors names in identifiedBy","Colección","M.A. Pérez-Farrera","R.M. Camilo"
"1160","HEM2025_1160","PreservedSpecimen","Coleccion",NA,"UNICACH","SPECIES","HEM","M.A.B.R.","124","M.A.B.R.","E","HEM2025",1,"Tillandsia usneoides",17.0402833333333,-93.1313388888889,"2009-09-15","change1: Filled coordinateUncertaintyInMeters from decimal-place precision (conservative). | epi_taxo: acceptedName(match1); authorship_epig(match1); genus_from_scientificName; family_WFO; order_majorGroup_WCVP [2026-03-11] | CoordinateCleaner QA applied without sea test (validity, equal, zeros, capitals, centroids, gbif, institutions) [2026-03-29]","","Colección","M.A.B.R.","M.A.B.R."
"1161","HEM2025_1161","PreservedSpecimen","Coleccion",NA,"UNICACH","SPECIES","HEM","M.M.M. | M.C.R.M.","2868","N.M.M.","E","HEM2025",1,"Tillandsia usneoides",15.1515555555556,-92.1447222222222,"2013-11-19","change1: Filled coordinateUncertaintyInMeters from decimal-place precision (conservative). | epi_taxo: acceptedName(match1); authorship_epig(match1); genus_from_scientificName; family_WFO; order_majorGroup_WCVP [2026-03-11] | CoordinateCleaner QA applied without sea test (validity, equal, zeros, capitals, centroids, gbif, institutions) [2026-03-29]","standardized authors names in recordedBy","Colección","M.M.M. & M.C.R.M.","N.M.M."
"1162","HEM2025_1162","PreservedSpecimen","Coleccion",NA,"UNICACH","SPECIES","HEM","M.M.M. | M.C.R.M.","2963","N.M.M.","E","HEM2025",1,"Tillandsia usneoides",15.1627222222222,-92.1505277777778,"2013-12-02","change1: Filled coordinateUncertaintyInMeters from decimal-place precision (conservative). | epi_taxo: acceptedName(match1); authorship_epig(match1); genus_from_scientificName; family_WFO; order_majorGroup_WCVP [2026-03-11] | CoordinateCleaner QA applied without sea test (validity, equal, zeros, capitals, centroids, gbif, institutions) [2026-03-29]","standardized authors names in recordedBy","Colección","M.M.M. & M.C.R.M.","N.M.M."
"1163","HEM2025_1163","PreservedSpecimen","Coleccion",NA,"UNICACH","SPECIES","HEM","M.M.M. | D.A.J.L.","3650","N.M.M.","E","HEM2025",1,"Tillandsia usneoides",15.1669722222222,-92.1553611111111,"2014-01-19","change1: Filled coordinateUncertaintyInMeters from decimal-place precision (conservative). | epi_taxo: acceptedName(match1); authorship_epig(match1); genus_from_scientificName; family_WFO; order_majorGroup_WCVP [2026-03-11] | CoordinateCleaner QA applied without sea test (validity, equal, zeros, capitals, centroids, gbif, institutions) [2026-03-29]","standardized authors names in recordedBy","Colección","M.M.M. & D.A.J.L.","N.M.M."
"1164","HEM2025_1164","PreservedSpecimen","Coleccion",NA,"UNICACH","SPECIES","HEM","M.M.M. | A.L.C.","5034-BIS","N.M.M.","E","HEM2025",1,"Tillandsia usneoides",15.1135833333333,-92.1829444444444,"2014-08-19","change1: Filled coordinateUncertaintyInMeters from decimal-place precision (conservative). | epi_taxo: acceptedName(match1); authorship_epig(match1); genus_from_scientificName; family_WFO; order_majorGroup_WCVP [2026-03-11] | CoordinateCleaner QA applied without sea test (validity, equal, zeros, capitals, centroids, gbif, institutions) [2026-03-29]","standardized authors names in recordedBy","Colección","M.M.M. & A.L.C.","N.M.M."
"1165","HEM2025_1165","PreservedSpecimen","Coleccion",NA,"UNICACH","SPECIES","HEM","M.M.M. | M.C.R.M.","5238","N.M.M.","E","HEM2025",1,"Tillandsia usneoides",15.1086388888889,-92.1911666666667,"2014-09-20","change1: Filled coordinateUncertaintyInMeters from decimal-place precision (conservative). | epi_taxo: acceptedName(match1); authorship_epig(match1); genus_from_scientificName; family_WFO; order_majorGroup_WCVP [2026-03-11] | CoordinateCleaner QA applied without sea test (validity, equal, zeros, capitals, centroids, gbif, institutions) [2026-03-29]","standardized authors names in recordedBy","Colección","M.M.M. & M.C.R.M.","N.M.M."
"1166","HEM2025_1166","PreservedSpecimen","Coleccion",NA,"UNICACH","SPECIES","HEM","M.M.M. | D.A.J.L. | R.J.R.V.","5442","N.M.M.","E","HEM2025",1,"Tillandsia usneoides",15.1071944444444,-92.1756666666667,"2015-03-25","change1: Filled coordinateUncertaintyInMeters from decimal-place precision (conservative). | epi_taxo: acceptedName(match1); authorship_epig(match1); genus_from_scientificName; family_WFO; order_majorGroup_WCVP [2026-03-11] | CoordinateCleaner QA applied without sea test (validity, equal, zeros, capitals, centroids, gbif, institutions) [2026-03-29]","standardized authors names in recordedBy","Colección","M.M.M. & D.A.J.L. & R.J.R.V.","N.M.M."
"1167","HEM2025_1167","PreservedSpecimen","Coleccion",NA,"UNICACH","SPECIES","HEM","M.M.I. | O.R.E. | H.C.O. | C.S.R.","142","J.W.","E","HEM2025",1,"Tillandsia usneoides",16.7622222222222,-92.35,"1995-01-17","change1: Filled coordinateUncertaintyInMeters from decimal-place precision (conservative). | epi_taxo: acceptedName(match1); authorship_epig(match1); genus_from_scientificName; family_WFO; order_majorGroup_WCVP [2026-03-11] | CoordinateCleaner QA applied without sea test (validity, equal, zeros, capitals, centroids, gbif, institutions) [2026-03-29]","standardized authors names in recordedBy","Colección","M.M.I. & O.R.E. & H.C.O. & C.S.R.","J.W."
"1168","HEM2025_1168","PreservedSpecimen","Coleccion",NA,"UNICACH","SPECIES","HEM","Perez-Farrera, M.A.","2636","Espejo, A. | A.R.L.F.","E","HEM2025",1,"Tillandsia usneoides",15.7011111111111,-92.9816666666667,"2002-04-12","change1: Filled coordinateUncertaintyInMeters from decimal-place precision (conservative). | epi_taxo: acceptedName(match1); authorship_epig(match1); genus_from_scientificName; family_WFO; order_majorGroup_WCVP [2026-03-11] | CoordinateCleaner QA applied without sea test (validity, equal, zeros, capitals, centroids, gbif, institutions) [2026-03-29]","standardized authors names in recordedBy / standardized authors names in identifiedBy","Colección","M.A. Pérez-Farrera","A. Espejo & A.R.L.F."
"1169","HEM2025_1169","PreservedSpecimen","Coleccion",NA,"UNICACH","SPECIES","HEM","A.R.G. | E.M.E. | A.E.","4346","Espejo, A. | A.R.L.F.","E","HEM2025",1,"Tillandsia usneoides",16.4319444444444,-93.9213888888889,"2002-03-06","change1: Filled coordinateUncertaintyInMeters from decimal-place precision (conservative). | epi_taxo: acceptedName(match1); authorship_epig(match1); genus_from_scientificName; family_WFO; order_majorGroup_WCVP [2026-03-11] | CoordinateCleaner QA applied without sea test (validity, equal, zeros, capitals, centroids, gbif, institutions) [2026-03-29]","standardized authors names in recordedBy / standardized authors names in identifiedBy","Colección","A.R.G. & E.M.E. & A.E.","A. Espejo & A.R.L.F."
"1170","HEM2025_1170","PreservedSpecimen","Coleccion",NA,"UNICACH","SPECIES","HEM","E.M.S. | D.A. | B.S.","30074","E.M.S.","E","HEM2025",1,"Tillandsia utriculata",18.0208333333333,-89.2752777777778,"1998-02-14","change1: Filled coordinateUncertaintyInMeters from decimal-place precision (conservative). | epi_taxo: acceptedName(match1); authorship_epig(match1); genus_from_scientificName; family_WFO; order_majorGroup_WCVP [2026-03-11] | CoordinateCleaner QA applied without sea test (validity, equal, zeros, capitals, centroids, gbif, institutions) [2026-03-29]","standardized authors names in recordedBy","Colección","E.M.S. & D.A. & B.S.","E.M.S."
"1171","HEM2025_1171","PreservedSpecimen","Coleccion",NA,"UNICACH","SPECIES","HEM","N.M.M.","180","N.M.C.","E","HEM2025",1,"Tillandsia vicentina",15.7697222222222,-92.9361111111111,"2002-02-05","change1: Filled coordinateUncertaintyInMeters from decimal-place precision (conservative). | epi_taxo: acceptedName(match1); authorship_epig(match1); genus_from_scientificName; family_WFO; order_majorGroup_WCVP [2026-03-11] | CoordinateCleaner QA applied without sea test (validity, equal, zeros, capitals, centroids, gbif, institutions) [2026-03-29]","","Colección","N.M.M.","N.M.C."
"1172","HEM2025_1172","PreservedSpecimen","Coleccion",NA,"UNICACH","SPECIES","HEM","G.C.L.H.","104","N.M.C.","E","HEM2025",1,"Tillandsia vicentina",15.7227777777778,-92.9436111111111,"2002-03-02","change1: Filled coordinateUncertaintyInMeters from decimal-place precision (conservative). | epi_taxo: acceptedName(match1); authorship_epig(match1); genus_from_scientificName; family_WFO; order_majorGroup_WCVP [2026-03-11] | CoordinateCleaner QA applied without sea test (validity, equal, zeros, capitals, centroids, gbif, institutions) [2026-03-29]","","Colección","G.C.L.H.","N.M.C."
"1173","HEM2025_1173","PreservedSpecimen","Coleccion",NA,"UNICACH","SPECIES","HEM","J.A.E.J.","1273","A.L.C.","E","HEM2025",1,"Pseudalcantarea viridiflora",16.8490833333333,-93.3084166666667,"2011-09-09","change1: Filled coordinateUncertaintyInMeters from decimal-place precision (conservative). | epi_taxo: acceptedName(match1); authorship_epig(match1); genus_from_scientificName; family_WFO; order_majorGroup_WCVP [2026-03-11] | CoordinateCleaner QA applied without sea test (validity, equal, zeros, capitals, centroids, gbif, institutions) [2026-03-29]","","Colección","J.A.E.J.","A.L.C."
"1174","HEM2025_1174","PreservedSpecimen","Coleccion",NA,"UNICACH","SPECIES","HEM","A.E.O.R.","75","N.M.M.","E","HEM2025",1,"Pseudalcantarea viridiflora",16.9033611111111,-93.2555555555556,"2010-06-12","change1: Filled coordinateUncertaintyInMeters from decimal-place precision (conservative). | epi_taxo: acceptedName(match1); authorship_epig(match1); genus_from_scientificName; family_WFO; order_majorGroup_WCVP [2026-03-11] | CoordinateCleaner QA applied without sea test (validity, equal, zeros, capitals, centroids, gbif, institutions) [2026-03-29]","","Colección","A.E.O.R.","N.M.M."
"1175","HEM2025_1175","PreservedSpecimen","Coleccion",NA,"UNICACH","SPECIES","HEM","Perez-Farrera, M.A.","1439","Espejo, A. | A.R.L.F.","E","HEM2025",1,"Pseudalcantarea viridiflora",16.3386111111111,-93.8702777777778,"1996-11-19","change1: Filled coordinateUncertaintyInMeters from decimal-place precision (conservative). | epi_taxo: acceptedName(match1); authorship_epig(match1); genus_from_scientificName; family_WFO; order_majorGroup_WCVP [2026-03-11] | CoordinateCleaner QA applied without sea test (validity, equal, zeros, capitals, centroids, gbif, institutions) [2026-03-29]","standardized authors names in recordedBy / standardized authors names in identifiedBy","Colección","M.A. Pérez-Farrera","A. Espejo & A.R.L.F."
"1176","HEM2025_1176","PreservedSpecimen","Coleccion",NA,"UNICACH","SPECIES","HEM","M.E.L.V. | A.R.G. | J.C.S. | A.E.","381","Espejo, A. | A.R.L.F.","E","HEM2025",1,"Pseudalcantarea viridiflora",16.3719444444444,-93.9152777777778,"2002-04-24","change1: Filled coordinateUncertaintyInMeters from decimal-place precision (conservative). | epi_taxo: acceptedName(match1); authorship_epig(match1); genus_from_scientificName; family_WFO; order_majorGroup_WCVP [2026-03-11] | CoordinateCleaner QA applied without sea test (validity, equal, zeros, capitals, centroids, gbif, institutions) [2026-03-29]","standardized authors names in recordedBy / standardized authors names in identifiedBy","Colección","M.E.L.V. & A.R.G. & J.C.S. & A.E.","A. Espejo & A.R.L.F."
"1177","HEM2025_1177","PreservedSpecimen","Coleccion",NA,"UNICACH","SPECIES","HEM","E.M.S.","20566","Espejo, A. | A.R.L.F.","E","HEM2025",1,"Tillandsia yunckeri",15.1057222222222,-92.0960277777778,"1987-04-24","change1: Filled coordinateUncertaintyInMeters from decimal-place precision (conservative). | epi_taxo: acceptedName(match1); authorship_epig(match1); genus_from_scientificName; family_WFO; order_majorGroup_WCVP [2026-03-11] | CoordinateCleaner QA applied without sea test (validity, equal, zeros, capitals, centroids, gbif, institutions) [2026-03-29]","standardized authors names in identifiedBy","Colección","E.M.S.","A. Espejo & A.R.L.F."
"1178","HEM2025_1178","PreservedSpecimen","Coleccion",NA,"UNICACH","SPECIES","HEM","Camilo, R.M. | N.M.M.","1359","Camilo, R.M.","E","HEM2025",1,"Tillandsia yunckeri",15.0888611111111,-92.0976388888889,"2012-05-24","change1: Filled coordinateUncertaintyInMeters from decimal-place precision (conservative). | epi_taxo: acceptedName(match1); authorship_epig(match1); genus_from_scientificName; family_WFO; order_majorGroup_WCVP [2026-03-11] | CoordinateCleaner QA applied without sea test (validity, equal, zeros, capitals, centroids, gbif, institutions) [2026-03-29]","standardized authors names in recordedBy / standardized authors names in identifiedBy","Colección","R.M. Camilo & N.M.M.","R.M. Camilo"
"1179","HEM2025_1179","PreservedSpecimen","Coleccion",NA,"UNICACH","SPECIES","HEM","M.M.M. | N.M.M. | R.J.R.V. | E.C.N.","4280","N.M.M.","E","HEM2025",1,"Tillandsia yunckeri",15.099,-92.1409722222222,"2014-06-18","change1: Filled coordinateUncertaintyInMeters from decimal-place precision (conservative). | epi_taxo: acceptedName(match1); authorship_epig(match1); genus_from_scientificName; family_WFO; order_majorGroup_WCVP [2026-03-11] | CoordinateCleaner QA applied without sea test (validity, equal, zeros, capitals, centroids, gbif, institutions) [2026-03-29]","standardized authors names in recordedBy","Colección","M.M.M. & N.M.M. & R.J.R.V. & E.C.N.","N.M.M."
"1180","HEM2025_1180","PreservedSpecimen","Coleccion",NA,"UNICACH","SPECIES","HEM","M.M.M. | M.C.R.M.","5087","N.M.M.","E","HEM2025",1,"Tillandsia yunckeri",15.0993611111111,-92.1659722222222,"2014-09-16","change1: Filled coordinateUncertaintyInMeters from decimal-place precision (conservative). | epi_taxo: acceptedName(match1); authorship_epig(match1); genus_from_scientificName; family_WFO; order_majorGroup_WCVP [2026-03-11] | CoordinateCleaner QA applied without sea test (validity, equal, zeros, capitals, centroids, gbif, institutions) [2026-03-29]","standardized authors names in recordedBy","Colección","M.M.M. & M.C.R.M.","N.M.M."
"1181","HEM2025_1181","PreservedSpecimen","Coleccion",NA,"UNICACH","SPECIES","HEM","N.M.M. | M.M.M. | E.C.N.","3954","N.M.M. | Camilo, R.M.","E","HEM2025",1,"Tillandsia yunckeri",15.1032777777778,-92.1645555555556,"2015-03-10","change1: Filled coordinateUncertaintyInMeters from decimal-place precision (conservative). | epi_taxo: acceptedName(match1); authorship_epig(match1); genus_from_scientificName; family_WFO; order_majorGroup_WCVP [2026-03-11] | CoordinateCleaner QA applied without sea test (validity, equal, zeros, capitals, centroids, gbif, institutions) [2026-03-29]","standardized authors names in recordedBy / standardized authors names in identifiedBy","Colección","N.M.M. & M.M.M. & E.C.N.","N.M.M. & R.M. Camilo"
"1182","HEM2025_1182","PreservedSpecimen","Coleccion",NA,"UNICACH","SPECIES","HEM","M.M.M. | D.A.J.L. | R.J.R.V.","5576","N.M.M.","E","HEM2025",1,"Tillandsia yunckeri",15.1179722222222,-92.1553333333333,"2015-03-26","change1: Filled coordinateUncertaintyInMeters from decimal-place precision (conservative). | epi_taxo: acceptedName(match1); authorship_epig(match1); genus_from_scientificName; family_WFO; order_majorGroup_WCVP [2026-03-11] | CoordinateCleaner QA applied without sea test (validity, equal, zeros, capitals, centroids, gbif, institutions) [2026-03-29]","standardized authors names in recordedBy","Colección","M.M.M. & D.A.J.L. & R.J.R.V.","N.M.M."
"1183","HEM2025_1183","PreservedSpecimen","Coleccion",NA,"UNICACH","SPECIES","HEM","M.M.M. | S.H.J. | V.E.G.J.","6066","N.M.M.","E","HEM2025",1,"Tillandsia yunckeri",15.2342222222222,-92.3172777777778,"2015-06-01","change1: Filled coordinateUncertaintyInMeters from decimal-place precision (conservative). | epi_taxo: acceptedName(match1); authorship_epig(match1); genus_from_scientificName; family_WFO; order_majorGroup_WCVP [2026-03-11] | CoordinateCleaner QA applied without sea test (validity, equal, zeros, capitals, centroids, gbif, institutions) [2026-03-29]","standardized authors names in recordedBy","Colección","M.M.M. & S.H.J. & V.E.G.J.","N.M.M."
"1184","HEM2025_1184","PreservedSpecimen","Coleccion",NA,"UNICACH","SPECIES","HEM","A.C.G.D.","21","Espejo, A. | A.R.L.F.","E","HEM2025",1,"Tillandsia zoquensis",16.8282972222222,-93.4298944444444,"2005-10-27","change1: Filled coordinateUncertaintyInMeters from decimal-place precision (conservative). | epi_taxo: acceptedName(match1); authorship_epig(match1); genus_from_scientificName; family_WFO; order_majorGroup_WCVP [2026-03-11] | CoordinateCleaner QA applied without sea test (validity, equal, zeros, capitals, centroids, gbif, institutions) [2026-03-29]","standardized authors names in identifiedBy","Colección","A.C.G.D.","A. Espejo & A.R.L.F."
"1185","HEM2025_1185","PreservedSpecimen","Coleccion",NA,"UNICACH","SPECIES","HEM","J.A.E.J.","870","Espejo, A. | A.R.L.F.","E","HEM2025",1,"Tillandsia zoquensis",16.9129972222222,-93.0579444444444,"2009-07-08","change1: Filled coordinateUncertaintyInMeters from decimal-place precision (conservative). | epi_taxo: acceptedName(match1); authorship_epig(match1); genus_from_scientificName; family_WFO; order_majorGroup_WCVP [2026-03-11] | CoordinateCleaner QA applied without sea test (validity, equal, zeros, capitals, centroids, gbif, institutions) [2026-03-29]","standardized authors names in identifiedBy","Colección","J.A.E.J.","A. Espejo & A.R.L.F."
"1186","HEM2025_1186","PreservedSpecimen","Coleccion",NA,"UNICACH","SPECIES","HEM","N.M.M.","2682","Espejo, A. | A.R.L.F.","E","HEM2025",1,"Tillandsia zoquensis",16.9651555555556,-93.2305583333333,"2009-06-01","change1: Filled coordinateUncertaintyInMeters from decimal-place precision (conservative). | epi_taxo: acceptedName(match1); authorship_epig(match1); genus_from_scientificName; family_WFO; order_majorGroup_WCVP [2026-03-11] | CoordinateCleaner QA applied without sea test (validity, equal, zeros, capitals, centroids, gbif, institutions) [2026-03-29]","standardized authors names in identifiedBy","Colección","N.M.M.","A. Espejo & A.R.L.F."
"1187","HEM2025_1187","PreservedSpecimen","Coleccion",NA,"UNICACH","SPECIES","HEM","M.A.B.R.","147","Espejo, A. | A.R.L.F.","E","HEM2025",1,"Tillandsia zoquensis",17.0293888888889,-93.1357472222222,"2009-09-15","change1: Filled coordinateUncertaintyInMeters from decimal-place precision (conservative). | epi_taxo: acceptedName(match1); authorship_epig(match1); genus_from_scientificName; family_WFO; order_majorGroup_WCVP [2026-03-11] | CoordinateCleaner QA applied without sea test (validity, equal, zeros, capitals, centroids, gbif, institutions) [2026-03-29]","standardized authors names in identifiedBy","Colección","M.A.B.R.","A. Espejo & A.R.L.F."
"1188","HEM2025_1188","PreservedSpecimen","Coleccion",NA,"UNICACH","SPECIES","HEM","N.M.M.","503","Espejo, A. | A.R.L.F.","E","HEM2025",1,"Tillandsia malzinei",16.8926972222222,-93.3419222222222,"2004-10-15","change1: Filled coordinateUncertaintyInMeters from decimal-place precision (conservative). | epi_taxo: acceptedName(match1); authorship_epig(match1); genus_from_scientificName; family_WFO; order_majorGroup_WCVP [2026-03-11] | CoordinateCleaner QA applied without sea test (validity, equal, zeros, capitals, centroids, gbif, institutions) [2026-03-29]","standardized authors names in identifiedBy","Colección","N.M.M.","A. Espejo & A.R.L.F."
"1189","HEM2025_1189","PreservedSpecimen","Coleccion",NA,"UNICACH","SPECIES","HEM","N.M.M.","1484","Espejo, A. | A.R.L.F.","E","HEM2025",1,"Tillandsia malzinei",16.7666666666667,-93.3666666666667,"2006-03-31","change1: Filled coordinateUncertaintyInMeters from decimal-place precision (conservative). | epi_taxo: acceptedName(match1); authorship_epig(match1); genus_from_scientificName; family_WFO; order_majorGroup_WCVP [2026-03-11] | CoordinateCleaner QA applied without sea test (validity, equal, zeros, capitals, centroids, gbif, institutions) [2026-03-29]","standardized authors names in identifiedBy","Colección","N.M.M.","A. Espejo & A.R.L.F."
"1190","HEM2025_1190","PreservedSpecimen","Coleccion",NA,"UNICACH","SPECIES","HEM","N.M.M.","1484","Espejo, A. | A.R.L.F.","E","HEM2025",1,"Tillandsia malzinei",16.7666666666667,-93.3666666666667,"2006-03-31","change1: Filled coordinateUncertaintyInMeters from decimal-place precision (conservative). | epi_taxo: acceptedName(match1); authorship_epig(match1); genus_from_scientificName; family_WFO; order_majorGroup_WCVP [2026-03-11] | CoordinateCleaner QA applied without sea test (validity, equal, zeros, capitals, centroids, gbif, institutions) [2026-03-29]","standardized authors names in identifiedBy","Colección","N.M.M.","A. Espejo & A.R.L.F."
"1191","HEM2025_1191","PreservedSpecimen","Coleccion",NA,"UNICACH","GENUS","HEM","N.M.M.","2050","N.M.M.","E","HEM2025",NA,"",17.0667027777778,-94.1222138888889,"2007-02-23","change1: Genus placeholder (sp./spp.): moved to 'genus', set taxonRank=GENUS, cleared scientificName; kept original in verbatim. | change2: Filled coordinateUncertaintyInMeters from decimal-place precision (conservative). | epi_taxo: acceptedName(match1); authorship_epig(match1); genus_from_scientificName; family_WFO; order_majorGroup_WCVP [2026-03-11] | CoordinateCleaner QA applied without sea test (validity, equal, zeros, capitals, centroids, gbif, institutions) [2026-03-29]","","Colección","N.M.M.","N.M.M."
"1192","HEM2025_1192","PreservedSpecimen","Coleccion",NA,"UNICACH","SPECIES","HEM","G.L.V.","70","G.L.V.","E","HEM2025",1,"Werauhia werckleana",15.085,-92.0847222222222,"2005-06-22","change1: Filled coordinateUncertaintyInMeters from decimal-place precision (conservative). | epi_taxo: acceptedName(match1); authorship_epig(match1); genus_from_scientificName; family_WFO; order_majorGroup_WCVP [2026-03-11] | CoordinateCleaner QA applied without sea test (validity, equal, zeros, capitals, centroids, gbif, institutions) [2026-03-29]","","Colección","G.L.V.","G.L.V."
"1193","HEM2025_1193","PreservedSpecimen","Coleccion",NA,"UNICACH","SPECIES","HEM","Camilo, R.M. | N.M.M.","832","C.R.B.B.","E","HEM2025",3,"Vriesea heliconioides",17.3958333333333,-94.0694444444444,"2004-01-11","change1: Filled coordinateUncertaintyInMeters from decimal-place precision (conservative). | epi_taxo: acceptedName(match1); authorship_epig(match1); genus_from_scientificName; family_WFO; order_majorGroup_WCVP [2026-03-11] | CoordinateCleaner QA applied without sea test (validity, equal, zeros, capitals, centroids, gbif, institutions) [2026-03-29]","standardized authors names in recordedBy","Colección","R.M. Camilo & N.M.M.","C.R.B.B."
"1194","HEM2025_1194","PreservedSpecimen","Coleccion",NA,"UNICACH","SPECIES","HEM","N.M.M.","693","C.R.B.B.","E","HEM2025",3,"Vriesea heliconioides",16.0831944444444,-90.9930277777778,"2005-03-03","change1: Filled coordinateUncertaintyInMeters from decimal-place precision (conservative). | epi_taxo: acceptedName(match1); authorship_epig(match1); genus_from_scientificName; family_WFO; order_majorGroup_WCVP [2026-03-11] | CoordinateCleaner QA applied without sea test (validity, equal, zeros, capitals, centroids, gbif, institutions) [2026-03-29]","","Colección","N.M.M.","C.R.B.B."
"1195","HEM2025_1195","PreservedSpecimen","Coleccion",NA,"UNICACH","SPECIES","HEM","J.M.M.","1183","J.M.M.","E","HEM2025",1,"Werauhia gladioliflora",15.5648611111111,-92.6209722222222,"2006-03-22","change1: Filled coordinateUncertaintyInMeters from decimal-place precision (conservative). | epi_taxo: acceptedName(match1); authorship_epig(match1); genus_from_scientificName; family_WFO; order_majorGroup_WCVP [2026-03-11] | CoordinateCleaner QA applied without sea test (validity, equal, zeros, capitals, centroids, gbif, institutions) [2026-03-29]","","Colección","J.M.M.","J.M.M."
"1196","HEM2025_1196","PreservedSpecimen","Coleccion",NA,"UNICACH","SPECIES","HEM","M.M.M. | S.H.J. | V.E.G.J.","5976","N.M.M.","E","HEM2025",1,"Werauhia gladioliflora",15.2297777777778,-92.317,"2015-05-30","change1: Filled coordinateUncertaintyInMeters from decimal-place precision (conservative). | epi_taxo: acceptedName(match1); authorship_epig(match1); genus_from_scientificName; family_WFO; order_majorGroup_WCVP [2026-03-11] | CoordinateCleaner QA applied without sea test (validity, equal, zeros, capitals, centroids, gbif, institutions) [2026-03-29]","standardized authors names in recordedBy","Colección","M.M.M. & S.H.J. & V.E.G.J.","N.M.M."
"1197","HEM2025_1197","PreservedSpecimen","Coleccion",NA,"UNICACH","SPECIES","HEM","H.G.D.","1486","H.G.D.","E","HEM2025",1,"Werauhia nocturna",15.7230555555556,-93.0013888888889,"2006-10-14","change1: Filled coordinateUncertaintyInMeters from decimal-place precision (conservative). | epi_taxo: acceptedName(match1); authorship_epig(match1); genus_from_scientificName; family_WFO; order_majorGroup_WCVP [2026-03-11] | CoordinateCleaner QA applied without sea test (validity, equal, zeros, capitals, centroids, gbif, institutions) [2026-03-29]","","Colección","H.G.D.","H.G.D."
"1198","HEM2025_1198","PreservedSpecimen","Coleccion",NA,"UNICACH","SPECIES","HEM","M.M.M. | N.M.M. | R.J.R.V. | E.C.N.","4304","N.M.M.","E","HEM2025",1,"Werauhia nocturna",15.099,-92.1409722222222,"2014-06-18","change1: Filled coordinateUncertaintyInMeters from decimal-place precision (conservative). | epi_taxo: acceptedName(match1); authorship_epig(match1); genus_from_scientificName; family_WFO; order_majorGroup_WCVP [2026-03-11] | CoordinateCleaner QA applied without sea test (validity, equal, zeros, capitals, centroids, gbif, institutions) [2026-03-29]","standardized authors names in recordedBy","Colección","M.M.M. & N.M.M. & R.J.R.V. & E.C.N.","N.M.M."
"1199","HEM2025_1199","PreservedSpecimen","Coleccion",NA,"UNICACH","SPECIES","HEM","F.E.P.C.","129","Espejo, A. | A.R.L.F.","E","HEM2025",1,"Werauhia pycnantha",15.8244444444444,-93.0630555555556,"1999-02-11","change1: Filled coordinateUncertaintyInMeters from decimal-place precision (conservative). | epi_taxo: acceptedName(match1); authorship_epig(match1); genus_from_scientificName; family_WFO; order_majorGroup_WCVP [2026-03-11] | CoordinateCleaner QA applied without sea test (validity, equal, zeros, capitals, centroids, gbif, institutions) [2026-03-29]","standardized authors names in identifiedBy","Colección","F.E.P.C.","A. Espejo & A.R.L.F."
"1200","HEM2025_1200","PreservedSpecimen","Coleccion",NA,"UNICACH","SPECIES","HEM","Perez-Farrera, M.A.","581","Espejo, A. | A.R.L.F.","E","HEM2025",1,"Werauhia pycnantha",16.3441666666667,-93.6441666666667,"1995-07-17","change1: Filled coordinateUncertaintyInMeters from decimal-place precision (conservative). | epi_taxo: acceptedName(match1); authorship_epig(match1); genus_from_scientificName; family_WFO; order_majorGroup_WCVP [2026-03-11] | CoordinateCleaner QA applied without sea test (validity, equal, zeros, capitals, centroids, gbif, institutions) [2026-03-29]","standardized authors names in recordedBy / standardized authors names in identifiedBy","Colección","M.A. Pérez-Farrera","A. Espejo & A.R.L.F."
"1201","HEM2025_1201","PreservedSpecimen","Coleccion",NA,"UNICACH","GENUS","HEM","N.M.M.","1858","N.M.M.","E","HEM2025",NA,"",16.4900833333333,-93.3834444444445,"2006-06-06","change1: Genus placeholder (sp./spp.): moved to 'genus', set taxonRank=GENUS, cleared scientificName; kept original in verbatim. | change2: Filled coordinateUncertaintyInMeters from decimal-place precision (conservative). | epi_taxo: acceptedName(match1); authorship_epig(match1); genus_from_scientificName; family_WFO; order_majorGroup_WCVP [2026-03-11] | CoordinateCleaner QA applied without sea test (validity, equal, zeros, capitals, centroids, gbif, institutions) [2026-03-29]","","Colección","N.M.M.","N.M.M."
"1202","HEM2025_1202","PreservedSpecimen","Coleccion",NA,"UNICACH","SPECIES","HEM","Perez-Farrera, M.A.","1592-bis","Camilo, R.M.","E","HEM2025",1,"Werauhia werckleana",15.8666666666667,-93.1666666666667,"1998-01-22","change1: Filled coordinateUncertaintyInMeters from decimal-place precision (conservative). | epi_taxo: acceptedName(match1); authorship_epig(match1); genus_from_scientificName; family_WFO; order_majorGroup_WCVP [2026-03-11] | CoordinateCleaner QA applied without sea test (validity, equal, zeros, capitals, centroids, gbif, institutions) [2026-03-29]","standardized authors names in recordedBy / standardized authors names in identifiedBy","Colección","M.A. Pérez-Farrera","R.M. Camilo"
"1203","HEM2025_1203","PreservedSpecimen","Coleccion",NA,"UNICACH","SPECIES","HEM","J.C.R.","189","Camilo, R.M.","E","HEM2025",1,"Werauhia werckleana",15.8530555555556,-93.1511111111111,"2000-03-22","change1: Filled coordinateUncertaintyInMeters from decimal-place precision (conservative). | epi_taxo: acceptedName(match1); authorship_epig(match1); genus_from_scientificName; family_WFO; order_majorGroup_WCVP [2026-03-11] | CoordinateCleaner QA applied without sea test (validity, equal, zeros, capitals, centroids, gbif, institutions) [2026-03-29]","standardized authors names in identifiedBy","Colección","J.C.R.","R.M. Camilo"
"1204","HEM2025_1204","PreservedSpecimen","Coleccion",NA,"UNICACH","SPECIES","HEM","J.M.M.","815","Espejo, A. | A.R.L.F.","E","HEM2025",1,"Werauhia werckleana",15.8213888888889,-93.0488888888889,"2005-04-22","change1: Filled coordinateUncertaintyInMeters from decimal-place precision (conservative). | epi_taxo: acceptedName(match1); authorship_epig(match1); genus_from_scientificName; family_WFO; order_majorGroup_WCVP [2026-03-11] | CoordinateCleaner QA applied without sea test (validity, equal, zeros, capitals, centroids, gbif, institutions) [2026-03-29]","standardized authors names in identifiedBy","Colección","J.M.M.","A. Espejo & A.R.L.F."
"1205","HEM2025_1205","PreservedSpecimen","Coleccion",NA,"UNICACH","SPECIES","HEM","Perez-Farrera, M.A.","2558","Espejo, A. | A.R.L.F.","E","HEM2025",1,"Werauhia werckleana",15.7727777777778,-93.09,"2001-07-18","change1: Filled coordinateUncertaintyInMeters from decimal-place precision (conservative). | epi_taxo: acceptedName(match1); authorship_epig(match1); genus_from_scientificName; family_WFO; order_majorGroup_WCVP [2026-03-11] | CoordinateCleaner QA applied without sea test (validity, equal, zeros, capitals, centroids, gbif, institutions) [2026-03-29]","standardized authors names in recordedBy / standardized authors names in identifiedBy","Colección","M.A. Pérez-Farrera","A. Espejo & A.R.L.F."
"1206","HEM2025_1206","PreservedSpecimen","Coleccion",NA,"UNICACH","SPECIES","HEM","M.M.M.","503","N.M.M.","E","HEM2025",1,"Werauhia werckleana",15.2567777777778,-92.2239722222222,"2013-02-04","change1: Filled coordinateUncertaintyInMeters from decimal-place precision (conservative). | epi_taxo: acceptedName(match1); authorship_epig(match1); genus_from_scientificName; family_WFO; order_majorGroup_WCVP [2026-03-11] | CoordinateCleaner QA applied without sea test (validity, equal, zeros, capitals, centroids, gbif, institutions) [2026-03-29]","","Colección","M.M.M.","N.M.M."
"1207","HEM2025_1207","PreservedSpecimen","Coleccion",NA,"UNICACH","SPECIES","HEM","Camilo, R.M. | M.I.L.R. | N.A.F.R.","2187","N.M.M.","E","HEM2025",1,"Werauhia werckleana",15.1024166666667,-92.1347222222222,"2014-07-04","change1: Filled coordinateUncertaintyInMeters from decimal-place precision (conservative). | epi_taxo: acceptedName(match1); authorship_epig(match1); genus_from_scientificName; family_WFO; order_majorGroup_WCVP [2026-03-11] | CoordinateCleaner QA applied without sea test (validity, equal, zeros, capitals, centroids, gbif, institutions) [2026-03-29]","standardized authors names in recordedBy","Colección","R.M. Camilo & M.I.L.R. & N.A.F.R.","N.M.M."
"1208","HEM2025_1208","PreservedSpecimen","Coleccion",NA,"UNICACH","SPECIES","HEM","Perez-Farrera, M.A.","467","Espejo, A. | A.R.L.F.","E","HEM2025",1,"Werauhia werckleana",16.3416666666667,-93.7083333333333,"1995-05-25","change1: Filled coordinateUncertaintyInMeters from decimal-place precision (conservative). | epi_taxo: acceptedName(match1); authorship_epig(match1); genus_from_scientificName; family_WFO; order_majorGroup_WCVP [2026-03-11] | CoordinateCleaner QA applied without sea test (validity, equal, zeros, capitals, centroids, gbif, institutions) [2026-03-29]","standardized authors names in recordedBy / standardized authors names in identifiedBy","Colección","M.A. Pérez-Farrera","A. Espejo & A.R.L.F."
"1209","HEM2025_1209","PreservedSpecimen","Coleccion",NA,"UNICACH","SPECIES","HEM","Camilo, R.M. | M.I.L.R. | N.A.F.R.","2172","Camilo, R.M.","HE","HEM2025",0,"",15.1024166666667,-92.1347222222222,"2014-07-04","change1: Filled coordinateUncertaintyInMeters from decimal-place precision (conservative). | epi_taxo: acceptedName(match1); authorship_epig(match1); genus_from_scientificName; family_WFO; order_majorGroup_WCVP [2026-03-11] | CoordinateCleaner QA applied without sea test (validity, equal, zeros, capitals, centroids, gbif, institutions) [2026-03-29]","standardized authors names in recordedBy / standardized authors names in identifiedBy","Colección","R.M. Camilo & M.I.L.R. & N.A.F.R.","R.M. Camilo"
"1210","HEM2025_1210","PreservedSpecimen","Coleccion",NA,"UNICACH","SPECIES","HEM","M.M.M. | M.D.E.M.","1545-BIS","N.M.M.","HE","HEM2025",0,"",15.09125,-92.1038055555556,"2013-05-02","change1: Filled coordinateUncertaintyInMeters from decimal-place precision (conservative). | epi_taxo: acceptedName(match1); authorship_epig(match1); genus_from_scientificName; family_WFO; order_majorGroup_WCVP [2026-03-11] | CoordinateCleaner QA applied without sea test (validity, equal, zeros, capitals, centroids, gbif, institutions) [2026-03-29]","standardized authors names in recordedBy","Colección","M.M.M. & M.D.E.M.","N.M.M."
"1211","HEM2025_1211","PreservedSpecimen","Coleccion",NA,"UNICACH","SPECIES","HEM","N.M.M.","844","A.G.","HE","HEM2025",0,"",15.7619166666667,-93.1635555555556,"2005-05-20","change1: Filled coordinateUncertaintyInMeters from decimal-place precision (conservative). | epi_taxo: acceptedName(match1); authorship_epig(match1); genus_from_scientificName; family_WFO; order_majorGroup_WCVP [2026-03-11] | CoordinateCleaner QA applied without sea test (validity, equal, zeros, capitals, centroids, gbif, institutions) [2026-03-29]","","Colección","N.M.M.","A.G."
"1212","HEM2025_1212","PreservedSpecimen","Coleccion",NA,"UNICACH","SPECIES","HEM","M.M.M. | M.D.E.M.","515","N.M.M. | J.M.M.","HE","HEM2025",1,"Disocactus ackermannii",15.2567777777778,-92.2239722222222,"2013-02-04","change1: Filled coordinateUncertaintyInMeters from decimal-place precision (conservative). | epi_taxo: acceptedName(match1); authorship_epig(match1); genus_from_scientificName; family_WFO; order_majorGroup_WCVP [2026-03-11] | CoordinateCleaner QA applied without sea test (validity, equal, zeros, capitals, centroids, gbif, institutions) [2026-03-29]","standardized authors names in recordedBy / standardized authors names in identifiedBy","Colección","M.M.M. & M.D.E.M.","N.M.M. & J.M.M."
"1213","HEM2025_1213","PreservedSpecimen","Coleccion",NA,"UNICACH","SPECIES","HEM","M.M.M. | M.C.R.M.","2936","N.M.M.","HE","HEM2025",1,"Disocactus ackermannii",15.1453333333333,-92.1408333333333,"2013-12-01","change1: Filled coordinateUncertaintyInMeters from decimal-place precision (conservative). | epi_taxo: acceptedName(match1); authorship_epig(match1); genus_from_scientificName; family_WFO; order_majorGroup_WCVP [2026-03-11] | CoordinateCleaner QA applied without sea test (validity, equal, zeros, capitals, centroids, gbif, institutions) [2026-03-29]","standardized authors names in recordedBy","Colección","M.M.M. & M.C.R.M.","N.M.M."
"1214","HEM2025_1214","PreservedSpecimen","Coleccion",NA,"UNICACH","SPECIES","HEM","M.M.M. | D.A.J.L.","3353","N.M.M.","HE","HEM2025",1,"Disocactus ackermannii",15.1348888888889,-92.1380555555556,"2013-12-15","change1: Filled coordinateUncertaintyInMeters from decimal-place precision (conservative). | epi_taxo: acceptedName(match1); authorship_epig(match1); genus_from_scientificName; family_WFO; order_majorGroup_WCVP [2026-03-11] | CoordinateCleaner QA applied without sea test (validity, equal, zeros, capitals, centroids, gbif, institutions) [2026-03-29]","standardized authors names in recordedBy","Colección","M.M.M. & D.A.J.L.","N.M.M."
"1215","HEM2025_1215","PreservedSpecimen","Coleccion",NA,"UNICACH","SPECIES","HEM","S.G.P.G.","88","M.A.E.C.","HE","HEM2025",1,"Disocactus macdougallii",16.7499166666667,-92.6825833333333,"2011-04-03","change1: Filled coordinateUncertaintyInMeters from decimal-place precision (conservative). | epi_taxo: acceptedName(match1); authorship_epig(match1); genus_from_scientificName; family_WFO; order_majorGroup_WCVP [2026-03-11] | CoordinateCleaner QA applied without sea test (validity, equal, zeros, capitals, centroids, gbif, institutions) [2026-03-29]","","Colección","S.G.P.G.","M.A.E.C."
"1216","HEM2025_1216","PreservedSpecimen","Coleccion",NA,"UNICACH","SPECIES","HEM","Camilo, R.M.","919","N.M.M.","HE","HEM2025",1,"Disocactus nelsonii",15.4436111111111,-92.6855555555556,"2006-03-09","change1: Filled coordinateUncertaintyInMeters from decimal-place precision (conservative). | epi_taxo: acceptedName(match1); authorship_epig(match1); genus_from_scientificName; family_WFO; order_majorGroup_WCVP [2026-03-11] | CoordinateCleaner QA applied without sea test (validity, equal, zeros, capitals, centroids, gbif, institutions) [2026-03-29]","standardized authors names in recordedBy","Colección","R.M. Camilo","N.M.M."
"1217","HEM2025_1217","PreservedSpecimen","Coleccion",NA,"UNICACH","SPECIES","HEM","M.M.M. | M.A.D.V.","946","N.M.M.","HE","HEM2025",1,"Disocactus nelsonii",15.2508055555556,-92.2769722222222,"2013-03-04","change1: Filled coordinateUncertaintyInMeters from decimal-place precision (conservative). | epi_taxo: acceptedName(match1); authorship_epig(match1); genus_from_scientificName; family_WFO; order_majorGroup_WCVP [2026-03-11] | CoordinateCleaner QA applied without sea test (validity, equal, zeros, capitals, centroids, gbif, institutions) [2026-03-29]","standardized authors names in recordedBy","Colección","M.M.M. & M.A.D.V.","N.M.M."
"1218","HEM2025_1218","PreservedSpecimen","Coleccion",NA,"UNICACH","SPECIES","HEM","E.M.S. | A.M.G. | G.U.","19981","C.G.H.","HE","HEM2025",1,"Disocactus nelsonii",15.4027777777778,-92.2469444444445,"1987-02-11","change1: Filled coordinateUncertaintyInMeters from decimal-place precision (conservative). | epi_taxo: acceptedName(match1); authorship_epig(match1); genus_from_scientificName; family_WFO; order_majorGroup_WCVP [2026-03-11] | CoordinateCleaner QA applied without sea test (validity, equal, zeros, capitals, centroids, gbif, institutions) [2026-03-29]","standardized authors names in recordedBy","Colección","E.M.S. & A.M.G. & G.U.","C.G.H."
"1219","HEM2025_1219","PreservedSpecimen","Coleccion",NA,"UNICACH","SPECIES","HEM","M.M.M. | M.C.R.M.","3835","N.M.M.","HE","HEM2025",1,"Disocactus nelsonii",15.1606944444444,-92.14775,"2014-01-31","change1: Filled coordinateUncertaintyInMeters from decimal-place precision (conservative). | epi_taxo: acceptedName(match1); authorship_epig(match1); genus_from_scientificName; family_WFO; order_majorGroup_WCVP [2026-03-11] | CoordinateCleaner QA applied without sea test (validity, equal, zeros, capitals, centroids, gbif, institutions) [2026-03-29]","standardized authors names in recordedBy","Colección","M.M.M. & M.C.R.M.","N.M.M."
"1220","HEM2025_1220","PreservedSpecimen","Coleccion",NA,"UNICACH","SPECIES","HEM","M.M.M. | M.C.R.M.","4097","N.M.M.","HE","HEM2025",1,"Disocactus nelsonii",15.0851111111111,-92.1007222222222,"2014-02-06","change1: Filled coordinateUncertaintyInMeters from decimal-place precision (conservative). | epi_taxo: acceptedName(match1); authorship_epig(match1); genus_from_scientificName; family_WFO; order_majorGroup_WCVP [2026-03-11] | CoordinateCleaner QA applied without sea test (validity, equal, zeros, capitals, centroids, gbif, institutions) [2026-03-29]","standardized authors names in recordedBy","Colección","M.M.M. & M.C.R.M.","N.M.M."
"1221","HEM2025_1221","PreservedSpecimen","Coleccion",NA,"UNICACH","SPECIES","HEM","N.M.M.","792","C.G.H.","HE","HEM2025",1,"Disocactus speciosus",15.7227777777778,-92.9436111111111,"2005-04-21","change1: Filled coordinateUncertaintyInMeters from decimal-place precision (conservative). | epi_taxo: acceptedName(match1); authorship_epig(match1); genus_from_scientificName; family_WFO; order_majorGroup_WCVP [2026-03-11] | CoordinateCleaner QA applied without sea test (validity, equal, zeros, capitals, centroids, gbif, institutions) [2026-03-29]","","Colección","N.M.M.","C.G.H."
"1222","HEM2025_1222","PreservedSpecimen","Coleccion",NA,"UNICACH","SPECIES","HEM","J.M.M.","819","C.G.H.","HE","HEM2025",1,"Disocactus speciosus",15.8213333333333,-93.0480277777778,"2005-04-28","change1: Filled coordinateUncertaintyInMeters from decimal-place precision (conservative). | epi_taxo: acceptedName(match1); authorship_epig(match1); genus_from_scientificName; family_WFO; order_majorGroup_WCVP [2026-03-11] | CoordinateCleaner QA applied without sea test (validity, equal, zeros, capitals, centroids, gbif, institutions) [2026-03-29]","","Colección","J.M.M.","C.G.H."
"1223","HEM2025_1223","PreservedSpecimen","Coleccion",NA,"UNICACH","SPECIES","HEM","E.P.E. | D.E.B.","367","C.G.H.","HE","HEM2025",1,"Disocactus speciosus",16.5108333333333,-94.1275,"1988-05-05","change1: Filled coordinateUncertaintyInMeters from decimal-place precision (conservative). | epi_taxo: acceptedName(match1); authorship_epig(match1); genus_from_scientificName; family_WFO; order_majorGroup_WCVP [2026-03-11] | CoordinateCleaner QA applied without sea test (validity, equal, zeros, capitals, centroids, gbif, institutions) [2026-03-29]","standardized authors names in recordedBy","Colección","E.P.E. & D.E.B.","C.G.H."
"1224","HEM2025_1224","PreservedSpecimen","Coleccion",NA,"UNICACH","SPECIES","HEM","M.M.M. | M.A.D.V.","998","C.G.H.","HE","HEM2025",1,"Disocactus speciosus",15.2485,-92.2715,"2013-03-06","change1: Filled coordinateUncertaintyInMeters from decimal-place precision (conservative). | epi_taxo: acceptedName(match1); authorship_epig(match1); genus_from_scientificName; family_WFO; order_majorGroup_WCVP [2026-03-11] | CoordinateCleaner QA applied without sea test (validity, equal, zeros, capitals, centroids, gbif, institutions) [2026-03-29]","standardized authors names in recordedBy","Colección","M.M.M. & M.A.D.V.","C.G.H."
"1225","HEM2025_1225","PreservedSpecimen","Coleccion",NA,"UNICACH","SPECIES","HEM","Camilo, R.M.","554-bis","C.G.H.","HE","HEM2025",1,"Disocactus speciosus",15.8138888888889,-93.0305555555556,"2002-03-15","change1: Filled coordinateUncertaintyInMeters from decimal-place precision (conservative). | epi_taxo: acceptedName(match1); authorship_epig(match1); genus_from_scientificName; family_WFO; order_majorGroup_WCVP [2026-03-11] | CoordinateCleaner QA applied without sea test (validity, equal, zeros, capitals, centroids, gbif, institutions) [2026-03-29]","standardized authors names in recordedBy","Colección","R.M. Camilo","C.G.H."
"1226","HEM2025_1226","PreservedSpecimen","Coleccion",NA,"UNICACH","SPECIES","HEM","N.M.M.","659","N.M.M.","HE","HEM2025",1,"Disocactus crenatus",15.6608333333333,-92.8275,"2004-11-11","change1: Filled coordinateUncertaintyInMeters from decimal-place precision (conservative). | epi_taxo: acceptedName(match1); authorship_epig(match1); genus_from_scientificName; family_WFO; order_majorGroup_WCVP [2026-03-11] | CoordinateCleaner QA applied without sea test (validity, equal, zeros, capitals, centroids, gbif, institutions) [2026-03-29]","","Colección","N.M.M.","N.M.M."
"1227","HEM2025_1227","PreservedSpecimen","Coleccion",NA,"UNICACH","SPECIES","HEM","N.M.M.","653","N.M.M.","HE","HEM2025",1,"Disocactus crenatus",15.6063055555556,-92.6553611111111,"2005-01-17","change1: Filled coordinateUncertaintyInMeters from decimal-place precision (conservative). | epi_taxo: acceptedName(match1); authorship_epig(match1); genus_from_scientificName; family_WFO; order_majorGroup_WCVP [2026-03-11] | CoordinateCleaner QA applied without sea test (validity, equal, zeros, capitals, centroids, gbif, institutions) [2026-03-29]","","Colección","N.M.M.","N.M.M."
"1228","HEM2025_1228","PreservedSpecimen","Coleccion",NA,"UNICACH","SPECIES","HEM","M.D.R.S.","154","R.R.S.","HE","HEM2025",1,"Disocactus crenatus",15.6396388888889,-92.6553611111111,"2005-06-13","change1: Filled coordinateUncertaintyInMeters from decimal-place precision (conservative). | epi_taxo: acceptedName(match1); authorship_epig(match1); genus_from_scientificName; family_WFO; order_majorGroup_WCVP [2026-03-11] | CoordinateCleaner QA applied without sea test (validity, equal, zeros, capitals, centroids, gbif, institutions) [2026-03-29]","","Colección","M.D.R.S.","R.R.S."
"1229","HEM2025_1229","PreservedSpecimen","Coleccion",NA,"UNICACH","SPECIES","HEM","M.D.R.S.","330","R.R.S.","HE","HEM2025",1,"Disocactus crenatus",15.5976388888889,-92.6570277777778,"2005-07-22","change1: Filled coordinateUncertaintyInMeters from decimal-place precision (conservative). | epi_taxo: acceptedName(match1); authorship_epig(match1); genus_from_scientificName; family_WFO; order_majorGroup_WCVP [2026-03-11] | CoordinateCleaner QA applied without sea test (validity, equal, zeros, capitals, centroids, gbif, institutions) [2026-03-29]","","Colección","M.D.R.S.","R.R.S."
"1230","HEM2025_1230","PreservedSpecimen","Coleccion",NA,"UNICACH","SPECIES","HEM","N.M.M.","761","N.M.M.","HE","HEM2025",1,"Disocactus crenatus",15.7213888888889,-92.9522222222222,"2005-04-20","change1: Filled coordinateUncertaintyInMeters from decimal-place precision (conservative). | epi_taxo: acceptedName(match1); authorship_epig(match1); genus_from_scientificName; family_WFO; order_majorGroup_WCVP [2026-03-11] | CoordinateCleaner QA applied without sea test (validity, equal, zeros, capitals, centroids, gbif, institutions) [2026-03-29]","","Colección","N.M.M.","N.M.M."
"1231","HEM2025_1231","PreservedSpecimen","Coleccion",NA,"UNICACH","SPECIES","HEM","N.M.M.","28","J.R.S.","HE","HEM2025",1,"Disocactus crenatus",15.7344444444444,-92.9341666666667,"2001-04-30","change1: Filled coordinateUncertaintyInMeters from decimal-place precision (conservative). | epi_taxo: acceptedName(match1); authorship_epig(match1); genus_from_scientificName; family_WFO; order_majorGroup_WCVP [2026-03-11] | CoordinateCleaner QA applied without sea test (validity, equal, zeros, capitals, centroids, gbif, institutions) [2026-03-29]","","Colección","N.M.M.","J.R.S."
"1232","HEM2025_1232","PreservedSpecimen","Coleccion",NA,"UNICACH","SPECIES","HEM","J.M.M.","1295","N.M.M.","HE","HEM2025",1,"Disocactus crenatus",16.2145277777778,-93.7202777777778,"2006-05-03","change1: Filled coordinateUncertaintyInMeters from decimal-place precision (conservative). | epi_taxo: acceptedName(match1); authorship_epig(match1); genus_from_scientificName; family_WFO; order_majorGroup_WCVP [2026-03-11] | CoordinateCleaner QA applied without sea test (validity, equal, zeros, capitals, centroids, gbif, institutions) [2026-03-29]","","Colección","J.M.M.","N.M.M."
"1233","HEM2025_1233","PreservedSpecimen","Coleccion",NA,"UNICACH","SPECIES","HEM","R.R.S.","52","J.R.S.","HE","HEM2025",1,"Disocactus crenatus",15.7205555555556,-92.9377777777778,"2001-01-24","change1: Filled coordinateUncertaintyInMeters from decimal-place precision (conservative). | epi_taxo: acceptedName(match1); authorship_epig(match1); genus_from_scientificName; family_WFO; order_majorGroup_WCVP [2026-03-11] | CoordinateCleaner QA applied without sea test (validity, equal, zeros, capitals, centroids, gbif, institutions) [2026-03-29]","","Colección","R.R.S.","J.R.S."
"1234","HEM2025_1234","PreservedSpecimen","Coleccion",NA,"UNICACH","SPECIES","HEM","A.M.T.","9337","N.M.M.","HE","HEM2025",1,"Disocactus crenatus",15.6641666666667,-92.8136111111111,"1990-04-19","change1: Filled coordinateUncertaintyInMeters from decimal-place precision (conservative). | epi_taxo: acceptedName(match1); authorship_epig(match1); genus_from_scientificName; family_WFO; order_majorGroup_WCVP [2026-03-11] | CoordinateCleaner QA applied without sea test (validity, equal, zeros, capitals, centroids, gbif, institutions) [2026-03-29]","","Colección","A.M.T.","N.M.M."
"1235","HEM2025_1235","PreservedSpecimen","Coleccion",NA,"UNICACH","SPECIES","HEM","N.M.M.","1773","N.M.M.","HE","HEM2025",1,"Disocactus crenatus",15.7230555555556,-93.0013888888889,"2006-10-12","change1: Filled coordinateUncertaintyInMeters from decimal-place precision (conservative). | epi_taxo: acceptedName(match1); authorship_epig(match1); genus_from_scientificName; family_WFO; order_majorGroup_WCVP [2026-03-11] | CoordinateCleaner QA applied without sea test (validity, equal, zeros, capitals, centroids, gbif, institutions) [2026-03-29]","","Colección","N.M.M.","N.M.M."
"1236","HEM2025_1236","PreservedSpecimen","Coleccion",NA,"UNICACH","SPECIES","HEM","V.M.","107","J.R.S.","HE","HEM2025",1,"Disocactus crenatus",15.4805555555556,-92.6055555555556,"1999-01-27","change1: Filled coordinateUncertaintyInMeters from decimal-place precision (conservative). | epi_taxo: acceptedName(match1); authorship_epig(match1); genus_from_scientificName; family_WFO; order_majorGroup_WCVP [2026-03-11] | CoordinateCleaner QA applied without sea test (validity, equal, zeros, capitals, centroids, gbif, institutions) [2026-03-29]","","Colección","V.M.","J.R.S."
"1237","HEM2025_1237","PreservedSpecimen","Coleccion",NA,"UNICACH","SPECIES","HEM","Camilo, R.M.","553","J.R.S.","HE","HEM2025",1,"Disocactus crenatus",15.8138888888889,-93.0305555555556,"2002-03-15","change1: Filled coordinateUncertaintyInMeters from decimal-place precision (conservative). | epi_taxo: acceptedName(match1); authorship_epig(match1); genus_from_scientificName; family_WFO; order_majorGroup_WCVP [2026-03-11] | CoordinateCleaner QA applied without sea test (validity, equal, zeros, capitals, centroids, gbif, institutions) [2026-03-29]","standardized authors names in recordedBy","Colección","R.M. Camilo","J.R.S."
"1238","HEM2025_1238","PreservedSpecimen","Coleccion",NA,"UNICACH","SPECIES","HEM","J.M.M.","1345","C.G.H.","HE","HEM2025",1,"Disocactus crenatus",15.7106944444444,-92.9684166666667,"2006-06-15","change1: Filled coordinateUncertaintyInMeters from decimal-place precision (conservative). | epi_taxo: acceptedName(match1); authorship_epig(match1); genus_from_scientificName; family_WFO; order_majorGroup_WCVP [2026-03-11] | CoordinateCleaner QA applied without sea test (validity, equal, zeros, capitals, centroids, gbif, institutions) [2026-03-29]","","Colección","J.M.M.","C.G.H."
"1239","HEM2025_1239","PreservedSpecimen","Coleccion",NA,"UNICACH","SPECIES","HEM","H.G.D.","1505","C.G.H.","HE","HEM2025",1,"Disocactus crenatus",15.7230555555556,-93.0013888888889,"2006-10-13","change1: Filled coordinateUncertaintyInMeters from decimal-place precision (conservative). | epi_taxo: acceptedName(match1); authorship_epig(match1); genus_from_scientificName; family_WFO; order_majorGroup_WCVP [2026-03-11] | CoordinateCleaner QA applied without sea test (validity, equal, zeros, capitals, centroids, gbif, institutions) [2026-03-29]","","Colección","H.G.D.","C.G.H."
"1240","HEM2025_1240","PreservedSpecimen","Coleccion",NA,"UNICACH","SPECIES","HEM","I.S.S.","554","C.G.H.","HE","HEM2025",1,"Disocactus crenatus",15.8486111111111,-93.1894444444444,"1998-04-25","change1: Filled coordinateUncertaintyInMeters from decimal-place precision (conservative). | epi_taxo: acceptedName(match1); authorship_epig(match1); genus_from_scientificName; family_WFO; order_majorGroup_WCVP [2026-03-11] | CoordinateCleaner QA applied without sea test (validity, equal, zeros, capitals, centroids, gbif, institutions) [2026-03-29]","","Colección","I.S.S.","C.G.H."
"1241","HEM2025_1241","PreservedSpecimen","Coleccion",NA,"UNICACH","SPECIES","HEM","M.M.M. | N.M.M. | R.J.R.V. | E.C.N.","4192","N.M.M.","HE","HEM2025",1,"Disocactus crenatus",15.1085,-92.2040555555556,"2014-06-17","change1: Filled coordinateUncertaintyInMeters from decimal-place precision (conservative). | epi_taxo: acceptedName(match1); authorship_epig(match1); genus_from_scientificName; family_WFO; order_majorGroup_WCVP [2026-03-11] | CoordinateCleaner QA applied without sea test (validity, equal, zeros, capitals, centroids, gbif, institutions) [2026-03-29]","standardized authors names in recordedBy","Colección","M.M.M. & N.M.M. & R.J.R.V. & E.C.N.","N.M.M."
"1242","HEM2025_1242","PreservedSpecimen","Coleccion",NA,"UNICACH","SPECIES","HEM","M.M.M. | M.C.R.M.","5338","N.M.M.","HE","HEM2025",1,"Disocactus crenatus",15.0847222222222,-92.175,"2014-09-22","change1: Filled coordinateUncertaintyInMeters from decimal-place precision (conservative). | epi_taxo: acceptedName(match1); authorship_epig(match1); genus_from_scientificName; family_WFO; order_majorGroup_WCVP [2026-03-11] | CoordinateCleaner QA applied without sea test (validity, equal, zeros, capitals, centroids, gbif, institutions) [2026-03-29]","standardized authors names in recordedBy","Colección","M.M.M. & M.C.R.M.","N.M.M."
"1243","HEM2025_1243","PreservedSpecimen","Coleccion",NA,"UNICACH","SPECIES","HEM","M.M.M. | D.A.J.L. | R.J.R.V.","5561","N.M.M.","HE","HEM2025",1,"Disocactus crenatus",15.1179722222222,-92.1553333333333,"2015-03-26","change1: Filled coordinateUncertaintyInMeters from decimal-place precision (conservative). | epi_taxo: acceptedName(match1); authorship_epig(match1); genus_from_scientificName; family_WFO; order_majorGroup_WCVP [2026-03-11] | CoordinateCleaner QA applied without sea test (validity, equal, zeros, capitals, centroids, gbif, institutions) [2026-03-29]","standardized authors names in recordedBy","Colección","M.M.M. & D.A.J.L. & R.J.R.V.","N.M.M."
"1244","HEM2025_1244","PreservedSpecimen","Coleccion",NA,"UNICACH","SPECIES","HEM","M.M.M. | D.A.J.L. | R.J.R.V.","5661","N.M.M.","HE","HEM2025",1,"Disocactus crenatus",15.0619444444444,-92.1101111111111,"2015-03-28","change1: Filled coordinateUncertaintyInMeters from decimal-place precision (conservative). | epi_taxo: acceptedName(match1); authorship_epig(match1); genus_from_scientificName; family_WFO; order_majorGroup_WCVP [2026-03-11] | CoordinateCleaner QA applied without sea test (validity, equal, zeros, capitals, centroids, gbif, institutions) [2026-03-29]","standardized authors names in recordedBy","Colección","M.M.M. & D.A.J.L. & R.J.R.V.","N.M.M."
"1245","HEM2025_1245","PreservedSpecimen","Coleccion",NA,"UNICACH","SPECIES","HEM","Perez-Farrera, M.A.","472","C.G.H.","HE","HEM2025",1,"Disocactus crenatus",16.3416666666667,-93.7083333333333,"1995-05-25","change1: Filled coordinateUncertaintyInMeters from decimal-place precision (conservative). | epi_taxo: acceptedName(match1); authorship_epig(match1); genus_from_scientificName; family_WFO; order_majorGroup_WCVP [2026-03-11] | CoordinateCleaner QA applied without sea test (validity, equal, zeros, capitals, centroids, gbif, institutions) [2026-03-29]","standardized authors names in recordedBy","Colección","M.A. Pérez-Farrera","C.G.H."
"1246","HEM2025_1246","PreservedSpecimen","Coleccion",NA,"UNICACH","SPECIES","HEM","A.L.C.","22","C.G.H.","HE","HEM2025",1,"Epiphyllum hookeri",15.3766666666667,-92.6313888888889,"2005-04-30","change1: Filled coordinateUncertaintyInMeters from decimal-place precision (conservative). | epi_taxo: acceptedName(match1); authorship_epig(match1); genus_from_scientificName; family_WFO; order_majorGroup_WCVP [2026-03-11] | CoordinateCleaner QA applied without sea test (validity, equal, zeros, capitals, centroids, gbif, institutions) [2026-03-29]","","Colección","A.L.C.","C.G.H."
"1247","HEM2025_1247","PreservedSpecimen","Coleccion",NA,"UNICACH","SPECIES","HEM","N.M.M.","1073","C.G.H.","HE","HEM2025",1,"Epiphyllum hookeri",15.4593333333333,-92.6576111111111,"2005-07-23","change1: Filled coordinateUncertaintyInMeters from decimal-place precision (conservative). | epi_taxo: acceptedName(match1); authorship_epig(match1); genus_from_scientificName; family_WFO; order_majorGroup_WCVP [2026-03-11] | CoordinateCleaner QA applied without sea test (validity, equal, zeros, capitals, centroids, gbif, institutions) [2026-03-29]","","Colección","N.M.M.","C.G.H."
"1248","HEM2025_1248","PreservedSpecimen","Coleccion",NA,"UNICACH","SPECIES","HEM","J.M.M.","326","C.G.H.","HE","HEM2025",1,"Epiphyllum hookeri",16.0705555555556,-93.3877777777778,"2003-07-02","change1: Filled coordinateUncertaintyInMeters from decimal-place precision (conservative). | epi_taxo: acceptedName(match1); authorship_epig(match1); genus_from_scientificName; family_WFO; order_majorGroup_WCVP [2026-03-11] | CoordinateCleaner QA applied without sea test (validity, equal, zeros, capitals, centroids, gbif, institutions) [2026-03-29]","","Colección","J.M.M.","C.G.H."
"1249","HEM2025_1249","PreservedSpecimen","Coleccion",NA,"UNICACH","SPECIES","HEM","N.M.M.","800","C.G.H.","HE","HEM2025",1,"Epiphyllum hookeri",16.7925,-93.0783333333333,"2005-05-05","change1: Filled coordinateUncertaintyInMeters from decimal-place precision (conservative). | epi_taxo: acceptedName(match1); authorship_epig(match1); genus_from_scientificName; family_WFO; order_majorGroup_WCVP [2026-03-11] | CoordinateCleaner QA applied without sea test (validity, equal, zeros, capitals, centroids, gbif, institutions) [2026-03-29]","","Colección","N.M.M.","C.G.H."
"1250","HEM2025_1250","PreservedSpecimen","Coleccion",NA,"UNICACH","SPECIES","HEM","J.M.M. | J.A.E.J. | H.G.D.","2082","C.G.H.","HE","HEM2025",1,"Epiphyllum hookeri",17.0968055555556,-93.3969166666667,"2009-05-28","change1: Filled coordinateUncertaintyInMeters from decimal-place precision (conservative). | epi_taxo: acceptedName(match1); authorship_epig(match1); genus_from_scientificName; family_WFO; order_majorGroup_WCVP [2026-03-11] | CoordinateCleaner QA applied without sea test (validity, equal, zeros, capitals, centroids, gbif, institutions) [2026-03-29]","standardized authors names in recordedBy","Colección","J.M.M. & J.A.E.J. & H.G.D.","C.G.H."
"1251","HEM2025_1251","PreservedSpecimen","Coleccion",NA,"UNICACH","SPECIES","HEM","A.L.C.","725","C.G.H.","HE","HEM2025",1,"Epiphyllum hookeri",16.9749972222222,-93.0491388888889,"2009-05-07","change1: Filled coordinateUncertaintyInMeters from decimal-place precision (conservative). | epi_taxo: acceptedName(match1); authorship_epig(match1); genus_from_scientificName; family_WFO; order_majorGroup_WCVP [2026-03-11] | CoordinateCleaner QA applied without sea test (validity, equal, zeros, capitals, centroids, gbif, institutions) [2026-03-29]","","Colección","A.L.C.","C.G.H."
"1252","HEM2025_1252","PreservedSpecimen","Coleccion",NA,"UNICACH","SPECIES","HEM","J.M.M.","326","C.G.H.","HE","HEM2025",1,"Epiphyllum hookeri",16.0705555555556,-93.3877777777778,"2002-07-01","change1: Filled coordinateUncertaintyInMeters from decimal-place precision (conservative). | epi_taxo: acceptedName(match1); authorship_epig(match1); genus_from_scientificName; family_WFO; order_majorGroup_WCVP [2026-03-11] | CoordinateCleaner QA applied without sea test (validity, equal, zeros, capitals, centroids, gbif, institutions) [2026-03-29]","","Colección","J.M.M.","C.G.H."
"1253","HEM2025_1253","PreservedSpecimen","Coleccion",NA,"UNICACH","SPECIES","HEM","A.L.C.","296","C.G.H.","HE","HEM2025",1,"Epiphyllum hookeri",15.3744444444444,-92.6611111111111,"2006-01-07","change1: Filled coordinateUncertaintyInMeters from decimal-place precision (conservative). | epi_taxo: acceptedName(match1); authorship_epig(match1); genus_from_scientificName; family_WFO; order_majorGroup_WCVP [2026-03-11] | CoordinateCleaner QA applied without sea test (validity, equal, zeros, capitals, centroids, gbif, institutions) [2026-03-29]","","Colección","A.L.C.","C.G.H."
"1254","HEM2025_1254","PreservedSpecimen","Coleccion",NA,"UNICACH","SPECIES","HEM","E.M.L.","2889","C.G.H.","HE","HEM2025",1,"Epiphyllum hookeri",16.0069444444444,-93.2802777777778,"2004-05-03","change1: Filled coordinateUncertaintyInMeters from decimal-place precision (conservative). | epi_taxo: acceptedName(match1); authorship_epig(match1); genus_from_scientificName; family_WFO; order_majorGroup_WCVP [2026-03-11] | CoordinateCleaner QA applied without sea test (validity, equal, zeros, capitals, centroids, gbif, institutions) [2026-03-29]","","Colección","E.M.L.","C.G.H."
"1255","HEM2025_1255","PreservedSpecimen","Coleccion",NA,"UNICACH","SPECIES","HEM","P.C. | R.O. | M.V.M.","10","C.G.H.","HE","HEM2025",1,"Epiphyllum hookeri",15.6805555555556,-92.5958333333333,"1998-06-23","change1: Filled coordinateUncertaintyInMeters from decimal-place precision (conservative). | epi_taxo: acceptedName(match1); authorship_epig(match1); genus_from_scientificName; family_WFO; order_majorGroup_WCVP [2026-03-11] | CoordinateCleaner QA applied without sea test (validity, equal, zeros, capitals, centroids, gbif, institutions) [2026-03-29]","standardized authors names in recordedBy","Colección","P.C. & R.O. & M.V.M.","C.G.H."
"1256","HEM2025_1256","PreservedSpecimen","Coleccion",NA,"UNICACH","SPECIES","HEM","P.C. | R.O. | M.V.M.","10","C.G.H.","HE","HEM2025",1,"Epiphyllum hookeri",15.6805555555556,-92.5958333333333,"1998-06-23","change1: Filled coordinateUncertaintyInMeters from decimal-place precision (conservative). | epi_taxo: acceptedName(match1); authorship_epig(match1); genus_from_scientificName; family_WFO; order_majorGroup_WCVP [2026-03-11] | CoordinateCleaner QA applied without sea test (validity, equal, zeros, capitals, centroids, gbif, institutions) [2026-03-29]","standardized authors names in recordedBy","Colección","P.C. & R.O. & M.V.M.","C.G.H."
"1257","HEM2025_1257","PreservedSpecimen","Coleccion",NA,"UNICACH","SPECIES","HEM","M.H.P.","ND","C.G.H.","HE","HEM2025",1,"Epiphyllum hookeri",16.9522222222222,-93.1044444444444,"1986-07-04","change1: Filled coordinateUncertaintyInMeters from decimal-place precision (conservative). | epi_taxo: acceptedName(match1); authorship_epig(match1); genus_from_scientificName; family_WFO; order_majorGroup_WCVP [2026-03-11] | CoordinateCleaner QA applied without sea test (validity, equal, zeros, capitals, centroids, gbif, institutions) [2026-03-29]","","Colección","M.H.P.","C.G.H."
"1258","HEM2025_1258","PreservedSpecimen","Coleccion",NA,"UNICACH","SPECIES","HEM","M.M.M. | M.A.D.V.","2131","Camilo, R.M.","HE","HEM2025",1,"Epiphyllum phyllanthus",15.04225,-92.1473611111111,"2013-06-28","change1: Filled coordinateUncertaintyInMeters from decimal-place precision (conservative). | epi_taxo: acceptedName(match1); authorship_epig(match1); genus_from_scientificName; family_WFO; order_majorGroup_WCVP [2026-03-11] | CoordinateCleaner QA applied without sea test (validity, equal, zeros, capitals, centroids, gbif, institutions) [2026-03-29]","standardized authors names in recordedBy / standardized authors names in identifiedBy","Colección","M.M.M. & M.A.D.V.","R.M. Camilo"
"1259","HEM2025_1259","PreservedSpecimen","Coleccion",NA,"UNICACH","GENUS","HEM","P.C. | V.M.","10","R.R.S.","HE","HEM2025",NA,"",15.6805555555556,-92.5958333333333,"1998-06-23","change1: Genus placeholder (sp./spp.): moved to 'genus', set taxonRank=GENUS, cleared scientificName; kept original in verbatim. | change2: Filled coordinateUncertaintyInMeters from decimal-place precision (conservative). | epi_taxo: acceptedName(match1); authorship_epig(match1); genus_from_scientificName; family_WFO; order_majorGroup_WCVP [2026-03-11] | CoordinateCleaner QA applied without sea test (validity, equal, zeros, capitals, centroids, gbif, institutions) [2026-03-29]","standardized authors names in recordedBy","Colección","P.C. & V.M.","R.R.S."
"1260","HEM2025_1260","PreservedSpecimen","Coleccion",NA,"UNICACH","SPECIES","HEM","Perez-Farrera, M.A.","1614","J.R.S.","HE","HEM2025",1,"Epiphyllum thomasianum",15.425,-92.6333333333333,"1998-01-24","change1: Filled coordinateUncertaintyInMeters from decimal-place precision (conservative). | epi_taxo: acceptedName(match1); authorship_epig(match1); genus_from_scientificName; family_WFO; order_majorGroup_WCVP [2026-03-11] | CoordinateCleaner QA applied without sea test (validity, equal, zeros, capitals, centroids, gbif, institutions) [2026-03-29]","standardized authors names in recordedBy","Colección","M.A. Pérez-Farrera","J.R.S."
"1261","HEM2025_1261","PreservedSpecimen","Coleccion",NA,"UNICACH","SPECIES","HEM","M.M.M. | Camilo, R.M.","1169","Camilo, R.M.","HE","HEM2025",1,"Disocactus speciosus subsp. cinnabarinus",15.1126388888889,-92.0980555555555,"2013-04-04","change1: Filled coordinateUncertaintyInMeters from decimal-place precision (conservative). | epi_taxo: acceptedName(match1); authorship_epig(match1); genus_from_scientificName; family_WFO; order_majorGroup_WCVP [2026-03-11] | CoordinateCleaner QA applied without sea test (validity, equal, zeros, capitals, centroids, gbif, institutions) [2026-03-29]","standardized authors names in recordedBy / standardized authors names in identifiedBy","Colección","M.M.M. & R.M. Camilo","R.M. Camilo"
"1262","HEM2025_1262","PreservedSpecimen","Coleccion",NA,"UNICACH","SPECIES","HEM","N.M.M.","488","C.G.H.","HE","HEM2025",1,"Selenicereus undatus",16.7944444444444,-93.1008333333333,"2004-04-16","change1: Filled coordinateUncertaintyInMeters from decimal-place precision (conservative). | epi_taxo: acceptedName(match1); authorship_epig(match1); genus_from_scientificName; family_WFO; order_majorGroup_WCVP [2026-03-11] | CoordinateCleaner QA applied without sea test (validity, equal, zeros, capitals, centroids, gbif, institutions) [2026-03-29]","","Colección","N.M.M.","C.G.H."
"1263","HEM2025_1263","PreservedSpecimen","Coleccion",NA,"UNICACH","SPECIES","HEM","N.M.M.","488","C.G.H.","HE","HEM2025",1,"Selenicereus undatus",16.7944444444444,-93.1008333333333,"2004-04-16","change1: Filled coordinateUncertaintyInMeters from decimal-place precision (conservative). | epi_taxo: acceptedName(match1); authorship_epig(match1); genus_from_scientificName; family_WFO; order_majorGroup_WCVP [2026-03-11] | CoordinateCleaner QA applied without sea test (validity, equal, zeros, capitals, centroids, gbif, institutions) [2026-03-29]","","Colección","N.M.M.","C.G.H."
"1264","HEM2025_1264","PreservedSpecimen","Coleccion",NA,"UNICACH","SPECIES","HEM","N.M.M.","489","C.G.H.","HE","HEM2025",1,"Selenicereus undatus",16.7944444444444,-93.1008333333333,"2004-04-16","change1: Filled coordinateUncertaintyInMeters from decimal-place precision (conservative). | epi_taxo: acceptedName(match1); authorship_epig(match1); genus_from_scientificName; family_WFO; order_majorGroup_WCVP [2026-03-11] | CoordinateCleaner QA applied without sea test (validity, equal, zeros, capitals, centroids, gbif, institutions) [2026-03-29]","","Colección","N.M.M.","C.G.H."
"1265","HEM2025_1265","PreservedSpecimen","Coleccion",NA,"UNICACH","SPECIES","HEM","N.M.M.","489","C.G.H.","HE","HEM2025",1,"Selenicereus undatus",16.7944444444444,-93.1008333333333,"2004-04-16","change1: Filled coordinateUncertaintyInMeters from decimal-place precision (conservative). | epi_taxo: acceptedName(match1); authorship_epig(match1); genus_from_scientificName; family_WFO; order_majorGroup_WCVP [2026-03-11] | CoordinateCleaner QA applied without sea test (validity, equal, zeros, capitals, centroids, gbif, institutions) [2026-03-29]","","Colección","N.M.M.","C.G.H."
"1266","HEM2025_1266","PreservedSpecimen","Coleccion",NA,"UNICACH","SPECIES","HEM","J.M.M.","866","N.M.M.","HE","HEM2025",1,"Selenicereus undatus",15.7735277777778,-93.1635555555556,"2005-05-21","change1: Filled coordinateUncertaintyInMeters from decimal-place precision (conservative). | epi_taxo: acceptedName(match1); authorship_epig(match1); genus_from_scientificName; family_WFO; order_majorGroup_WCVP [2026-03-11] | CoordinateCleaner QA applied without sea test (validity, equal, zeros, capitals, centroids, gbif, institutions) [2026-03-29]","","Colección","J.M.M.","N.M.M."
"1267","HEM2025_1267","PreservedSpecimen","Coleccion",NA,"UNICACH","SPECIES","HEM","J.M.M.","1195","N.M.M.","E","HEM2025",1,"Disocactus macdougallii",15.4665277777778,-92.6646944444445,"2006-03-22","change1: Filled coordinateUncertaintyInMeters from decimal-place precision (conservative). | epi_taxo: acceptedName(match1); authorship_epig(match1); genus_from_scientificName; family_WFO; order_majorGroup_WCVP [2026-03-11] | CoordinateCleaner QA applied without sea test (validity, equal, zeros, capitals, centroids, gbif, institutions) [2026-03-29]","","Colección","J.M.M.","N.M.M."
"1268","HEM2025_1268","PreservedSpecimen","Coleccion",NA,"UNICACH","SPECIES","HEM","J.M.M.","1207","J.M.M.","E","HEM2025",1,"Disocactus macdougallii",15.4841388888889,-92.6805277777778,"2006-03-23","change1: Filled coordinateUncertaintyInMeters from decimal-place precision (conservative). | epi_taxo: acceptedName(match1); authorship_epig(match1); genus_from_scientificName; family_WFO; order_majorGroup_WCVP [2026-03-11] | CoordinateCleaner QA applied without sea test (validity, equal, zeros, capitals, centroids, gbif, institutions) [2026-03-29]","","Colección","J.M.M.","J.M.M."
"1269","HEM2025_1269","PreservedSpecimen","Coleccion",NA,"UNICACH","SPECIES","HEM","M.M.M. | M.A.D.V.","909","N.M.M.","E","HEM2025",1,"Disocactus macdougallii",15.2508055555556,-92.2769722222222,"2013-03-04","change1: Filled coordinateUncertaintyInMeters from decimal-place precision (conservative). | epi_taxo: acceptedName(match1); authorship_epig(match1); genus_from_scientificName; family_WFO; order_majorGroup_WCVP [2026-03-11] | CoordinateCleaner QA applied without sea test (validity, equal, zeros, capitals, centroids, gbif, institutions) [2026-03-29]","standardized authors names in recordedBy","Colección","M.M.M. & M.A.D.V.","N.M.M."
"1270","HEM2025_1270","PreservedSpecimen","Coleccion",NA,"UNICACH","SPECIES","HEM","F.G.G.","17","C.G.H.","E","HEM2025",1,"Kimnachia ramulosa subsp. ramulosa",16.9013888888889,-93.335,"2005-04-04","change1: Filled coordinateUncertaintyInMeters from decimal-place precision (conservative). | epi_taxo: acceptedName(match1); authorship_epig(match1); genus_from_scientificName; family_WFO; order_majorGroup_WCVP [2026-03-11] | CoordinateCleaner QA applied without sea test (validity, equal, zeros, capitals, centroids, gbif, institutions) [2026-03-29]","","Colección","F.G.G.","C.G.H."
"1271","HEM2025_1271","PreservedSpecimen","Coleccion",NA,"UNICACH","SPECIES","HEM","G.U. | E.M.S. | A.M.G.","6","C.G.H.","E","HEM2025",1,"Kimnachia ramulosa subsp. ramulosa",16.7944444444444,-93.1008333333333,"1987-02-18","change1: Filled coordinateUncertaintyInMeters from decimal-place precision (conservative). | epi_taxo: acceptedName(match1); authorship_epig(match1); genus_from_scientificName; family_WFO; order_majorGroup_WCVP [2026-03-11] | CoordinateCleaner QA applied without sea test (validity, equal, zeros, capitals, centroids, gbif, institutions) [2026-03-29]","standardized authors names in recordedBy","Colección","G.U. & E.M.S. & A.M.G.","C.G.H."
"1272","HEM2025_1272","PreservedSpecimen","Coleccion",NA,"UNICACH","SPECIES","HEM","G.U. | E.M.S. | A.M.G.","6","C.G.H.","E","HEM2025",1,"Kimnachia ramulosa subsp. ramulosa",16.7944444444444,-93.1008333333333,"1987-02-18","change1: Filled coordinateUncertaintyInMeters from decimal-place precision (conservative). | epi_taxo: acceptedName(match1); authorship_epig(match1); genus_from_scientificName; family_WFO; order_majorGroup_WCVP [2026-03-11] | CoordinateCleaner QA applied without sea test (validity, equal, zeros, capitals, centroids, gbif, institutions) [2026-03-29]","standardized authors names in recordedBy","Colección","G.U. & E.M.S. & A.M.G.","C.G.H."
"1273","HEM2025_1273","PreservedSpecimen","Coleccion",NA,"UNICACH","SPECIES","HEM","M.A.E.C.","86","M.A.E.C.","E","HEM2025",1,"Kimnachia ramulosa subsp. ramulosa",16.9099166666667,-93.1711111111111,"2011-03-26","change1: Filled coordinateUncertaintyInMeters from decimal-place precision (conservative). | epi_taxo: acceptedName(match1); authorship_epig(match1); genus_from_scientificName; family_WFO; order_majorGroup_WCVP [2026-03-11] | CoordinateCleaner QA applied without sea test (validity, equal, zeros, capitals, centroids, gbif, institutions) [2026-03-29]","","Colección","M.A.E.C.","M.A.E.C."
"1274","HEM2025_1274","PreservedSpecimen","Coleccion",NA,"UNICACH","SPECIES","HEM","Perez-Farrera, M.A.","144-bis","C.G.H.","E","HEM2025",1,"Kimnachia ramulosa subsp. ramulosa",15.425,-92.6333333333333,"1995-02-23","change1: Filled coordinateUncertaintyInMeters from decimal-place precision (conservative). | epi_taxo: acceptedName(match1); authorship_epig(match1); genus_from_scientificName; family_WFO; order_majorGroup_WCVP [2026-03-11] | CoordinateCleaner QA applied without sea test (validity, equal, zeros, capitals, centroids, gbif, institutions) [2026-03-29]","standardized authors names in recordedBy","Colección","M.A. Pérez-Farrera","C.G.H."
"1275","HEM2025_1275","PreservedSpecimen","Coleccion",NA,"UNICACH","SPECIES","HEM","Perez-Farrera, M.A.","2003","C.G.H.","E","HEM2025",1,"Kimnachia ramulosa subsp. ramulosa",16.9441666666667,-92.5275,"1999-05-26","change1: Filled coordinateUncertaintyInMeters from decimal-place precision (conservative). | epi_taxo: acceptedName(match1); authorship_epig(match1); genus_from_scientificName; family_WFO; order_majorGroup_WCVP [2026-03-11] | CoordinateCleaner QA applied without sea test (validity, equal, zeros, capitals, centroids, gbif, institutions) [2026-03-29]","standardized authors names in recordedBy","Colección","M.A. Pérez-Farrera","C.G.H."
"1276","HEM2025_1276","PreservedSpecimen","Coleccion",NA,"UNICACH","SPECIES","HEM","Perez-Farrera, M.A.","2003","C.G.H.","E","HEM2025",1,"Kimnachia ramulosa subsp. ramulosa",16.9441666666667,-92.5275,"1999-05-26","change1: Filled coordinateUncertaintyInMeters from decimal-place precision (conservative). | epi_taxo: acceptedName(match1); authorship_epig(match1); genus_from_scientificName; family_WFO; order_majorGroup_WCVP [2026-03-11] | CoordinateCleaner QA applied without sea test (validity, equal, zeros, capitals, centroids, gbif, institutions) [2026-03-29]","standardized authors names in recordedBy","Colección","M.A. Pérez-Farrera","C.G.H."
"1277","HEM2025_1277","PreservedSpecimen","Coleccion",NA,"UNICACH","SPECIES","HEM","Perez-Farrera, M.A.","471","C.G.H.","E","HEM2025",1,"Kimnachia ramulosa subsp. ramulosa",16.3416666666667,-93.7083333333333,"1995-05-25","change1: Filled coordinateUncertaintyInMeters from decimal-place precision (conservative). | epi_taxo: acceptedName(match1); authorship_epig(match1); genus_from_scientificName; family_WFO; order_majorGroup_WCVP [2026-03-11] | CoordinateCleaner QA applied without sea test (validity, equal, zeros, capitals, centroids, gbif, institutions) [2026-03-29]","standardized authors names in recordedBy","Colección","M.A. Pérez-Farrera","C.G.H."
"1278","HEM2025_1278","PreservedSpecimen","Coleccion",NA,"UNICACH","SPECIES","HEM","Perez-Farrera, M.A.","473-bis","Perez-Farrera, M.A.","E","HEM2025",1,"Rhipsalis baccifera",16.3416666666667,-93.7083333333333,"1995-05-25","change1: Filled coordinateUncertaintyInMeters from decimal-place precision (conservative). | epi_taxo: acceptedName(match1); authorship_epig(match1); genus_from_scientificName; family_WFO; order_majorGroup_WCVP [2026-03-11] | CoordinateCleaner QA applied without sea test (validity, equal, zeros, capitals, centroids, gbif, institutions) [2026-03-29]","standardized authors names in recordedBy / standardized authors names in identifiedBy","Colección","M.A. Pérez-Farrera","M.A. Pérez-Farrera"
"1279","HEM2025_1279","PreservedSpecimen","Coleccion",NA,"UNICACH","SPECIES","HEM","N.M.M.","490","N.M.M.","E","HEM2025",1,"Rhipsalis baccifera",17.5097222222222,-91.9802777777778,"2003-04-08","change1: Filled coordinateUncertaintyInMeters from decimal-place precision (conservative). | epi_taxo: acceptedName(match1); authorship_epig(match1); genus_from_scientificName; family_WFO; order_majorGroup_WCVP [2026-03-11] | CoordinateCleaner QA applied without sea test (validity, equal, zeros, capitals, centroids, gbif, institutions) [2026-03-29]","","Colección","N.M.M.","N.M.M."
"1280","HEM2025_1280","PreservedSpecimen","Coleccion",NA,"UNICACH","SPECIES","HEM","N.M.M.","1127","N.M.M.","E","HEM2025",1,"Rhipsalis baccifera",16.9243055555556,-93.4726666666667,"2006-03-16","change1: Filled coordinateUncertaintyInMeters from decimal-place precision (conservative). | epi_taxo: acceptedName(match1); authorship_epig(match1); genus_from_scientificName; family_WFO; order_majorGroup_WCVP [2026-03-11] | CoordinateCleaner QA applied without sea test (validity, equal, zeros, capitals, centroids, gbif, institutions) [2026-03-29]","","Colección","N.M.M.","N.M.M."
"1281","HEM2025_1281","PreservedSpecimen","Coleccion",NA,"UNICACH","SPECIES","HEM","J.A.E.J.","419","J.A.E.J.","E","HEM2025",1,"Rhipsalis baccifera",16.842,-93.1218055555556,"2007-08-27","change1: Filled coordinateUncertaintyInMeters from decimal-place precision (conservative). | epi_taxo: acceptedName(match1); authorship_epig(match1); genus_from_scientificName; family_WFO; order_majorGroup_WCVP [2026-03-11] | CoordinateCleaner QA applied without sea test (validity, equal, zeros, capitals, centroids, gbif, institutions) [2026-03-29]","","Colección","J.A.E.J.","J.A.E.J."
"1282","HEM2025_1282","PreservedSpecimen","Coleccion",NA,"UNICACH","SPECIES","HEM","M.D.G.","12","M.D.G.","E","HEM2025",1,"Rhipsalis baccifera",16.9042777777778,-93.2330555555556,"2005-11-20","change1: Filled coordinateUncertaintyInMeters from decimal-place precision (conservative). | epi_taxo: acceptedName(match1); authorship_epig(match1); genus_from_scientificName; family_WFO; order_majorGroup_WCVP [2026-03-11] | CoordinateCleaner QA applied without sea test (validity, equal, zeros, capitals, centroids, gbif, institutions) [2026-03-29]","","Colección","M.D.G.","M.D.G."
"1283","HEM2025_1283","PreservedSpecimen","Coleccion",NA,"UNICACH","SPECIES","HEM","M.M.M.","355","N.M.M.","E","HEM2025",1,"Rhipsalis baccifera",17.0415,-93.2363611111111,"2009-10-21","change1: Filled coordinateUncertaintyInMeters from decimal-place precision (conservative). | epi_taxo: acceptedName(match1); authorship_epig(match1); genus_from_scientificName; family_WFO; order_majorGroup_WCVP [2026-03-11] | CoordinateCleaner QA applied without sea test (validity, equal, zeros, capitals, centroids, gbif, institutions) [2026-03-29]","","Colección","M.M.M.","N.M.M."
"1284","HEM2025_1284","PreservedSpecimen","Coleccion",NA,"UNICACH","SPECIES","HEM","M.A.B.R.","115","M.A.B.R.","E","HEM2025",1,"Rhipsalis baccifera",17.0402833333333,-93.1313388888889,"2009-09-15","change1: Filled coordinateUncertaintyInMeters from decimal-place precision (conservative). | epi_taxo: acceptedName(match1); authorship_epig(match1); genus_from_scientificName; family_WFO; order_majorGroup_WCVP [2026-03-11] | CoordinateCleaner QA applied without sea test (validity, equal, zeros, capitals, centroids, gbif, institutions) [2026-03-29]","","Colección","M.A.B.R.","M.A.B.R."
"1285","HEM2025_1285","PreservedSpecimen","Coleccion",NA,"UNICACH","SPECIES","HEM","G.U. | E.M.S. | A.M.G.","152","G.U.","E","HEM2025",1,"Rhipsalis baccifera",16.7477777777778,-93.3294444444444,"1987-05-31","change1: Filled coordinateUncertaintyInMeters from decimal-place precision (conservative). | epi_taxo: acceptedName(match1); authorship_epig(match1); genus_from_scientificName; family_WFO; order_majorGroup_WCVP [2026-03-11] | CoordinateCleaner QA applied without sea test (validity, equal, zeros, capitals, centroids, gbif, institutions) [2026-03-29]","standardized authors names in recordedBy","Colección","G.U. & E.M.S. & A.M.G.","G.U."
"1286","HEM2025_1286","PreservedSpecimen","Coleccion",NA,"UNICACH","SPECIES","HEM","G.U. | E.M.S. | A.M.G.","152","G.U.","E","HEM2025",1,"Rhipsalis baccifera",16.7477777777778,-93.3294444444444,"1987-05-31","change1: Filled coordinateUncertaintyInMeters from decimal-place precision (conservative). | epi_taxo: acceptedName(match1); authorship_epig(match1); genus_from_scientificName; family_WFO; order_majorGroup_WCVP [2026-03-11] | CoordinateCleaner QA applied without sea test (validity, equal, zeros, capitals, centroids, gbif, institutions) [2026-03-29]","standardized authors names in recordedBy","Colección","G.U. & E.M.S. & A.M.G.","G.U."
"1287","HEM2025_1287","PreservedSpecimen","Coleccion",NA,"UNICACH","SPECIES","HEM","Perez-Farrera, M.A.","69","J.R.S.","E","HEM2025",1,"Rhipsalis baccifera",16.3611111111111,-93.925,"1994-07-07","change1: Filled coordinateUncertaintyInMeters from decimal-place precision (conservative). | epi_taxo: acceptedName(match1); authorship_epig(match1); genus_from_scientificName; family_WFO; order_majorGroup_WCVP [2026-03-11] | CoordinateCleaner QA applied without sea test (validity, equal, zeros, capitals, centroids, gbif, institutions) [2026-03-29]","standardized authors names in recordedBy","Colección","M.A. Pérez-Farrera","J.R.S."
"1288","HEM2025_1288","PreservedSpecimen","Coleccion",NA,"UNICACH","SPECIES","HEM","S.G.P.G.","43","S.G.P.G.","E","HEM2025",1,"Rhipsalis baccifera",16.8553888888889,-93.3173888888889,"2011-03-12","change1: Filled coordinateUncertaintyInMeters from decimal-place precision (conservative). | epi_taxo: acceptedName(match1); authorship_epig(match1); genus_from_scientificName; family_WFO; order_majorGroup_WCVP [2026-03-11] | CoordinateCleaner QA applied without sea test (validity, equal, zeros, capitals, centroids, gbif, institutions) [2026-03-29]","","Colección","S.G.P.G.","S.G.P.G."
"1289","HEM2025_1289","PreservedSpecimen","Coleccion",NA,"UNICACH","SPECIES","HEM","Perez-Farrera, M.A.","1655","J.R.S.","E","HEM2025",1,"Rhipsalis baccifera",15.8941666666667,-93.2775,"1998-04-24","change1: Filled coordinateUncertaintyInMeters from decimal-place precision (conservative). | epi_taxo: acceptedName(match1); authorship_epig(match1); genus_from_scientificName; family_WFO; order_majorGroup_WCVP [2026-03-11] | CoordinateCleaner QA applied without sea test (validity, equal, zeros, capitals, centroids, gbif, institutions) [2026-03-29]","standardized authors names in recordedBy","Colección","M.A. Pérez-Farrera","J.R.S."
"1290","HEM2025_1290","PreservedSpecimen","Coleccion",NA,"UNICACH","SPECIES","HEM","Perez-Farrera, M.A.","1402","J.R.S.","E","HEM2025",1,"Rhipsalis baccifera",16.3386111111111,-93.8702777777778,"1996-11-19","change1: Filled coordinateUncertaintyInMeters from decimal-place precision (conservative). | epi_taxo: acceptedName(match1); authorship_epig(match1); genus_from_scientificName; family_WFO; order_majorGroup_WCVP [2026-03-11] | CoordinateCleaner QA applied without sea test (validity, equal, zeros, capitals, centroids, gbif, institutions) [2026-03-29]","standardized authors names in recordedBy","Colección","M.A. Pérez-Farrera","J.R.S."
"1291","HEM2025_1291","PreservedSpecimen","Coleccion",NA,"UNICACH","SPECIES","HEM","Perez-Farrera, M.A.","473","J.R.S.","E","HEM2025",1,"Rhipsalis baccifera",16.3416666666667,-93.7083333333333,"1995-05-15","change1: Filled coordinateUncertaintyInMeters from decimal-place precision (conservative). | epi_taxo: acceptedName(match1); authorship_epig(match1); genus_from_scientificName; family_WFO; order_majorGroup_WCVP [2026-03-11] | CoordinateCleaner QA applied without sea test (validity, equal, zeros, capitals, centroids, gbif, institutions) [2026-03-29]","standardized authors names in recordedBy","Colección","M.A. Pérez-Farrera","J.R.S."
"1292","HEM2025_1292","PreservedSpecimen","Coleccion",NA,"UNICACH","SPECIES","HEM","Perez-Farrera, M.A.","1995","J.R.S.","E","HEM2025",1,"Rhipsalis baccifera",16.9441666666667,-92.5275,"1999-05-26","change1: Filled coordinateUncertaintyInMeters from decimal-place precision (conservative). | epi_taxo: acceptedName(match1); authorship_epig(match1); genus_from_scientificName; family_WFO; order_majorGroup_WCVP [2026-03-11] | CoordinateCleaner QA applied without sea test (validity, equal, zeros, capitals, centroids, gbif, institutions) [2026-03-29]","standardized authors names in recordedBy","Colección","M.A. Pérez-Farrera","J.R.S."
"1293","HEM2025_1293","PreservedSpecimen","Coleccion",NA,"UNICACH","SPECIES","HEM","Perez-Farrera, M.A.","1995","J.R.S.","E","HEM2025",1,"Rhipsalis baccifera",16.9441666666667,-92.5275,"1999-05-26","change1: Filled coordinateUncertaintyInMeters from decimal-place precision (conservative). | epi_taxo: acceptedName(match1); authorship_epig(match1); genus_from_scientificName; family_WFO; order_majorGroup_WCVP [2026-03-11] | CoordinateCleaner QA applied without sea test (validity, equal, zeros, capitals, centroids, gbif, institutions) [2026-03-29]","standardized authors names in recordedBy","Colección","M.A. Pérez-Farrera","J.R.S."
"1294","HEM2025_1294","PreservedSpecimen","Coleccion",NA,"UNICACH","SPECIES","HEM","S.M.V.M.","246","J.R.S.","E","HEM2025",1,"Rhipsalis baccifera",16.3194444444444,-93.8566666666667,"2002-03-01","change1: Filled coordinateUncertaintyInMeters from decimal-place precision (conservative). | epi_taxo: acceptedName(match1); authorship_epig(match1); genus_from_scientificName; family_WFO; order_majorGroup_WCVP [2026-03-11] | CoordinateCleaner QA applied without sea test (validity, equal, zeros, capitals, centroids, gbif, institutions) [2026-03-29]","","Colección","S.M.V.M.","J.R.S."
"1295","HEM2025_1295","PreservedSpecimen","Coleccion",NA,"UNICACH","SPECIES","HEM","N.M.M.","2639","N.M.M.","HE","HEM2025",1,"Selenicereus grandiflorus",17.0018833333333,-93.2702833333333,"2009-05-22","change1: Filled coordinateUncertaintyInMeters from decimal-place precision (conservative). | epi_taxo: acceptedName(match1); authorship_epig(match1); genus_from_scientificName; family_WFO; order_majorGroup_WCVP [2026-03-11] | CoordinateCleaner QA applied without sea test (validity, equal, zeros, capitals, centroids, gbif, institutions) [2026-03-29]","","Colección","N.M.M.","N.M.M."
"1296","HEM2025_1296","PreservedSpecimen","Coleccion",NA,"UNICACH","GENUS","HEM","N.M.M.","383","J.R.S.","HE","HEM2025",NA,"",15.6888888888889,-93.0333333333333,"2002-03-16","change1: Genus placeholder (sp./spp.): moved to 'genus', set taxonRank=GENUS, cleared scientificName; kept original in verbatim. | change2: Filled coordinateUncertaintyInMeters from decimal-place precision (conservative). | epi_taxo: acceptedName(match1); authorship_epig(match1); genus_from_scientificName; family_WFO; order_majorGroup_WCVP [2026-03-11] | CoordinateCleaner QA applied without sea test (validity, equal, zeros, capitals, centroids, gbif, institutions) [2026-03-29]","","Colección","N.M.M.","J.R.S."
"1297","HEM2025_1297","PreservedSpecimen","Coleccion",NA,"UNICACH","SPECIES","HEM","A.R.G. | C.C.H. | E.M.L.","5038","A.R.G.","HE","HEM2025",3,"Clusia uvitana",16.3477777777778,-93.9208333333333,"2002-06-06","change1: Filled coordinateUncertaintyInMeters from decimal-place precision (conservative). | epi_taxo: acceptedName(match1); authorship_epig(match1); genus_from_scientificName; family_WFO; order_majorGroup_WCVP [2026-03-11] | CoordinateCleaner QA applied without sea test (validity, equal, zeros, capitals, centroids, gbif, institutions) [2026-03-29]","standardized authors names in recordedBy","Colección","A.R.G. & C.C.H. & E.M.L.","A.R.G."
"1298","HEM2025_1298","PreservedSpecimen","Coleccion",NA,"UNICACH","SPECIES","HEM","E.M.S. | A.M.G. | G.U. | M.R.","19434","R.R.S.","HE","HEM2025",1,"Clusia salvinii",15.0902777777778,-92.1013888888889,"1987-02-04","change1: Filled coordinateUncertaintyInMeters from decimal-place precision (conservative). | epi_taxo: acceptedName(match1); authorship_epig(match1); genus_from_scientificName; family_WFO; order_majorGroup_WCVP [2026-03-11] | CoordinateCleaner QA applied without sea test (validity, equal, zeros, capitals, centroids, gbif, institutions) [2026-03-29]","standardized authors names in recordedBy","Colección","E.M.S. & A.M.G. & G.U. & M.R.","R.R.S."
"1299","HEM2025_1299","PreservedSpecimen","Coleccion",NA,"UNICACH","SPECIES","HEM","Camilo, R.M. | R.V.H. | M.M.M.","2770","Camilo, R.M.","HE","HEM2025",1,"Clusia salvinii",15.1060277777778,-92.0961611111111,"2013-07-25","change1: Filled coordinateUncertaintyInMeters from decimal-place precision (conservative). | epi_taxo: acceptedName(match1); authorship_epig(match1); genus_from_scientificName; family_WFO; order_majorGroup_WCVP [2026-03-11] | CoordinateCleaner QA applied without sea test (validity, equal, zeros, capitals, centroids, gbif, institutions) [2026-03-29]","standardized authors names in recordedBy / standardized authors names in identifiedBy","Colección","R.M. Camilo & R.V.H. & M.M.M.","R.M. Camilo"
"1300","HEM2025_1300","PreservedSpecimen","Coleccion",NA,"UNICACH","SPECIES","HEM","M.M.M. | E.A.M.A.","4714","N.M.M.","HE","HEM2025",3,"Costus mosaicus",15.0869166666667,-92.1446111111111,"2014-07-06","change1: Filled coordinateUncertaintyInMeters from decimal-place precision (conservative). | epi_taxo: acceptedName(match1); authorship_epig(match1); genus_from_scientificName; family_WFO; order_majorGroup_WCVP [2026-03-11] | CoordinateCleaner QA applied without sea test (validity, equal, zeros, capitals, centroids, gbif, institutions) [2026-03-29]","standardized authors names in recordedBy","Colección","M.M.M. & E.A.M.A.","N.M.M."
"1301","HEM2025_1301","PreservedSpecimen","Coleccion",NA,"UNICACH","SPECIES","HEM","M.M.M. | E.A.M.A.","4796","N.M.M.","HE","HEM2025",3,"Costus mosaicus",15.0935,-92.1405,"2014-07-08","change1: Filled coordinateUncertaintyInMeters from decimal-place precision (conservative). | epi_taxo: acceptedName(match1); authorship_epig(match1); genus_from_scientificName; family_WFO; order_majorGroup_WCVP [2026-03-11] | CoordinateCleaner QA applied without sea test (validity, equal, zeros, capitals, centroids, gbif, institutions) [2026-03-29]","standardized authors names in recordedBy","Colección","M.M.M. & E.A.M.A.","N.M.M."
"1302","HEM2025_1302","PreservedSpecimen","Coleccion",NA,"UNICACH","SPECIES","HEM","M.M.M. | M.D.E.M.","486","N.M.M. | J.M.M.","E","HEM2025",1,"Sedum botterii",15.2567777777778,-92.2239722222222,"2013-02-04","change1: Filled coordinateUncertaintyInMeters from decimal-place precision (conservative). | epi_taxo: acceptedName(match1); authorship_epig(match1); genus_from_scientificName; family_WFO; order_majorGroup_WCVP [2026-03-11] | CoordinateCleaner QA applied without sea test (validity, equal, zeros, capitals, centroids, gbif, institutions) [2026-03-29]","standardized authors names in recordedBy / standardized authors names in identifiedBy","Colección","M.M.M. & M.D.E.M.","N.M.M. & J.M.M."
"1303","HEM2025_1303","PreservedSpecimen","Coleccion",NA,"UNICACH","SPECIES","HEM","M.M.M. | M.D.E.M.","749","N.M.M. | J.M.M.","E","HEM2025",1,"Sedum botterii",15.2596666666667,-92.2186388888889,"2013-02-10","change1: Filled coordinateUncertaintyInMeters from decimal-place precision (conservative). | epi_taxo: acceptedName(match1); authorship_epig(match1); genus_from_scientificName; family_WFO; order_majorGroup_WCVP [2026-03-11] | CoordinateCleaner QA applied without sea test (validity, equal, zeros, capitals, centroids, gbif, institutions) [2026-03-29]","standardized authors names in recordedBy / standardized authors names in identifiedBy","Colección","M.M.M. & M.D.E.M.","N.M.M. & J.M.M."
"1304","HEM2025_1304","PreservedSpecimen","Coleccion",NA,"UNICACH","SPECIES","HEM","M.M.M. | M.A.D.V.","916","P.C.R.","E","HEM2025",1,"Sedum botterii",15.2508055555556,-92.2769722222222,"2013-03-04","change1: Filled coordinateUncertaintyInMeters from decimal-place precision (conservative). | epi_taxo: acceptedName(match1); authorship_epig(match1); genus_from_scientificName; family_WFO; order_majorGroup_WCVP [2026-03-11] | CoordinateCleaner QA applied without sea test (validity, equal, zeros, capitals, centroids, gbif, institutions) [2026-03-29]","standardized authors names in recordedBy","Colección","M.M.M. & M.A.D.V.","P.C.R."
"1305","HEM2025_1305","PreservedSpecimen","Coleccion",NA,"UNICACH","SPECIES","HEM","M.M.M. | D.A.J.L.","3850","N.M.M.","E","HEM2025",1,"Sedum botterii",15.1434722222222,-92.1468888888889,"2014-02-01","change1: Filled coordinateUncertaintyInMeters from decimal-place precision (conservative). | epi_taxo: acceptedName(match1); authorship_epig(match1); genus_from_scientificName; family_WFO; order_majorGroup_WCVP [2026-03-11] | CoordinateCleaner QA applied without sea test (validity, equal, zeros, capitals, centroids, gbif, institutions) [2026-03-29]","standardized authors names in recordedBy","Colección","M.M.M. & D.A.J.L.","N.M.M."
"1306","HEM2025_1306","PreservedSpecimen","Coleccion",NA,"UNICACH","SPECIES","HEM","M.M.M. | M.A.D.V.","1081","P.C.R.","E","HEM2025",0,"",15.1126388888889,-92.0980555555555,"2013-03-06","change1: Filled coordinateUncertaintyInMeters from decimal-place precision (conservative). | epi_taxo: acceptedName(match1); authorship_epig(match1); genus_from_scientificName; family_WFO; order_majorGroup_WCVP [2026-03-11] | CoordinateCleaner QA applied without sea test (validity, equal, zeros, capitals, centroids, gbif, institutions) [2026-03-29]","standardized authors names in recordedBy","Colección","M.M.M. & M.A.D.V.","P.C.R."
"1307","HEM2025_1307","PreservedSpecimen","Coleccion",NA,"UNICACH","SPECIES","HEM","Najarro, F.H. | U.G.M.","815","M.A.B.R.","E","HEM2025",0,"",15.9708333333333,-93.4772222222222,"2002-04-27","change1: Filled coordinateUncertaintyInMeters from decimal-place precision (conservative). | epi_taxo: acceptedName(match1); authorship_epig(match1); genus_from_scientificName; family_WFO; order_majorGroup_WCVP [2026-03-11] | CoordinateCleaner QA applied without sea test (validity, equal, zeros, capitals, centroids, gbif, institutions) [2026-03-29]","standardized authors names in recordedBy","Colección","F.H. Najarro & U.G.M.","M.A.B.R."
"1308","HEM2025_1308","PreservedSpecimen","Coleccion",NA,"UNICACH","GENUS","HEM","N.M.M.","1187","N.M.M.","HE","HEM2025",NA,"",16.9625,-94.0091666666667,"2005-08-20","change1: Genus placeholder (sp./spp.): moved to 'genus', set taxonRank=GENUS, cleared scientificName; kept original in verbatim. | change2: Filled coordinateUncertaintyInMeters from decimal-place precision (conservative). | epi_taxo: acceptedName(match1); authorship_epig(match1); genus_from_scientificName; family_WFO; order_majorGroup_WCVP [2026-03-11] | CoordinateCleaner QA applied without sea test (validity, equal, zeros, capitals, centroids, gbif, institutions) [2026-03-29]","","Colección","N.M.M.","N.M.M."
"1309","HEM2025_1309","PreservedSpecimen","Coleccion",NA,"UNICACH","SPECIES","HEM","M.E.L.M.","88","M.E.L.M.","HE","HEM2025",1,"Cystopteris fragilis",15.6333333333333,-92.8333333333333,"1998-02-24","change1: Filled coordinateUncertaintyInMeters from decimal-place precision (conservative). | epi_taxo: acceptedName(match1); authorship_epig(match1); genus_from_scientificName; family_WFO; order_majorGroup_WCVP [2026-03-11] | CoordinateCleaner QA applied without sea test (validity, equal, zeros, capitals, centroids, gbif, institutions) [2026-03-29]","","Colección","M.E.L.M.","M.E.L.M."
"1310","HEM2025_1310","PreservedSpecimen","Coleccion",NA,"UNICACH","SPECIES","HEM","H.G.D.","1324","H.G.D.","HE","HEM2025",1,"Arachniodes denticulata",15.7084444444444,-92.7269166666667,"2006-07-21","change1: Filled coordinateUncertaintyInMeters from decimal-place precision (conservative). | epi_taxo: acceptedName(match1); authorship_epig(match1); genus_from_scientificName; family_WFO; order_majorGroup_WCVP [2026-03-11] | CoordinateCleaner QA applied without sea test (validity, equal, zeros, capitals, centroids, gbif, institutions) [2026-03-29]","","Colección","H.G.D.","H.G.D."
"1311","HEM2025_1311","PreservedSpecimen","Coleccion",NA,"UNICACH","SPECIES","HEM","M.M.M. | M.C.R.M.","5058","N.M.M.","E","HEM2025",0,"",15.0993611111111,-92.1659722222222,"2014-09-16","change1: Filled coordinateUncertaintyInMeters from decimal-place precision (conservative). | epi_taxo: acceptedName(match1); authorship_epig(match1); genus_from_scientificName; family_WFO; order_majorGroup_WCVP [2026-03-11] | CoordinateCleaner QA applied without sea test (validity, equal, zeros, capitals, centroids, gbif, institutions) [2026-03-29]","standardized authors names in recordedBy","Colección","M.M.M. & M.C.R.M.","N.M.M."
"1312","HEM2025_1312","PreservedSpecimen","Coleccion",NA,"UNICACH","SPECIES","HEM","M.E.L.M.","609","M.E.L.M.","HE","HEM2025",0,"",15.7,-92.9361111111111,"1999-03-12","change1: Filled coordinateUncertaintyInMeters from decimal-place precision (conservative). | epi_taxo: acceptedName(match1); authorship_epig(match1); genus_from_scientificName; family_WFO; order_majorGroup_WCVP [2026-03-11] | CoordinateCleaner QA applied without sea test (validity, equal, zeros, capitals, centroids, gbif, institutions) [2026-03-29]","","Colección","M.E.L.M.","M.E.L.M."
"1313","HEM2025_1313","PreservedSpecimen","Coleccion",NA,"UNICACH","SPECIES","HEM","M.E.L.M.","614","A.R.S.","HE","HEM2025",0,"",15.4836111111111,-92.6005555555555,"1999-07-03","change1: Filled coordinateUncertaintyInMeters from decimal-place precision (conservative). | epi_taxo: acceptedName(match1); authorship_epig(match1); genus_from_scientificName; family_WFO; order_majorGroup_WCVP [2026-03-11] | CoordinateCleaner QA applied without sea test (validity, equal, zeros, capitals, centroids, gbif, institutions) [2026-03-29]","","Colección","M.E.L.M.","A.R.S."
"1314","HEM2025_1314","PreservedSpecimen","Coleccion",NA,"UNICACH","SPECIES","HEM","E.M.S. | A.M.G. | G.U. | M.R.","19857","Perez-Farrera, M.A.","HE","HEM2025",3,"Parapolystichum effusum subsp. effusum",15.0233333333333,-92.1333333333333,"1987-02-09","change1: Filled coordinateUncertaintyInMeters from decimal-place precision (conservative). | epi_taxo: acceptedName(match1); authorship_epig(match1); genus_from_scientificName; family_WFO; order_majorGroup_WCVP [2026-03-11] | CoordinateCleaner QA applied without sea test (validity, equal, zeros, capitals, centroids, gbif, institutions) [2026-03-29]","standardized authors names in recordedBy / standardized authors names in identifiedBy","Colección","E.M.S. & A.M.G. & G.U. & M.R.","M.A. Pérez-Farrera"
"1315","HEM2025_1315","PreservedSpecimen","Coleccion",NA,"UNICACH","SPECIES","HEM","R.H.J.","65","M.E.L.M.","E","HEM2025",1,"Elaphoglossum affine",15.9002777777778,-93.2411111111111,"1995-06-19","change1: Filled coordinateUncertaintyInMeters from decimal-place precision (conservative). | epi_taxo: acceptedName(match1); authorship_epig(match1); genus_from_scientificName; family_WFO; order_majorGroup_WCVP [2026-03-11] | CoordinateCleaner QA applied without sea test (validity, equal, zeros, capitals, centroids, gbif, institutions) [2026-03-29]","","Colección","R.H.J.","M.E.L.M."
"1316","HEM2025_1316","PreservedSpecimen","Coleccion",NA,"UNICACH","SPECIES","HEM","J.M.M.","727","Camilo, R.M.","E","HEM2025",1,"Elaphoglossum affine",15.6063055555556,-92.6553611111111,"2005-01-17","change1: Filled coordinateUncertaintyInMeters from decimal-place precision (conservative). | epi_taxo: acceptedName(match1); authorship_epig(match1); genus_from_scientificName; family_WFO; order_majorGroup_WCVP [2026-03-11] | CoordinateCleaner QA applied without sea test (validity, equal, zeros, capitals, centroids, gbif, institutions) [2026-03-29]","standardized authors names in identifiedBy","Colección","J.M.M.","R.M. Camilo"
"1317","HEM2025_1317","PreservedSpecimen","Coleccion",NA,"UNICACH","SPECIES","HEM","M.M.M. | M.D.E.M.","555","Perez-Farrera, M.A.","E","HEM2025",1,"Elaphoglossum albomarginatum",15.2585833333333,-92.2159444444444,"2013-02-05","change1: Filled coordinateUncertaintyInMeters from decimal-place precision (conservative). | epi_taxo: acceptedName(match1); authorship_epig(match1); genus_from_scientificName; family_WFO; order_majorGroup_WCVP [2026-03-11] | CoordinateCleaner QA applied without sea test (validity, equal, zeros, capitals, centroids, gbif, institutions) [2026-03-29]","standardized authors names in recordedBy / standardized authors names in identifiedBy","Colección","M.M.M. & M.D.E.M.","M.A. Pérez-Farrera"
"1318","HEM2025_1318","PreservedSpecimen","Coleccion",NA,"UNICACH","SPECIES","HEM","Perez-Farrera, M.A.","1068","A.R.S.","E","HEM2025",1,"Elaphoglossum erinaceum",15.6166666666667,-92.8,"1996-08-10","change1: Filled coordinateUncertaintyInMeters from decimal-place precision (conservative). | epi_taxo: acceptedName(match1); authorship_epig(match1); genus_from_scientificName; family_WFO; order_majorGroup_WCVP [2026-03-11] | CoordinateCleaner QA applied without sea test (validity, equal, zeros, capitals, centroids, gbif, institutions) [2026-03-29]","standardized authors names in recordedBy","Colección","M.A. Pérez-Farrera","A.R.S."
"1319","HEM2025_1319","PreservedSpecimen","Coleccion",NA,"UNICACH","SPECIES","HEM","M.M.M. | M.D.E.M.","693","Perez-Farrera, M.A.","E","HEM2025",1,"Elaphoglossum eximium",15.2601388888889,-92.2172777777778,"2013-02-08","change1: Filled coordinateUncertaintyInMeters from decimal-place precision (conservative). | epi_taxo: acceptedName(match1); authorship_epig(match1); genus_from_scientificName; family_WFO; order_majorGroup_WCVP [2026-03-11] | CoordinateCleaner QA applied without sea test (validity, equal, zeros, capitals, centroids, gbif, institutions) [2026-03-29]","standardized authors names in recordedBy / standardized authors names in identifiedBy","Colección","M.M.M. & M.D.E.M.","M.A. Pérez-Farrera"
"1320","HEM2025_1320","PreservedSpecimen","Coleccion",NA,"UNICACH","SPECIES","HEM","J.M.M.","1160","M.E.L.M.","E","HEM2025",1,"Elaphoglossum guatemalense",15.8213333333333,-93.0480277777778,"2005-08-27","change1: Filled coordinateUncertaintyInMeters from decimal-place precision (conservative). | epi_taxo: acceptedName(match1); authorship_epig(match1); genus_from_scientificName; family_WFO; order_majorGroup_WCVP [2026-03-11] | CoordinateCleaner QA applied without sea test (validity, equal, zeros, capitals, centroids, gbif, institutions) [2026-03-29]","","Colección","J.M.M.","M.E.L.M."
"1321","HEM2025_1321","PreservedSpecimen","Coleccion",NA,"UNICACH","SPECIES","HEM","Perez-Farrera, M.A.","435","Perez-Farrera, M.A.","E","HEM2025",2,"Elaphoglossum ipshookense",16.3416666666667,-93.7083333333333,"1995-05-25","change1: Filled coordinateUncertaintyInMeters from decimal-place precision (conservative). | epi_taxo: acceptedName(match1); authorship_epig(match1); genus_from_scientificName; family_WFO; order_majorGroup_WCVP [2026-03-11] | CoordinateCleaner QA applied without sea test (validity, equal, zeros, capitals, centroids, gbif, institutions) [2026-03-29]","standardized authors names in recordedBy / standardized authors names in identifiedBy","Colección","M.A. Pérez-Farrera","M.A. Pérez-Farrera"
"1322","HEM2025_1322","PreservedSpecimen","Coleccion",NA,"UNICACH","SPECIES","HEM","Perez-Farrera, M.A.","990-bis","M.E.L.M.","E","HEM2025",1,"Elaphoglossum latifolium",15.6441666666667,-92.8275,"1996-08-09","change1: Filled coordinateUncertaintyInMeters from decimal-place precision (conservative). | epi_taxo: acceptedName(match1); authorship_epig(match1); genus_from_scientificName; family_WFO; order_majorGroup_WCVP [2026-03-11] | CoordinateCleaner QA applied without sea test (validity, equal, zeros, capitals, centroids, gbif, institutions) [2026-03-29]","standardized authors names in recordedBy","Colección","M.A. Pérez-Farrera","M.E.L.M."
"1323","HEM2025_1323","PreservedSpecimen","Coleccion",NA,"UNICACH","SPECIES","HEM","Perez-Farrera, M.A.","1345","Riba, R.","E","HEM2025",1,"Elaphoglossum latifolium",15.7,-92.9361111111111,"1996-11-05","change1: Filled coordinateUncertaintyInMeters from decimal-place precision (conservative). | epi_taxo: acceptedName(match1); authorship_epig(match1); genus_from_scientificName; family_WFO; order_majorGroup_WCVP [2026-03-11] | CoordinateCleaner QA applied without sea test (validity, equal, zeros, capitals, centroids, gbif, institutions) [2026-03-29]","standardized authors names in recordedBy / standardized authors names in identifiedBy","Colección","M.A. Pérez-Farrera","R. Riba"
"1324","HEM2025_1324","PreservedSpecimen","Coleccion",NA,"UNICACH","SPECIES","HEM","N.M.M.","1770","Perez-Farrera, M.A.","E","HEM2025",1,"Elaphoglossum latifolium",15.7230555555556,-93.0013888888889,"2006-10-13","change1: Filled coordinateUncertaintyInMeters from decimal-place precision (conservative). | epi_taxo: acceptedName(match1); authorship_epig(match1); genus_from_scientificName; family_WFO; order_majorGroup_WCVP [2026-03-11] | CoordinateCleaner QA applied without sea test (validity, equal, zeros, capitals, centroids, gbif, institutions) [2026-03-29]","standardized authors names in identifiedBy","Colección","N.M.M.","M.A. Pérez-Farrera"
"1325","HEM2025_1325","PreservedSpecimen","Coleccion",NA,"UNICACH","SPECIES","HEM","M.M.M. | N.M.M. | R.J.R.V. | E.C.N.","4302","N.M.M.","E","HEM2025",1,"Elaphoglossum latifolium",15.099,-92.1409722222222,"2014-06-18","change1: Filled coordinateUncertaintyInMeters from decimal-place precision (conservative). | epi_taxo: acceptedName(match1); authorship_epig(match1); genus_from_scientificName; family_WFO; order_majorGroup_WCVP [2026-03-11] | CoordinateCleaner QA applied without sea test (validity, equal, zeros, capitals, centroids, gbif, institutions) [2026-03-29]","standardized authors names in recordedBy","Colección","M.M.M. & N.M.M. & R.J.R.V. & E.C.N.","N.M.M."
"1326","HEM2025_1326","PreservedSpecimen","Coleccion",NA,"UNICACH","SPECIES","HEM","Najarro, F.H.","578","Perez-Farrera, M.A.","E","HEM2025",1,"Elaphoglossum latifolium",15.7727777777778,-93.09,"2001-07-17","change1: Filled coordinateUncertaintyInMeters from decimal-place precision (conservative). | epi_taxo: acceptedName(match1); authorship_epig(match1); genus_from_scientificName; family_WFO; order_majorGroup_WCVP [2026-03-11] | CoordinateCleaner QA applied without sea test (validity, equal, zeros, capitals, centroids, gbif, institutions) [2026-03-29]","standardized authors names in recordedBy / standardized authors names in identifiedBy","Colección","F.H. Najarro","M.A. Pérez-Farrera"
"1327","HEM2025_1327","PreservedSpecimen","Coleccion",NA,"UNICACH","SPECIES","HEM","Perez-Farrera, M.A.","1024","Perez-Farrera, M.A.","E","HEM2025",1,"Elaphoglossum latifolium",15.6441666666667,-92.8275,"1996-08-09","change1: Filled coordinateUncertaintyInMeters from decimal-place precision (conservative). | epi_taxo: acceptedName(match1); authorship_epig(match1); genus_from_scientificName; family_WFO; order_majorGroup_WCVP [2026-03-11] | CoordinateCleaner QA applied without sea test (validity, equal, zeros, capitals, centroids, gbif, institutions) [2026-03-29]","standardized authors names in recordedBy / standardized authors names in identifiedBy","Colección","M.A. Pérez-Farrera","M.A. Pérez-Farrera"
"1328","HEM2025_1328","PreservedSpecimen","Coleccion",NA,"UNICACH","SPECIES","HEM","Perez-Farrera, M.A.","351","Perez-Farrera, M.A.","E","HEM2025",1,"Elaphoglossum latifolium",16.1944444444444,-93.6083333333333,"1995-05-23","change1: Filled coordinateUncertaintyInMeters from decimal-place precision (conservative). | epi_taxo: acceptedName(match1); authorship_epig(match1); genus_from_scientificName; family_WFO; order_majorGroup_WCVP [2026-03-11] | CoordinateCleaner QA applied without sea test (validity, equal, zeros, capitals, centroids, gbif, institutions) [2026-03-29]","standardized authors names in recordedBy / standardized authors names in identifiedBy","Colección","M.A. Pérez-Farrera","M.A. Pérez-Farrera"
"1329","HEM2025_1329","PreservedSpecimen","Coleccion",NA,"UNICACH","SPECIES","HEM","Perez-Farrera, M.A.","348","Perez-Farrera, M.A.","E","HEM2025",1,"Elaphoglossum latifolium",16.1944444444444,-93.6083333333333,"1995-05-23","change1: Filled coordinateUncertaintyInMeters from decimal-place precision (conservative). | epi_taxo: acceptedName(match1); authorship_epig(match1); genus_from_scientificName; family_WFO; order_majorGroup_WCVP [2026-03-11] | CoordinateCleaner QA applied without sea test (validity, equal, zeros, capitals, centroids, gbif, institutions) [2026-03-29]","standardized authors names in recordedBy / standardized authors names in identifiedBy","Colección","M.A. Pérez-Farrera","M.A. Pérez-Farrera"
"1330","HEM2025_1330","PreservedSpecimen","Coleccion",NA,"UNICACH","SPECIES","HEM","N.M.M. | M.M.M. | R.V.H.","3258","N.M.M.","E","HEM2025",1,"Elaphoglossum leebrowniae",15.1049722222222,-92.1001055555555,"2014-09-24","change1: Filled coordinateUncertaintyInMeters from decimal-place precision (conservative). | epi_taxo: acceptedName(match1); authorship_epig(match1); genus_from_scientificName; family_WFO; order_majorGroup_WCVP [2026-03-11] | CoordinateCleaner QA applied without sea test (validity, equal, zeros, capitals, centroids, gbif, institutions) [2026-03-29]","standardized authors names in recordedBy","Colección","N.M.M. & M.M.M. & R.V.H.","N.M.M."
"1331","HEM2025_1331","PreservedSpecimen","Coleccion",NA,"UNICACH","SPECIES","HEM","Perez-Farrera, M.A.","1083","Perez-Farrera, M.A.","E","HEM2025",1,"Elaphoglossum lonchophyllum",15.6166666666667,-92.8,"1996-08-10","change1: Filled coordinateUncertaintyInMeters from decimal-place precision (conservative). | epi_taxo: acceptedName(match1); authorship_epig(match1); genus_from_scientificName; family_WFO; order_majorGroup_WCVP [2026-03-11] | CoordinateCleaner QA applied without sea test (validity, equal, zeros, capitals, centroids, gbif, institutions) [2026-03-29]","standardized authors names in recordedBy / standardized authors names in identifiedBy","Colección","M.A. Pérez-Farrera","M.A. Pérez-Farrera"
"1332","HEM2025_1332","PreservedSpecimen","Coleccion",NA,"UNICACH","SPECIES","HEM","M.M.M. | A.L.C.","4824","N.M.M.","E","HEM2025",3,"Elaphoglossum luzonicum",15.0942222222222,-92.1718611111111,"2014-08-15","change1: Filled coordinateUncertaintyInMeters from decimal-place precision (conservative). | epi_taxo: acceptedName(match1); authorship_epig(match1); genus_from_scientificName; family_WFO; order_majorGroup_WCVP [2026-03-11] | CoordinateCleaner QA applied without sea test (validity, equal, zeros, capitals, centroids, gbif, institutions) [2026-03-29]","standardized authors names in recordedBy","Colección","M.M.M. & A.L.C.","N.M.M."
"1333","HEM2025_1333","PreservedSpecimen","Coleccion",NA,"UNICACH","SPECIES","HEM","N.M.M.","546","Perez-Farrera, M.A.","E","HEM2025",1,"Elaphoglossum muscosum",15.6608333333333,-92.8275,"2004-11-11","change1: Filled coordinateUncertaintyInMeters from decimal-place precision (conservative). | epi_taxo: acceptedName(match1); authorship_epig(match1); genus_from_scientificName; family_WFO; order_majorGroup_WCVP [2026-03-11] | CoordinateCleaner QA applied without sea test (validity, equal, zeros, capitals, centroids, gbif, institutions) [2026-03-29]","standardized authors names in identifiedBy","Colección","N.M.M.","M.A. Pérez-Farrera"
"1334","HEM2025_1334","PreservedSpecimen","Coleccion",NA,"UNICACH","SPECIES","HEM","J.M.M.","1153","Perez-Farrera, M.A.","E","HEM2025",1,"Elaphoglossum muscosum",15.8213333333333,-93.0480277777778,"2005-08-27","change1: Filled coordinateUncertaintyInMeters from decimal-place precision (conservative). | epi_taxo: acceptedName(match1); authorship_epig(match1); genus_from_scientificName; family_WFO; order_majorGroup_WCVP [2026-03-11] | CoordinateCleaner QA applied without sea test (validity, equal, zeros, capitals, centroids, gbif, institutions) [2026-03-29]","standardized authors names in identifiedBy","Colección","J.M.M.","M.A. Pérez-Farrera"
"1335","HEM2025_1335","PreservedSpecimen","Coleccion",NA,"UNICACH","SPECIES","HEM","M.M.M. | M.D.E.M.","669","Perez-Farrera, M.A.","E","HEM2025",1,"Elaphoglossum paleaceum",15.2601388888889,-92.2172777777778,"2013-02-08","change1: Filled coordinateUncertaintyInMeters from decimal-place precision (conservative). | epi_taxo: acceptedName(match1); authorship_epig(match1); genus_from_scientificName; family_WFO; order_majorGroup_WCVP [2026-03-11] | CoordinateCleaner QA applied without sea test (validity, equal, zeros, capitals, centroids, gbif, institutions) [2026-03-29]","standardized authors names in recordedBy / standardized authors names in identifiedBy","Colección","M.M.M. & M.D.E.M.","M.A. Pérez-Farrera"
"1336","HEM2025_1336","PreservedSpecimen","Coleccion",NA,"UNICACH","SPECIES","HEM","M.M.M. | M.D.E.M.","743","Perez-Farrera, M.A.","E","HEM2025",1,"Elaphoglossum paleaceum",15.2596666666667,-92.2186388888889,"2013-02-10","change1: Filled coordinateUncertaintyInMeters from decimal-place precision (conservative). | epi_taxo: acceptedName(match1); authorship_epig(match1); genus_from_scientificName; family_WFO; order_majorGroup_WCVP [2026-03-11] | CoordinateCleaner QA applied without sea test (validity, equal, zeros, capitals, centroids, gbif, institutions) [2026-03-29]","standardized authors names in recordedBy / standardized authors names in identifiedBy","Colección","M.M.M. & M.D.E.M.","M.A. Pérez-Farrera"
"1337","HEM2025_1337","PreservedSpecimen","Coleccion",NA,"UNICACH","SPECIES","HEM","N.M.M.","566","N.M.M.","E","HEM2025",1,"Elaphoglossum peltatum",15.6608333333333,-92.8275,"2004-11-11","change1: Filled coordinateUncertaintyInMeters from decimal-place precision (conservative). | epi_taxo: acceptedName(match1); authorship_epig(match1); genus_from_scientificName; family_WFO; order_majorGroup_WCVP [2026-03-11] | CoordinateCleaner QA applied without sea test (validity, equal, zeros, capitals, centroids, gbif, institutions) [2026-03-29]","","Colección","N.M.M.","N.M.M."
"1338","HEM2025_1338","PreservedSpecimen","Coleccion",NA,"UNICACH","SPECIES","HEM","N.M.M.","656","N.M.M.","E","HEM2025",1,"Elaphoglossum peltatum",15.6396388888889,-92.6553611111111,"2005-01-17","change1: Filled coordinateUncertaintyInMeters from decimal-place precision (conservative). | epi_taxo: acceptedName(match1); authorship_epig(match1); genus_from_scientificName; family_WFO; order_majorGroup_WCVP [2026-03-11] | CoordinateCleaner QA applied without sea test (validity, equal, zeros, capitals, centroids, gbif, institutions) [2026-03-29]","","Colección","N.M.M.","N.M.M."
"1339","HEM2025_1339","PreservedSpecimen","Coleccion",NA,"UNICACH","SPECIES","HEM","N.M.M.","1114","N.M.M.","E","HEM2025",1,"Elaphoglossum peltatum",15.6641666666667,-92.8136111111111,"2005-08-06","change1: Filled coordinateUncertaintyInMeters from decimal-place precision (conservative). | epi_taxo: acceptedName(match1); authorship_epig(match1); genus_from_scientificName; family_WFO; order_majorGroup_WCVP [2026-03-11] | CoordinateCleaner QA applied without sea test (validity, equal, zeros, capitals, centroids, gbif, institutions) [2026-03-29]","","Colección","N.M.M.","N.M.M."
"1340","HEM2025_1340","PreservedSpecimen","Coleccion",NA,"UNICACH","SPECIES","HEM","H.G.D.","1019","H.G.D.","E","HEM2025",1,"Elaphoglossum peltatum",15.5991388888889,-92.6927777777778,"2005-06-13","change1: Filled coordinateUncertaintyInMeters from decimal-place precision (conservative). | epi_taxo: acceptedName(match1); authorship_epig(match1); genus_from_scientificName; family_WFO; order_majorGroup_WCVP [2026-03-11] | CoordinateCleaner QA applied without sea test (validity, equal, zeros, capitals, centroids, gbif, institutions) [2026-03-29]","","Colección","H.G.D.","H.G.D."
"1341","HEM2025_1341","PreservedSpecimen","Coleccion",NA,"UNICACH","SPECIES","HEM","J.M.M.","1152","N.M.M.","E","HEM2025",1,"Elaphoglossum peltatum",15.8213333333333,-93.0480277777778,"2005-08-27","change1: Filled coordinateUncertaintyInMeters from decimal-place precision (conservative). | epi_taxo: acceptedName(match1); authorship_epig(match1); genus_from_scientificName; family_WFO; order_majorGroup_WCVP [2026-03-11] | CoordinateCleaner QA applied without sea test (validity, equal, zeros, capitals, centroids, gbif, institutions) [2026-03-29]","","Colección","J.M.M.","N.M.M."
"1342","HEM2025_1342","PreservedSpecimen","Coleccion",NA,"UNICACH","SPECIES","HEM","Najarro, F.H.","606","Najarro, F.H.","E","HEM2025",1,"Elaphoglossum peltatum",15.7727777777778,-93.09,"2002-07-17","change1: Filled coordinateUncertaintyInMeters from decimal-place precision (conservative). | epi_taxo: acceptedName(match1); authorship_epig(match1); genus_from_scientificName; family_WFO; order_majorGroup_WCVP [2026-03-11] | CoordinateCleaner QA applied without sea test (validity, equal, zeros, capitals, centroids, gbif, institutions) [2026-03-29]","standardized authors names in recordedBy / standardized authors names in identifiedBy","Colección","F.H. Najarro","F.H. Najarro"
"1343","HEM2025_1343","PreservedSpecimen","Coleccion",NA,"UNICACH","SPECIES","HEM","F.E.P.C.","74","Perez-Farrera, M.A.","E","HEM2025",1,"Elaphoglossum peltatum",15.4805555555556,-92.6055555555556,"1999-01-27","change1: Filled coordinateUncertaintyInMeters from decimal-place precision (conservative). | epi_taxo: acceptedName(match1); authorship_epig(match1); genus_from_scientificName; family_WFO; order_majorGroup_WCVP [2026-03-11] | CoordinateCleaner QA applied without sea test (validity, equal, zeros, capitals, centroids, gbif, institutions) [2026-03-29]","standardized authors names in identifiedBy","Colección","F.E.P.C.","M.A. Pérez-Farrera"
"1344","HEM2025_1344","PreservedSpecimen","Coleccion",NA,"UNICACH","SPECIES","HEM","C.A.P.B.","180","C.A.P.B.","E","HEM2025",1,"Elaphoglossum peltatum",15.5756111111111,-92.7583333333333,"2006-08-17","change1: Filled coordinateUncertaintyInMeters from decimal-place precision (conservative). | epi_taxo: acceptedName(match1); authorship_epig(match1); genus_from_scientificName; family_WFO; order_majorGroup_WCVP [2026-03-11] | CoordinateCleaner QA applied without sea test (validity, equal, zeros, capitals, centroids, gbif, institutions) [2026-03-29]","","Colección","C.A.P.B.","C.A.P.B."
"1345","HEM2025_1345","PreservedSpecimen","Coleccion",NA,"UNICACH","SPECIES","HEM","H.G.D.","1477","H.G.D.","E","HEM2025",1,"Elaphoglossum peltatum",15.7230555555556,-93.0013888888889,"2006-10-13","change1: Filled coordinateUncertaintyInMeters from decimal-place precision (conservative). | epi_taxo: acceptedName(match1); authorship_epig(match1); genus_from_scientificName; family_WFO; order_majorGroup_WCVP [2026-03-11] | CoordinateCleaner QA applied without sea test (validity, equal, zeros, capitals, centroids, gbif, institutions) [2026-03-29]","","Colección","H.G.D.","H.G.D."
"1346","HEM2025_1346","PreservedSpecimen","Coleccion",NA,"UNICACH","SPECIES","HEM","N.M.M.","1758","Perez-Farrera, M.A.","E","HEM2025",1,"Elaphoglossum peltatum",15.7230555555556,-93.0013888888889,"2006-10-13","change1: Filled coordinateUncertaintyInMeters from decimal-place precision (conservative). | epi_taxo: acceptedName(match1); authorship_epig(match1); genus_from_scientificName; family_WFO; order_majorGroup_WCVP [2026-03-11] | CoordinateCleaner QA applied without sea test (validity, equal, zeros, capitals, centroids, gbif, institutions) [2026-03-29]","standardized authors names in identifiedBy","Colección","N.M.M.","M.A. Pérez-Farrera"
"1347","HEM2025_1347","PreservedSpecimen","Coleccion",NA,"UNICACH","SPECIES","HEM","R.R.S.","607","R.R.S.","E","HEM2025",1,"Elaphoglossum peltatum",15.5490833333333,-92.6077222222222,"2005-08-06","change1: Filled coordinateUncertaintyInMeters from decimal-place precision (conservative). | epi_taxo: acceptedName(match1); authorship_epig(match1); genus_from_scientificName; family_WFO; order_majorGroup_WCVP [2026-03-11] | CoordinateCleaner QA applied without sea test (validity, equal, zeros, capitals, centroids, gbif, institutions) [2026-03-29]","","Colección","R.R.S.","R.R.S."
"1348","HEM2025_1348","PreservedSpecimen","Coleccion",NA,"UNICACH","SPECIES","HEM","M.M.M. | M.A.D.V.","1815","Perez-Farrera, M.A.","E","HEM2025",1,"Elaphoglossum peltatum",15.0901111111111,-92.1044722222222,"2013-05-28","change1: Filled coordinateUncertaintyInMeters from decimal-place precision (conservative). | epi_taxo: acceptedName(match1); authorship_epig(match1); genus_from_scientificName; family_WFO; order_majorGroup_WCVP [2026-03-11] | CoordinateCleaner QA applied without sea test (validity, equal, zeros, capitals, centroids, gbif, institutions) [2026-03-29]","standardized authors names in recordedBy / standardized authors names in identifiedBy","Colección","M.M.M. & M.A.D.V.","M.A. Pérez-Farrera"
"1349","HEM2025_1349","PreservedSpecimen","Coleccion",NA,"UNICACH","SPECIES","HEM","M.M.M. | M.C.R.M.","2579","Camilo, R.M.","E","HEM2025",1,"Elaphoglossum peltatum",15.14725,-92.1429166666667,"2013-11-14","change1: Filled coordinateUncertaintyInMeters from decimal-place precision (conservative). | epi_taxo: acceptedName(match1); authorship_epig(match1); genus_from_scientificName; family_WFO; order_majorGroup_WCVP [2026-03-11] | CoordinateCleaner QA applied without sea test (validity, equal, zeros, capitals, centroids, gbif, institutions) [2026-03-29]","standardized authors names in recordedBy / standardized authors names in identifiedBy","Colección","M.M.M. & M.C.R.M.","R.M. Camilo"
"1350","HEM2025_1350","PreservedSpecimen","Coleccion",NA,"UNICACH","SPECIES","HEM","Camilo, R.M. | M.I.L.R. | N.A.F.R.","2329","Camilo, R.M.","E","HEM2025",1,"Elaphoglossum peltatum",15.0928888888889,-92.1475,"2014-07-06","change1: Filled coordinateUncertaintyInMeters from decimal-place precision (conservative). | epi_taxo: acceptedName(match1); authorship_epig(match1); genus_from_scientificName; family_WFO; order_majorGroup_WCVP [2026-03-11] | CoordinateCleaner QA applied without sea test (validity, equal, zeros, capitals, centroids, gbif, institutions) [2026-03-29]","standardized authors names in recordedBy / standardized authors names in identifiedBy","Colección","R.M. Camilo & M.I.L.R. & N.A.F.R.","R.M. Camilo"
"1351","HEM2025_1351","PreservedSpecimen","Coleccion",NA,"UNICACH","SPECIES","HEM","M.M.M. | N.M.M. | R.J.R.V. | E.C.N.","4341","Perez-Farrera, M.A.","E","HEM2025",1,"Elaphoglossum peltatum",15.096,-92.1404722222222,"2014-06-18","change1: Filled coordinateUncertaintyInMeters from decimal-place precision (conservative). | epi_taxo: acceptedName(match1); authorship_epig(match1); genus_from_scientificName; family_WFO; order_majorGroup_WCVP [2026-03-11] | CoordinateCleaner QA applied without sea test (validity, equal, zeros, capitals, centroids, gbif, institutions) [2026-03-29]","standardized authors names in recordedBy / standardized authors names in identifiedBy","Colección","M.M.M. & N.M.M. & R.J.R.V. & E.C.N.","M.A. Pérez-Farrera"
"1352","HEM2025_1352","PreservedSpecimen","Coleccion",NA,"UNICACH","SPECIES","HEM","M.M.M. | N.M.M. | R.J.R.V. | E.C.N.","4509","N.M.M.","E","HEM2025",1,"Elaphoglossum peltatum",15.0955,-92.1390555555556,"2014-06-20","change1: Filled coordinateUncertaintyInMeters from decimal-place precision (conservative). | epi_taxo: acceptedName(match1); authorship_epig(match1); genus_from_scientificName; family_WFO; order_majorGroup_WCVP [2026-03-11] | CoordinateCleaner QA applied without sea test (validity, equal, zeros, capitals, centroids, gbif, institutions) [2026-03-29]","standardized authors names in recordedBy","Colección","M.M.M. & N.M.M. & R.J.R.V. & E.C.N.","N.M.M."
"1353","HEM2025_1353","PreservedSpecimen","Coleccion",NA,"UNICACH","SPECIES","HEM","M.M.M. | N.M.M. | R.J.R.V. | E.C.N.","4538","N.M.M.","E","HEM2025",1,"Elaphoglossum peltatum",15.0923888888889,-92.1485277777778,"2014-06-20","change1: Filled coordinateUncertaintyInMeters from decimal-place precision (conservative). | epi_taxo: acceptedName(match1); authorship_epig(match1); genus_from_scientificName; family_WFO; order_majorGroup_WCVP [2026-03-11] | CoordinateCleaner QA applied without sea test (validity, equal, zeros, capitals, centroids, gbif, institutions) [2026-03-29]","standardized authors names in recordedBy","Colección","M.M.M. & N.M.M. & R.J.R.V. & E.C.N.","N.M.M."
"1354","HEM2025_1354","PreservedSpecimen","Coleccion",NA,"UNICACH","SPECIES","HEM","M.M.M. | E.A.M.A.","4635","Perez-Farrera, M.A.","E","HEM2025",1,"Elaphoglossum peltatum",15.0861111111111,-92.1467222222222,"2014-07-05","change1: Filled coordinateUncertaintyInMeters from decimal-place precision (conservative). | epi_taxo: acceptedName(match1); authorship_epig(match1); genus_from_scientificName; family_WFO; order_majorGroup_WCVP [2026-03-11] | CoordinateCleaner QA applied without sea test (validity, equal, zeros, capitals, centroids, gbif, institutions) [2026-03-29]","standardized authors names in recordedBy / standardized authors names in identifiedBy","Colección","M.M.M. & E.A.M.A.","M.A. Pérez-Farrera"
"1355","HEM2025_1355","PreservedSpecimen","Coleccion",NA,"UNICACH","SPECIES","HEM","M.M.M. | S.H.J. | J.A.B.B.","5714","N.M.M.","E","HEM2025",1,"Elaphoglossum peltatum",15.2408055555556,-92.3045555555556,"2015-04-30","change1: Filled coordinateUncertaintyInMeters from decimal-place precision (conservative). | epi_taxo: acceptedName(match1); authorship_epig(match1); genus_from_scientificName; family_WFO; order_majorGroup_WCVP [2026-03-11] | CoordinateCleaner QA applied without sea test (validity, equal, zeros, capitals, centroids, gbif, institutions) [2026-03-29]","standardized authors names in recordedBy","Colección","M.M.M. & S.H.J. & J.A.B.B.","N.M.M."
"1356","HEM2025_1356","PreservedSpecimen","Coleccion",NA,"UNICACH","SPECIES","HEM","M.M.M. | S.H.J. | V.E.G.J.","6018","N.M.M.","E","HEM2025",1,"Elaphoglossum peltatum",15.2342222222222,-92.3172777777778,"2015-06-01","change1: Filled coordinateUncertaintyInMeters from decimal-place precision (conservative). | epi_taxo: acceptedName(match1); authorship_epig(match1); genus_from_scientificName; family_WFO; order_majorGroup_WCVP [2026-03-11] | CoordinateCleaner QA applied without sea test (validity, equal, zeros, capitals, centroids, gbif, institutions) [2026-03-29]","standardized authors names in recordedBy","Colección","M.M.M. & S.H.J. & V.E.G.J.","N.M.M."
"1357","HEM2025_1357","PreservedSpecimen","Coleccion",NA,"UNICACH","SPECIES","HEM","C.A.Z.M.","20","M.E.L.M.","E","HEM2025",1,"Elaphoglossum petiolatum",16.8716666666667,-92.4769444444444,"2003-05-17","change1: Filled coordinateUncertaintyInMeters from decimal-place precision (conservative). | epi_taxo: acceptedName(match1); authorship_epig(match1); genus_from_scientificName; family_WFO; order_majorGroup_WCVP [2026-03-11] | CoordinateCleaner QA applied without sea test (validity, equal, zeros, capitals, centroids, gbif, institutions) [2026-03-29]","","Colección","C.A.Z.M.","M.E.L.M."
"1358","HEM2025_1358","PreservedSpecimen","Coleccion",NA,"UNICACH","SPECIES","HEM","C.A.Z.M.","20","M.E.L.M.","E","HEM2025",1,"Elaphoglossum petiolatum",16.8716666666667,-92.4769444444444,"2003-05-17","change1: Filled coordinateUncertaintyInMeters from decimal-place precision (conservative). | epi_taxo: acceptedName(match1); authorship_epig(match1); genus_from_scientificName; family_WFO; order_majorGroup_WCVP [2026-03-11] | CoordinateCleaner QA applied without sea test (validity, equal, zeros, capitals, centroids, gbif, institutions) [2026-03-29]","","Colección","C.A.Z.M.","M.E.L.M."
"1359","HEM2025_1359","PreservedSpecimen","Coleccion",NA,"UNICACH","SPECIES","HEM","Perez-Farrera, M.A.","2996","M.E.L.M.","E","HEM2025",1,"Elaphoglossum piloselloides",16.2100555555556,-93.5839166666667,"2006-08-10","change1: Filled coordinateUncertaintyInMeters from decimal-place precision (conservative). | epi_taxo: acceptedName(match1); authorship_epig(match1); genus_from_scientificName; family_WFO; order_majorGroup_WCVP [2026-03-11] | CoordinateCleaner QA applied without sea test (validity, equal, zeros, capitals, centroids, gbif, institutions) [2026-03-29]","standardized authors names in recordedBy","Colección","M.A. Pérez-Farrera","M.E.L.M."
"1360","HEM2025_1360","PreservedSpecimen","Coleccion",NA,"UNICACH","SPECIES","HEM","J.M.M.","1023","Perez-Farrera, M.A.","E","HEM2025",1,"Elaphoglossum piloselloides",15.7974444444444,-93.0759166666667,"2005-07-15","change1: Filled coordinateUncertaintyInMeters from decimal-place precision (conservative). | epi_taxo: acceptedName(match1); authorship_epig(match1); genus_from_scientificName; family_WFO; order_majorGroup_WCVP [2026-03-11] | CoordinateCleaner QA applied without sea test (validity, equal, zeros, capitals, centroids, gbif, institutions) [2026-03-29]","standardized authors names in identifiedBy","Colección","J.M.M.","M.A. Pérez-Farrera"
"1361","HEM2025_1361","PreservedSpecimen","Coleccion",NA,"UNICACH","SPECIES","HEM","Perez-Farrera, M.A.","2995","M.E.L.M.","E","HEM2025",1,"Elaphoglossum revolutum",16.2100555555556,-93.5839166666667,"2006-08-10","change1: Filled coordinateUncertaintyInMeters from decimal-place precision (conservative). | epi_taxo: acceptedName(match1); authorship_epig(match1); genus_from_scientificName; family_WFO; order_majorGroup_WCVP [2026-03-11] | CoordinateCleaner QA applied without sea test (validity, equal, zeros, capitals, centroids, gbif, institutions) [2026-03-29]","standardized authors names in recordedBy","Colección","M.A. Pérez-Farrera","M.E.L.M."
"1362","HEM2025_1362","PreservedSpecimen","Coleccion",NA,"UNICACH","SPECIES","HEM","T.A.S.","184","Perez-Farrera, M.A.","E","HEM2025",1,"Elaphoglossum sartorii",16.7275,-92.7108333333333,"1988-11-26","change1: Filled coordinateUncertaintyInMeters from decimal-place precision (conservative). | epi_taxo: acceptedName(match1); authorship_epig(match1); genus_from_scientificName; family_WFO; order_majorGroup_WCVP [2026-03-11] | CoordinateCleaner QA applied without sea test (validity, equal, zeros, capitals, centroids, gbif, institutions) [2026-03-29]","standardized authors names in identifiedBy","Colección","T.A.S.","M.A. Pérez-Farrera"
"1363","HEM2025_1363","PreservedSpecimen","Coleccion",NA,"UNICACH","SPECIES","HEM","H.G.D.","864","Perez-Farrera, M.A.","E","HEM2025",1,"Elaphoglossum sartorii",15.6641666666667,-92.8136111111111,"2005-01-11","change1: Filled coordinateUncertaintyInMeters from decimal-place precision (conservative). | epi_taxo: acceptedName(match1); authorship_epig(match1); genus_from_scientificName; family_WFO; order_majorGroup_WCVP [2026-03-11] | CoordinateCleaner QA applied without sea test (validity, equal, zeros, capitals, centroids, gbif, institutions) [2026-03-29]","standardized authors names in identifiedBy","Colección","H.G.D.","M.A. Pérez-Farrera"
"1364","HEM2025_1364","PreservedSpecimen","Coleccion",NA,"UNICACH","SPECIES","HEM","Perez-Farrera, M.A.","350","Perez-Farrera, M.A.","E","HEM2025",1,"Elaphoglossum sartorii",16.1944444444444,-93.6083333333333,"1995-05-23","change1: Filled coordinateUncertaintyInMeters from decimal-place precision (conservative). | epi_taxo: acceptedName(match1); authorship_epig(match1); genus_from_scientificName; family_WFO; order_majorGroup_WCVP [2026-03-11] | CoordinateCleaner QA applied without sea test (validity, equal, zeros, capitals, centroids, gbif, institutions) [2026-03-29]","standardized authors names in recordedBy / standardized authors names in identifiedBy","Colección","M.A. Pérez-Farrera","M.A. Pérez-Farrera"
"1365","HEM2025_1365","PreservedSpecimen","Coleccion",NA,"UNICACH","SPECIES","HEM","J.M.M.","1641","M.E.L.M.","E","HEM2025",1,"Elaphoglossum sartorii",15.6441666666667,-92.8275,"2006-12-13","change1: Filled coordinateUncertaintyInMeters from decimal-place precision (conservative). | epi_taxo: acceptedName(match1); authorship_epig(match1); genus_from_scientificName; family_WFO; order_majorGroup_WCVP [2026-03-11] | CoordinateCleaner QA applied without sea test (validity, equal, zeros, capitals, centroids, gbif, institutions) [2026-03-29]","","Colección","J.M.M.","M.E.L.M."
"1366","HEM2025_1366","PreservedSpecimen","Coleccion",NA,"UNICACH","SPECIES","HEM","Camilo, R.M.","1618","N.M.M.","E","HEM2025",1,"Elaphoglossum sartorii",15.1060277777778,-92.0961611111111,"2013-07-25","change1: Filled coordinateUncertaintyInMeters from decimal-place precision (conservative). | epi_taxo: acceptedName(match1); authorship_epig(match1); genus_from_scientificName; family_WFO; order_majorGroup_WCVP [2026-03-11] | CoordinateCleaner QA applied without sea test (validity, equal, zeros, capitals, centroids, gbif, institutions) [2026-03-29]","standardized authors names in recordedBy","Colección","R.M. Camilo","N.M.M."
"1367","HEM2025_1367","PreservedSpecimen","Coleccion",NA,"UNICACH","SPECIES","HEM","M.M.M. | M.C.R.M.","3657-BIS","N.M.M.","E","HEM2025",1,"Elaphoglossum sartorii",15.1669722222222,-92.1553611111111,"2014-02-07","change1: Filled coordinateUncertaintyInMeters from decimal-place precision (conservative). | epi_taxo: acceptedName(match1); authorship_epig(match1); genus_from_scientificName; family_WFO; order_majorGroup_WCVP [2026-03-11] | CoordinateCleaner QA applied without sea test (validity, equal, zeros, capitals, centroids, gbif, institutions) [2026-03-29]","standardized authors names in recordedBy","Colección","M.M.M. & M.C.R.M.","N.M.M."
"1368","HEM2025_1368","PreservedSpecimen","Coleccion",NA,"UNICACH","SPECIES","HEM","M.M.M. | E.A.M.A.","4642","N.M.M.","E","HEM2025",1,"Elaphoglossum sartorii",15.0861111111111,-92.1467222222222,"2014-07-05","change1: Filled coordinateUncertaintyInMeters from decimal-place precision (conservative). | epi_taxo: acceptedName(match1); authorship_epig(match1); genus_from_scientificName; family_WFO; order_majorGroup_WCVP [2026-03-11] | CoordinateCleaner QA applied without sea test (validity, equal, zeros, capitals, centroids, gbif, institutions) [2026-03-29]","standardized authors names in recordedBy","Colección","M.M.M. & E.A.M.A.","N.M.M."
"1369","HEM2025_1369","PreservedSpecimen","Coleccion",NA,"UNICACH","SPECIES","HEM","N.M.M. | M.M.M. | R.V.H.","3474","N.M.M.","E","HEM2025",1,"Elaphoglossum sartorii",15.1080277777778,-92.108,"2014-09-24","change1: Filled coordinateUncertaintyInMeters from decimal-place precision (conservative). | epi_taxo: acceptedName(match1); authorship_epig(match1); genus_from_scientificName; family_WFO; order_majorGroup_WCVP [2026-03-11] | CoordinateCleaner QA applied without sea test (validity, equal, zeros, capitals, centroids, gbif, institutions) [2026-03-29]","standardized authors names in recordedBy","Colección","N.M.M. & M.M.M. & R.V.H.","N.M.M."
"1370","HEM2025_1370","PreservedSpecimen","Coleccion",NA,"UNICACH","SPECIES","HEM","M.M.M. | M.C.R.M.","5098","N.M.M.","E","HEM2025",1,"Elaphoglossum sartorii",15.0993611111111,-92.1659722222222,"2014-09-16","change1: Filled coordinateUncertaintyInMeters from decimal-place precision (conservative). | epi_taxo: acceptedName(match1); authorship_epig(match1); genus_from_scientificName; family_WFO; order_majorGroup_WCVP [2026-03-11] | CoordinateCleaner QA applied without sea test (validity, equal, zeros, capitals, centroids, gbif, institutions) [2026-03-29]","standardized authors names in recordedBy","Colección","M.M.M. & M.C.R.M.","N.M.M."
"1371","HEM2025_1371","PreservedSpecimen","Coleccion",NA,"UNICACH","SPECIES","HEM","M.M.M. | M.C.R.M.","5273","N.M.M.","E","HEM2025",1,"Elaphoglossum sartorii",15.0908888888889,-92.1786666666667,"2014-09-21","change1: Filled coordinateUncertaintyInMeters from decimal-place precision (conservative). | epi_taxo: acceptedName(match1); authorship_epig(match1); genus_from_scientificName; family_WFO; order_majorGroup_WCVP [2026-03-11] | CoordinateCleaner QA applied without sea test (validity, equal, zeros, capitals, centroids, gbif, institutions) [2026-03-29]","standardized authors names in recordedBy","Colección","M.M.M. & M.C.R.M.","N.M.M."
"1372","HEM2025_1372","PreservedSpecimen","Coleccion",NA,"UNICACH","SPECIES","HEM","M.M.M. | S.H.J. | V.E.G.J.","5912","N.M.M.","E","HEM2025",1,"Elaphoglossum sartorii",15.2310833333333,-92.3098888888889,"2015-05-29","change1: Filled coordinateUncertaintyInMeters from decimal-place precision (conservative). | epi_taxo: acceptedName(match1); authorship_epig(match1); genus_from_scientificName; family_WFO; order_majorGroup_WCVP [2026-03-11] | CoordinateCleaner QA applied without sea test (validity, equal, zeros, capitals, centroids, gbif, institutions) [2026-03-29]","standardized authors names in recordedBy","Colección","M.M.M. & S.H.J. & V.E.G.J.","N.M.M."
"1373","HEM2025_1373","PreservedSpecimen","Coleccion",NA,"UNICACH","SPECIES","HEM","Perez-Farrera, M.A.","1327","Perez-Farrera, M.A.","E","HEM2025",1,"Elaphoglossum setigerum",15.7213888888889,-92.9522222222222,"1996-11-05","change1: Filled coordinateUncertaintyInMeters from decimal-place precision (conservative). | epi_taxo: acceptedName(match1); authorship_epig(match1); genus_from_scientificName; family_WFO; order_majorGroup_WCVP [2026-03-11] | CoordinateCleaner QA applied without sea test (validity, equal, zeros, capitals, centroids, gbif, institutions) [2026-03-29]","standardized authors names in recordedBy / standardized authors names in identifiedBy","Colección","M.A. Pérez-Farrera","M.A. Pérez-Farrera"
"1374","HEM2025_1374","PreservedSpecimen","Coleccion",NA,"UNICACH","SPECIES","HEM","Camilo, R.M.","1594","N.M.M.","E","HEM2025",1,"Elaphoglossum setigerum",15.1062777777778,-92.1025833333333,"2013-07-24","change1: Filled coordinateUncertaintyInMeters from decimal-place precision (conservative). | epi_taxo: acceptedName(match1); authorship_epig(match1); genus_from_scientificName; family_WFO; order_majorGroup_WCVP [2026-03-11] | CoordinateCleaner QA applied without sea test (validity, equal, zeros, capitals, centroids, gbif, institutions) [2026-03-29]","standardized authors names in recordedBy","Colección","R.M. Camilo","N.M.M."
"1375","HEM2025_1375","PreservedSpecimen","Coleccion",NA,"UNICACH","SPECIES","HEM","M.M.M. | D.A.J.L.","3339","N.M.M.","E","HEM2025",1,"Elaphoglossum setosum",15.1348888888889,-92.1380555555556,"2013-12-15","change1: Filled coordinateUncertaintyInMeters from decimal-place precision (conservative). | epi_taxo: acceptedName(match1); authorship_epig(match1); genus_from_scientificName; family_WFO; order_majorGroup_WCVP [2026-03-11] | CoordinateCleaner QA applied without sea test (validity, equal, zeros, capitals, centroids, gbif, institutions) [2026-03-29]","standardized authors names in recordedBy","Colección","M.M.M. & D.A.J.L.","N.M.M."
"1376","HEM2025_1376","PreservedSpecimen","Coleccion",NA,"UNICACH","GENUS","HEM","Perez-Farrera, M.A.","2974","Perez-Farrera, M.A.","E","HEM2025",NA,"",17.2038888888889,-94.7625,"2002-05-18","change1: Genus placeholder (sp./spp.): moved to 'genus', set taxonRank=GENUS, cleared scientificName; kept original in verbatim. | change2: Filled coordinateUncertaintyInMeters from decimal-place precision (conservative). | epi_taxo: acceptedName(match1); authorship_epig(match1); genus_from_scientificName; family_WFO; order_majorGroup_WCVP [2026-03-11] | CoordinateCleaner QA applied without sea test (validity, equal, zeros, capitals, centroids, gbif, institutions) [2026-03-29]","standardized authors names in recordedBy / standardized authors names in identifiedBy","Colección","M.A. Pérez-Farrera","M.A. Pérez-Farrera"
"1377","HEM2025_1377","PreservedSpecimen","Coleccion",NA,"UNICACH","GENUS","HEM","Perez-Farrera, M.A.","2974","Perez-Farrera, M.A.","E","HEM2025",NA,"",17.2038888888889,-94.7625,"2002-05-18","change1: Genus placeholder (sp./spp.): moved to 'genus', set taxonRank=GENUS, cleared scientificName; kept original in verbatim. | change2: Filled coordinateUncertaintyInMeters from decimal-place precision (conservative). | epi_taxo: acceptedName(match1); authorship_epig(match1); genus_from_scientificName; family_WFO; order_majorGroup_WCVP [2026-03-11] | CoordinateCleaner QA applied without sea test (validity, equal, zeros, capitals, centroids, gbif, institutions) [2026-03-29]","standardized authors names in recordedBy / standardized authors names in identifiedBy","Colección","M.A. Pérez-Farrera","M.A. Pérez-Farrera"
"1378","HEM2025_1378","PreservedSpecimen","Coleccion",NA,"UNICACH","GENUS","HEM","Perez-Farrera, M.A.","2599","Perez-Farrera, M.A.","E","HEM2025",NA,"",15.7838888888889,-93.0688888888889,"2001-07-18","change1: Genus placeholder (sp./spp.): moved to 'genus', set taxonRank=GENUS, cleared scientificName; kept original in verbatim. | change2: Filled coordinateUncertaintyInMeters from decimal-place precision (conservative). | epi_taxo: acceptedName(match1); authorship_epig(match1); genus_from_scientificName; family_WFO; order_majorGroup_WCVP [2026-03-11] | CoordinateCleaner QA applied without sea test (validity, equal, zeros, capitals, centroids, gbif, institutions) [2026-03-29]","standardized authors names in recordedBy / standardized authors names in identifiedBy","Colección","M.A. Pérez-Farrera","M.A. Pérez-Farrera"
"1379","HEM2025_1379","PreservedSpecimen","Coleccion",NA,"UNICACH","GENUS","HEM","J.M.M.","1397","Perez-Farrera, M.A.","E","HEM2025",NA,"",16.2145277777778,-93.7202777777778,"2006-07-09","change1: Genus placeholder (sp./spp.): moved to 'genus', set taxonRank=GENUS, cleared scientificName; kept original in verbatim. | change2: Filled coordinateUncertaintyInMeters from decimal-place precision (conservative). | epi_taxo: acceptedName(match1); authorship_epig(match1); genus_from_scientificName; family_WFO; order_majorGroup_WCVP [2026-03-11] | CoordinateCleaner QA applied without sea test (validity, equal, zeros, capitals, centroids, gbif, institutions) [2026-03-29]","standardized authors names in identifiedBy","Colección","J.M.M.","M.A. Pérez-Farrera"
"1380","HEM2025_1380","PreservedSpecimen","Coleccion",NA,"UNICACH","GENUS","HEM","Daly, D.C. | Ricker, M. | Martinez-M, J. | Garcia-M, H.","13118","D.C.D","E","HEM2025",NA,"",15.6380555555556,-92.8038888888889,"2007-10-04","change1: Genus placeholder (sp./spp.): moved to 'genus', set taxonRank=GENUS, cleared scientificName; kept original in verbatim. | change2: Filled coordinateUncertaintyInMeters from decimal-place precision (conservative). | epi_taxo: acceptedName(match1); authorship_epig(match1); genus_from_scientificName; family_WFO; order_majorGroup_WCVP [2026-03-11] | CoordinateCleaner QA applied without sea test (validity, equal, zeros, capitals, centroids, gbif, institutions) [2026-03-29]","standardized authors names in recordedBy","Colección","D.C.Daly, M.Ricker, J. Martínez M, H.García M.","D.C.D"
"1381","HEM2025_1381","PreservedSpecimen","Coleccion",NA,"UNICACH","GENUS","HEM","Daly, D.C. | Ricker, M. | Martinez-M, J. | Garcia-M, H.","13127","D.C.D","E","HEM2025",NA,"",15.5188888888889,-92.7269444444444,"2007-10-07","change1: Genus placeholder (sp./spp.): moved to 'genus', set taxonRank=GENUS, cleared scientificName; kept original in verbatim. | change2: Filled coordinateUncertaintyInMeters from decimal-place precision (conservative). | epi_taxo: acceptedName(match1); authorship_epig(match1); genus_from_scientificName; family_WFO; order_majorGroup_WCVP [2026-03-11] | CoordinateCleaner QA applied without sea test (validity, equal, zeros, capitals, centroids, gbif, institutions) [2026-03-29]","standardized authors names in recordedBy","Colección","D.C.Daly, M.Ricker, J. Martínez M, H.García M.","D.C.D"
"1382","HEM2025_1382","PreservedSpecimen","Coleccion",NA,"UNICACH","GENUS","HEM","Daly, D.C. | Ricker, M. | Martinez-M, J. | Garcia-M, H.","13125","D.C.D","E","HEM2025",NA,"",15.5188888888889,-92.7269444444444,"2007-10-07","change1: Genus placeholder (sp./spp.): moved to 'genus', set taxonRank=GENUS, cleared scientificName; kept original in verbatim. | change2: Filled coordinateUncertaintyInMeters from decimal-place precision (conservative). | epi_taxo: acceptedName(match1); authorship_epig(match1); genus_from_scientificName; family_WFO; order_majorGroup_WCVP [2026-03-11] | CoordinateCleaner QA applied without sea test (validity, equal, zeros, capitals, centroids, gbif, institutions) [2026-03-29]","standardized authors names in recordedBy","Colección","D.C.Daly, M.Ricker, J. Martínez M, H.García M.","D.C.D"
"1383","HEM2025_1383","PreservedSpecimen","Coleccion",NA,"UNICACH","GENUS","HEM","Perez-Farrera, M.A.","2223","Perez-Farrera, M.A.","E","HEM2025",NA,"",16.8858333333333,-94.1188888888889,"2000-01-20","change1: Genus placeholder (sp./spp.): moved to 'genus', set taxonRank=GENUS, cleared scientificName; kept original in verbatim. | change2: Filled coordinateUncertaintyInMeters from decimal-place precision (conservative). | epi_taxo: acceptedName(match1); authorship_epig(match1); genus_from_scientificName; family_WFO; order_majorGroup_WCVP [2026-03-11] | CoordinateCleaner QA applied without sea test (validity, equal, zeros, capitals, centroids, gbif, institutions) [2026-03-29]","standardized authors names in recordedBy / standardized authors names in identifiedBy","Colección","M.A. Pérez-Farrera","M.A. Pérez-Farrera"
"1384","HEM2025_1384","PreservedSpecimen","Coleccion",NA,"UNICACH","SPECIES","HEM","Perez-Farrera, M.A.","436","Perez-Farrera, M.A.","E","HEM2025",1,"Elaphoglossum peltatum",16.3416666666667,-93.7083333333333,"1995-05-25","change1: Filled coordinateUncertaintyInMeters from decimal-place precision (conservative). | epi_taxo: acceptedName(match1); authorship_epig(match1); genus_from_scientificName; family_WFO; order_majorGroup_WCVP [2026-03-11] | CoordinateCleaner QA applied without sea test (validity, equal, zeros, capitals, centroids, gbif, institutions) [2026-03-29]","standardized authors names in recordedBy / standardized authors names in identifiedBy","Colección","M.A. Pérez-Farrera","M.A. Pérez-Farrera"
"1385","HEM2025_1385","PreservedSpecimen","Coleccion",NA,"UNICACH","SPECIES","HEM","Perez-Farrera, M.A.","347","Perez-Farrera, M.A.","E","HEM2025",1,"Elaphoglossum peltatum",16.1944444444444,-93.6083333333333,"1995-05-23","change1: Filled coordinateUncertaintyInMeters from decimal-place precision (conservative). | epi_taxo: acceptedName(match1); authorship_epig(match1); genus_from_scientificName; family_WFO; order_majorGroup_WCVP [2026-03-11] | CoordinateCleaner QA applied without sea test (validity, equal, zeros, capitals, centroids, gbif, institutions) [2026-03-29]","standardized authors names in recordedBy / standardized authors names in identifiedBy","Colección","M.A. Pérez-Farrera","M.A. Pérez-Farrera"
"1386","HEM2025_1386","PreservedSpecimen","Coleccion",NA,"UNICACH","SPECIES","HEM","J.M.M.","1784","M.A.B.R.","HE","HEM2025",1,"Cavendishia bracteata",15.7610555555556,-93.0720277777778,"2007-03-11","change1: Filled coordinateUncertaintyInMeters from decimal-place precision (conservative). | epi_taxo: acceptedName(match1); authorship_epig(match1); genus_from_scientificName; family_WFO; order_majorGroup_WCVP [2026-03-11] | CoordinateCleaner QA applied without sea test (validity, equal, zeros, capitals, centroids, gbif, institutions) [2026-03-29]","","Colección","J.M.M.","M.A.B.R."
"1387","HEM2025_1387","PreservedSpecimen","Coleccion",NA,"UNICACH","SPECIES","HEM","A.J.U.B.","5","M.A.B.R.","HE","HEM2025",1,"Cavendishia bracteata",15.3941666666667,-92.2775,"2007-04-05","change1: Filled coordinateUncertaintyInMeters from decimal-place precision (conservative). | epi_taxo: acceptedName(match1); authorship_epig(match1); genus_from_scientificName; family_WFO; order_majorGroup_WCVP [2026-03-11] | CoordinateCleaner QA applied without sea test (validity, equal, zeros, capitals, centroids, gbif, institutions) [2026-03-29]","","Colección","A.J.U.B.","M.A.B.R."
"1388","HEM2025_1388","PreservedSpecimen","Coleccion",NA,"UNICACH","SPECIES","HEM","M.M.M. | M.A.D.V.","1842","N.M.M. | J.M.M.","HE","HEM2025",1,"Cavendishia bracteata",15.0820555555556,-92.1015277777778,"2013-05-30","change1: Filled coordinateUncertaintyInMeters from decimal-place precision (conservative). | epi_taxo: acceptedName(match1); authorship_epig(match1); genus_from_scientificName; family_WFO; order_majorGroup_WCVP [2026-03-11] | CoordinateCleaner QA applied without sea test (validity, equal, zeros, capitals, centroids, gbif, institutions) [2026-03-29]","standardized authors names in recordedBy / standardized authors names in identifiedBy","Colección","M.M.M. & M.A.D.V.","N.M.M. & J.M.M."
"1389","HEM2025_1389","PreservedSpecimen","Coleccion",NA,"UNICACH","SPECIES","HEM","M.M.M. | M.A.D.V.","2393","N.M.M. | J.M.M.","HE","HEM2025",1,"Cavendishia bracteata",15.1061388888889,-92.1047777777778,"2013-07-04","change1: Filled coordinateUncertaintyInMeters from decimal-place precision (conservative). | epi_taxo: acceptedName(match1); authorship_epig(match1); genus_from_scientificName; family_WFO; order_majorGroup_WCVP [2026-03-11] | CoordinateCleaner QA applied without sea test (validity, equal, zeros, capitals, centroids, gbif, institutions) [2026-03-29]","standardized authors names in recordedBy / standardized authors names in identifiedBy","Colección","M.M.M. & M.A.D.V.","N.M.M. & J.M.M."
"1390","HEM2025_1390","PreservedSpecimen","Coleccion",NA,"UNICACH","SPECIES","HEM","N.M.M. | M.M.M. | E.C.N.","4059","N.M.M. | Camilo, R.M.","HE","HEM2025",1,"Cavendishia bracteata",15.1156388888889,-92.1520277777778,"2015-03-13","change1: Filled coordinateUncertaintyInMeters from decimal-place precision (conservative). | epi_taxo: acceptedName(match1); authorship_epig(match1); genus_from_scientificName; family_WFO; order_majorGroup_WCVP [2026-03-11] | CoordinateCleaner QA applied without sea test (validity, equal, zeros, capitals, centroids, gbif, institutions) [2026-03-29]","standardized authors names in recordedBy / standardized authors names in identifiedBy","Colección","N.M.M. & M.M.M. & E.C.N.","N.M.M. & R.M. Camilo"
"1391","HEM2025_1391","PreservedSpecimen","Coleccion",NA,"UNICACH","SPECIES","HEM","M.M.M. | S.H.J. | J.A.B.B.","5697","N.M.M.","HE","HEM2025",1,"Cavendishia bracteata",15.3143055555556,-92.2710833333333,"2015-04-29","change1: Filled coordinateUncertaintyInMeters from decimal-place precision (conservative). | epi_taxo: acceptedName(match1); authorship_epig(match1); genus_from_scientificName; family_WFO; order_majorGroup_WCVP [2026-03-11] | CoordinateCleaner QA applied without sea test (validity, equal, zeros, capitals, centroids, gbif, institutions) [2026-03-29]","standardized authors names in recordedBy","Colección","M.M.M. & S.H.J. & J.A.B.B.","N.M.M."
"1392","HEM2025_1392","PreservedSpecimen","Coleccion",NA,"UNICACH","SPECIES","HEM","N.M.M. | M.M.M. | R.V.H.","4132","N.M.M. | M.M.M.","HE","HEM2025",1,"Cavendishia bracteata",15.1103333333333,-92.1109444444444,"2015-05-04","change1: Filled coordinateUncertaintyInMeters from decimal-place precision (conservative). | epi_taxo: acceptedName(match1); authorship_epig(match1); genus_from_scientificName; family_WFO; order_majorGroup_WCVP [2026-03-11] | CoordinateCleaner QA applied without sea test (validity, equal, zeros, capitals, centroids, gbif, institutions) [2026-03-29]","standardized authors names in recordedBy / standardized authors names in identifiedBy","Colección","N.M.M. & M.M.M. & R.V.H.","N.M.M. & M.M.M."
"1393","HEM2025_1393","PreservedSpecimen","Coleccion",NA,"UNICACH","SPECIES","HEM","A.R.G. | J.C.S. | M.E.L.V. | Cruz, D.","4357","M.A.B.R.","HE","HEM2025",1,"Cavendishia bracteata",16.1963888888889,-93.6094444444444,"2002-04-19","change1: Filled coordinateUncertaintyInMeters from decimal-place precision (conservative). | epi_taxo: acceptedName(match1); authorship_epig(match1); genus_from_scientificName; family_WFO; order_majorGroup_WCVP [2026-03-11] | CoordinateCleaner QA applied without sea test (validity, equal, zeros, capitals, centroids, gbif, institutions) [2026-03-29]","standardized authors names in recordedBy","Colección","A.R.G. & J.C.S. & M.E.L.V. & D. Cruz","M.A.B.R."
"1394","HEM2025_1394","PreservedSpecimen","Coleccion",NA,"UNICACH","SPECIES","HEM","M.M.M. | N.M.M. | R.J.R.V. | E.C.N.","4372","N.M.M.","HE","HEM2025",3,"Cavendishia grandifolia",15.0996666666667,-92.1376944444444,"2014-06-19","change1: Filled coordinateUncertaintyInMeters from decimal-place precision (conservative). | epi_taxo: acceptedName(match1); authorship_epig(match1); genus_from_scientificName; family_WFO; order_majorGroup_WCVP [2026-03-11] | CoordinateCleaner QA applied without sea test (validity, equal, zeros, capitals, centroids, gbif, institutions) [2026-03-29]","standardized authors names in recordedBy","Colección","M.M.M. & N.M.M. & R.J.R.V. & E.C.N.","N.M.M."
"1395","HEM2025_1395","PreservedSpecimen","Coleccion",NA,"UNICACH","SPECIES","HEM","M.M.M. | S.H.J. | J.A.B.B.","5746","N.M.M.","HE","HEM2025",3,"Cavendishia grandifolia",15.2408055555556,-92.3045555555556,"2015-04-30","change1: Filled coordinateUncertaintyInMeters from decimal-place precision (conservative). | epi_taxo: acceptedName(match1); authorship_epig(match1); genus_from_scientificName; family_WFO; order_majorGroup_WCVP [2026-03-11] | CoordinateCleaner QA applied without sea test (validity, equal, zeros, capitals, centroids, gbif, institutions) [2026-03-29]","standardized authors names in recordedBy","Colección","M.M.M. & S.H.J. & J.A.B.B.","N.M.M."
"1396","HEM2025_1396","PreservedSpecimen","Coleccion",NA,"UNICACH","SPECIES","HEM","M.M.M. | S.H.J. | J.A.B.B.","5863","N.M.M.","HE","HEM2025",3,"Cavendishia grandifolia",15.2288611111111,-92.3057777777778,"2015-05-02","change1: Filled coordinateUncertaintyInMeters from decimal-place precision (conservative). | epi_taxo: acceptedName(match1); authorship_epig(match1); genus_from_scientificName; family_WFO; order_majorGroup_WCVP [2026-03-11] | CoordinateCleaner QA applied without sea test (validity, equal, zeros, capitals, centroids, gbif, institutions) [2026-03-29]","standardized authors names in recordedBy","Colección","M.M.M. & S.H.J. & J.A.B.B.","N.M.M."
"1397","HEM2025_1397","PreservedSpecimen","Coleccion",NA,"UNICACH","SPECIES","HEM","M.M.M. | S.H.J. | V.E.G.J.","5992","N.M.M.","HE","HEM2025",3,"Cavendishia grandifolia",15.2405277777778,-92.3088333333333,"2015-05-31","change1: Filled coordinateUncertaintyInMeters from decimal-place precision (conservative). | epi_taxo: acceptedName(match1); authorship_epig(match1); genus_from_scientificName; family_WFO; order_majorGroup_WCVP [2026-03-11] | CoordinateCleaner QA applied without sea test (validity, equal, zeros, capitals, centroids, gbif, institutions) [2026-03-29]","standardized authors names in recordedBy","Colección","M.M.M. & S.H.J. & V.E.G.J.","N.M.M."
"1398","HEM2025_1398","PreservedSpecimen","Coleccion",NA,"UNICACH","SPECIES","HEM","M.M.M. | S.H.J. | J.A.B.B.","5685","N.M.M.","HE","HEM2025",3,"Cavendishia grandifolia",15.2585833333333,-92.2159444444444,"2015-04-28","change1: Filled coordinateUncertaintyInMeters from decimal-place precision (conservative). | epi_taxo: acceptedName(match1); authorship_epig(match1); genus_from_scientificName; family_WFO; order_majorGroup_WCVP [2026-03-11] | CoordinateCleaner QA applied without sea test (validity, equal, zeros, capitals, centroids, gbif, institutions) [2026-03-29]","standardized authors names in recordedBy","Colección","M.M.M. & S.H.J. & J.A.B.B.","N.M.M."
"1399","HEM2025_1399","PreservedSpecimen","Coleccion",NA,"UNICACH","GENUS","HEM","M.M.M. | M.A.D.V.","1892","N.M.M. | J.M.M.","HE","HEM2025",NA,"",15.1025277777778,-92.1054444444444,"2013-05-30","change1: Genus placeholder (sp./spp.): moved to 'genus', set taxonRank=GENUS, cleared scientificName; kept original in verbatim. | change2: Filled coordinateUncertaintyInMeters from decimal-place precision (conservative). | epi_taxo: acceptedName(match1); authorship_epig(match1); genus_from_scientificName; family_WFO; order_majorGroup_WCVP [2026-03-11] | CoordinateCleaner QA applied without sea test (validity, equal, zeros, capitals, centroids, gbif, institutions) [2026-03-29]","standardized authors names in recordedBy / standardized authors names in identifiedBy","Colección","M.M.M. & M.A.D.V.","N.M.M. & J.M.M."
"1400","HEM2025_1400","PreservedSpecimen","Coleccion",NA,"UNICACH","SPECIES","HEM","J.M.M.","1759","M.A.B.R.","HE","HEM2025",1,"Sphyrospermum cordifolium",15.7675833333333,-93.0800277777778,"2007-03-08","change1: Filled coordinateUncertaintyInMeters from decimal-place precision (conservative). | epi_taxo: acceptedName(match1); authorship_epig(match1); genus_from_scientificName; family_WFO; order_majorGroup_WCVP [2026-03-11] | CoordinateCleaner QA applied without sea test (validity, equal, zeros, capitals, centroids, gbif, institutions) [2026-03-29]","","Colección","J.M.M.","M.A.B.R."
"1401","HEM2025_1401","PreservedSpecimen","Coleccion",NA,"UNICACH","SPECIES","HEM","M.M.M. | A.L.C.","4986","N.M.M.","HE","HEM2025",1,"Sphyrospermum cordifolium",15.10025,-92.1743333333333,"2014-08-18","change1: Filled coordinateUncertaintyInMeters from decimal-place precision (conservative). | epi_taxo: acceptedName(match1); authorship_epig(match1); genus_from_scientificName; family_WFO; order_majorGroup_WCVP [2026-03-11] | CoordinateCleaner QA applied without sea test (validity, equal, zeros, capitals, centroids, gbif, institutions) [2026-03-29]","standardized authors names in recordedBy","Colección","M.M.M. & A.L.C.","N.M.M."
"1402","HEM2025_1402","PreservedSpecimen","Coleccion",NA,"UNICACH","SPECIES","HEM","N.M.M.","263","M.A.B.R.","HE","HEM2025",1,"Sphyrospermum cordifolium",15.7727777777778,-93.09,"2002-02-24","change1: Filled coordinateUncertaintyInMeters from decimal-place precision (conservative). | epi_taxo: acceptedName(match1); authorship_epig(match1); genus_from_scientificName; family_WFO; order_majorGroup_WCVP [2026-03-11] | CoordinateCleaner QA applied without sea test (validity, equal, zeros, capitals, centroids, gbif, institutions) [2026-03-29]","","Colección","N.M.M.","M.A.B.R."
"1403","HEM2025_1403","PreservedSpecimen","Coleccion",NA,"UNICACH","GENUS","HEM","M.M.M. | N.M.M. | R.J.R.V. | E.C.N.","4264","N.M.M.","HE","HEM2025",NA,"",15.099,-92.1409722222222,"2014-06-18","change1: Genus placeholder (sp./spp.): moved to 'genus', set taxonRank=GENUS, cleared scientificName; kept original in verbatim. | change2: Filled coordinateUncertaintyInMeters from decimal-place precision (conservative). | epi_taxo: acceptedName(match1); authorship_epig(match1); genus_from_scientificName; family_WFO; order_majorGroup_WCVP [2026-03-11] | CoordinateCleaner QA applied without sea test (validity, equal, zeros, capitals, centroids, gbif, institutions) [2026-03-29]","standardized authors names in recordedBy","Colección","M.M.M. & N.M.M. & R.J.R.V. & E.C.N.","N.M.M."
"1404","HEM2025_1404","PreservedSpecimen","Coleccion",NA,"UNICACH","GENUS","HEM","M.M.M. | A.L.C.","4874","N.M.M.","HE","HEM2025",NA,"",15.0976111111111,-92.168,"2014-08-16","change1: Genus placeholder (sp./spp.): moved to 'genus', set taxonRank=GENUS, cleared scientificName; kept original in verbatim. | change2: Filled coordinateUncertaintyInMeters from decimal-place precision (conservative). | epi_taxo: acceptedName(match1); authorship_epig(match1); genus_from_scientificName; family_WFO; order_majorGroup_WCVP [2026-03-11] | CoordinateCleaner QA applied without sea test (validity, equal, zeros, capitals, centroids, gbif, institutions) [2026-03-29]","standardized authors names in recordedBy","Colección","M.M.M. & A.L.C.","N.M.M."
"1405","HEM2025_1405","PreservedSpecimen","Coleccion",NA,"UNICACH","GENUS","HEM","M.M.M. | S.H.J. | J.A.B.B.","5734","N.M.M.","HE","HEM2025",NA,"",15.2408055555556,-92.3045555555556,"2015-04-30","change1: Genus placeholder (sp./spp.): moved to 'genus', set taxonRank=GENUS, cleared scientificName; kept original in verbatim. | change2: Filled coordinateUncertaintyInMeters from decimal-place precision (conservative). | epi_taxo: acceptedName(match1); authorship_epig(match1); genus_from_scientificName; family_WFO; order_majorGroup_WCVP [2026-03-11] | CoordinateCleaner QA applied without sea test (validity, equal, zeros, capitals, centroids, gbif, institutions) [2026-03-29]","standardized authors names in recordedBy","Colección","M.M.M. & S.H.J. & J.A.B.B.","N.M.M."
"1406","HEM2025_1406","PreservedSpecimen","Coleccion",NA,"UNICACH","SPECIES","HEM","J.M.M.","611","J.M.M.","HE","HEM2025",1,"Voyria aphylla",15.8079722222222,-93.0486666666667,"2004-11-07","change1: Filled coordinateUncertaintyInMeters from decimal-place precision (conservative). | epi_taxo: acceptedName(match1); authorship_epig(match1); genus_from_scientificName; family_WFO; order_majorGroup_WCVP [2026-03-11] | CoordinateCleaner QA applied without sea test (validity, equal, zeros, capitals, centroids, gbif, institutions) [2026-03-29]","","Colección","J.M.M.","J.M.M."
"1407","HEM2025_1407","PreservedSpecimen","Coleccion",NA,"UNICACH","SPECIES","HEM","M.M.M. | M.C.R.M.","5330","Camilo, R.M.","E","HEM2025",1,"Columnea crassifolia",15.0847222222222,-92.175,"2014-09-22","change1: Filled coordinateUncertaintyInMeters from decimal-place precision (conservative). | epi_taxo: acceptedName(match1); authorship_epig(match1); genus_from_scientificName; family_WFO; order_majorGroup_WCVP [2026-03-11] | CoordinateCleaner QA applied without sea test (validity, equal, zeros, capitals, centroids, gbif, institutions) [2026-03-29]","standardized authors names in recordedBy / standardized authors names in identifiedBy","Colección","M.M.M. & M.C.R.M.","R.M. Camilo"
"1408","HEM2025_1408","PreservedSpecimen","Coleccion",NA,"UNICACH","SPECIES","HEM","M.M.M. | D.A.J.L. | R.J.R.V.","5417","N.M.M.","E","HEM2025",1,"Columnea crassifolia",15.07075,-92.1635277777778,"2015-03-24","change1: Filled coordinateUncertaintyInMeters from decimal-place precision (conservative). | epi_taxo: acceptedName(match1); authorship_epig(match1); genus_from_scientificName; family_WFO; order_majorGroup_WCVP [2026-03-11] | CoordinateCleaner QA applied without sea test (validity, equal, zeros, capitals, centroids, gbif, institutions) [2026-03-29]","standardized authors names in recordedBy","Colección","M.M.M. & D.A.J.L. & R.J.R.V.","N.M.M."
"1409","HEM2025_1409","PreservedSpecimen","Coleccion",NA,"UNICACH","SPECIES","HEM","M.M.M. | D.A.J.L. | R.J.R.V.","5444","N.M.M.","E","HEM2025",1,"Columnea crassifolia",15.1071944444444,-92.1756666666667,"2015-03-25","change1: Filled coordinateUncertaintyInMeters from decimal-place precision (conservative). | epi_taxo: acceptedName(match1); authorship_epig(match1); genus_from_scientificName; family_WFO; order_majorGroup_WCVP [2026-03-11] | CoordinateCleaner QA applied without sea test (validity, equal, zeros, capitals, centroids, gbif, institutions) [2026-03-29]","standardized authors names in recordedBy","Colección","M.M.M. & D.A.J.L. & R.J.R.V.","N.M.M."
"1410","HEM2025_1410","PreservedSpecimen","Coleccion",NA,"UNICACH","SPECIES","HEM","M.M.M. | D.A.J.L. | R.J.R.V.","5582","N.M.M.","E","HEM2025",1,"Columnea crassifolia",15.0997777777778,-92.1679444444444,"2015-03-27","change1: Filled coordinateUncertaintyInMeters from decimal-place precision (conservative). | epi_taxo: acceptedName(match1); authorship_epig(match1); genus_from_scientificName; family_WFO; order_majorGroup_WCVP [2026-03-11] | CoordinateCleaner QA applied without sea test (validity, equal, zeros, capitals, centroids, gbif, institutions) [2026-03-29]","standardized authors names in recordedBy","Colección","M.M.M. & D.A.J.L. & R.J.R.V.","N.M.M."
"1411","HEM2025_1411","PreservedSpecimen","Coleccion",NA,"UNICACH","SPECIES","HEM","M.M.M. | D.A.J.L. | R.J.R.V.","5665","N.M.M.","E","HEM2025",1,"Columnea crassifolia",15.0619444444444,-92.1101111111111,"2015-03-28","change1: Filled coordinateUncertaintyInMeters from decimal-place precision (conservative). | epi_taxo: acceptedName(match1); authorship_epig(match1); genus_from_scientificName; family_WFO; order_majorGroup_WCVP [2026-03-11] | CoordinateCleaner QA applied without sea test (validity, equal, zeros, capitals, centroids, gbif, institutions) [2026-03-29]","standardized authors names in recordedBy","Colección","M.M.M. & D.A.J.L. & R.J.R.V.","N.M.M."
"1412","HEM2025_1412","PreservedSpecimen","Coleccion",NA,"UNICACH","SPECIES","HEM","J.A.V.E.","8","C.R.B.B.","E","HEM2025",1,"Columnea erythrophaea",16.9955555555556,-92.8922222222222,"2003-11-17","change1: Filled coordinateUncertaintyInMeters from decimal-place precision (conservative). | epi_taxo: acceptedName(match1); authorship_epig(match1); genus_from_scientificName; family_WFO; order_majorGroup_WCVP [2026-03-11] | CoordinateCleaner QA applied without sea test (validity, equal, zeros, capitals, centroids, gbif, institutions) [2026-03-29]","","Colección","J.A.V.E.","C.R.B.B."
"1413","HEM2025_1413","PreservedSpecimen","Coleccion",NA,"UNICACH","SPECIES","HEM","E.U.V.P.","10","C.R.B.B.","E","HEM2025",1,"Columnea erythrophaea",16.8711111111111,-93.2058333333333,"2005-10-09","change1: Filled coordinateUncertaintyInMeters from decimal-place precision (conservative). | epi_taxo: acceptedName(match1); authorship_epig(match1); genus_from_scientificName; family_WFO; order_majorGroup_WCVP [2026-03-11] | CoordinateCleaner QA applied without sea test (validity, equal, zeros, capitals, centroids, gbif, institutions) [2026-03-29]","","Colección","E.U.V.P.","C.R.B.B."
"1414","HEM2025_1414","PreservedSpecimen","Coleccion",NA,"UNICACH","SPECIES","HEM","J.M.M.","1500","J.M.M.","E","HEM2025",1,"Columnea erythrophaea",17.1590277777778,-93.1483611111111,"2006-09-29","change1: Filled coordinateUncertaintyInMeters from decimal-place precision (conservative). | epi_taxo: acceptedName(match1); authorship_epig(match1); genus_from_scientificName; family_WFO; order_majorGroup_WCVP [2026-03-11] | CoordinateCleaner QA applied without sea test (validity, equal, zeros, capitals, centroids, gbif, institutions) [2026-03-29]","","Colección","J.M.M.","J.M.M."
"1415","HEM2025_1415","PreservedSpecimen","Coleccion",NA,"UNICACH","SPECIES","HEM","J.M.M.","1885","J.M.M.","E","HEM2025",1,"Columnea nervosa",15.6608333333333,-92.8275,"2007-10-02","change1: Filled coordinateUncertaintyInMeters from decimal-place precision (conservative). | epi_taxo: acceptedName(match1); authorship_epig(match1); genus_from_scientificName; family_WFO; order_majorGroup_WCVP [2026-03-11] | CoordinateCleaner QA applied without sea test (validity, equal, zeros, capitals, centroids, gbif, institutions) [2026-03-29]","","Colección","J.M.M.","J.M.M."
"1416","HEM2025_1416","PreservedSpecimen","Coleccion",NA,"UNICACH","SPECIES","HEM","M.D.R.S.","136","R.R.S.","E","HEM2025",1,"Columnea nervosa",15.5991388888889,-92.6927777777778,"2005-06-13","change1: Filled coordinateUncertaintyInMeters from decimal-place precision (conservative). | epi_taxo: acceptedName(match1); authorship_epig(match1); genus_from_scientificName; family_WFO; order_majorGroup_WCVP [2026-03-11] | CoordinateCleaner QA applied without sea test (validity, equal, zeros, capitals, centroids, gbif, institutions) [2026-03-29]","","Colección","M.D.R.S.","R.R.S."
"1417","HEM2025_1417","PreservedSpecimen","Coleccion",NA,"UNICACH","SPECIES","HEM","M.D.R.S.","226","R.R.S.","E","HEM2025",1,"Columnea nervosa",15.6260555555556,-92.6291944444444,"2005-06-15","change1: Filled coordinateUncertaintyInMeters from decimal-place precision (conservative). | epi_taxo: acceptedName(match1); authorship_epig(match1); genus_from_scientificName; family_WFO; order_majorGroup_WCVP [2026-03-11] | CoordinateCleaner QA applied without sea test (validity, equal, zeros, capitals, centroids, gbif, institutions) [2026-03-29]","","Colección","M.D.R.S.","R.R.S."
"1418","HEM2025_1418","PreservedSpecimen","Coleccion",NA,"UNICACH","SPECIES","HEM","M.D.R.S.","327","R.R.S.","E","HEM2025",1,"Columnea nervosa",15.5976388888889,-92.6570277777778,"2005-07-22","change1: Filled coordinateUncertaintyInMeters from decimal-place precision (conservative). | epi_taxo: acceptedName(match1); authorship_epig(match1); genus_from_scientificName; family_WFO; order_majorGroup_WCVP [2026-03-11] | CoordinateCleaner QA applied without sea test (validity, equal, zeros, capitals, centroids, gbif, institutions) [2026-03-29]","","Colección","M.D.R.S.","R.R.S."
"1419","HEM2025_1419","PreservedSpecimen","Coleccion",NA,"UNICACH","SPECIES","HEM","M.M.M. | M.D.E.M.","1261","N.M.M. | J.M.M.","E","HEM2025",1,"Columnea nervosa",15.08625,-92.0986944444444,"2013-04-27","change1: Filled coordinateUncertaintyInMeters from decimal-place precision (conservative). | epi_taxo: acceptedName(match1); authorship_epig(match1); genus_from_scientificName; family_WFO; order_majorGroup_WCVP [2026-03-11] | CoordinateCleaner QA applied without sea test (validity, equal, zeros, capitals, centroids, gbif, institutions) [2026-03-29]","standardized authors names in recordedBy / standardized authors names in identifiedBy","Colección","M.M.M. & M.D.E.M.","N.M.M. & J.M.M."
"1420","HEM2025_1420","PreservedSpecimen","Coleccion",NA,"UNICACH","SPECIES","HEM","M.M.M. | M.D.E.M.","1548","N.M.M. | J.M.M.","E","HEM2025",1,"Columnea nervosa",15.0990833333333,-92.0988333333333,"2013-05-02","change1: Filled coordinateUncertaintyInMeters from decimal-place precision (conservative). | epi_taxo: acceptedName(match1); authorship_epig(match1); genus_from_scientificName; family_WFO; order_majorGroup_WCVP [2026-03-11] | CoordinateCleaner QA applied without sea test (validity, equal, zeros, capitals, centroids, gbif, institutions) [2026-03-29]","standardized authors names in recordedBy / standardized authors names in identifiedBy","Colección","M.M.M. & M.D.E.M.","N.M.M. & J.M.M."
"1421","HEM2025_1421","PreservedSpecimen","Coleccion",NA,"UNICACH","SPECIES","HEM","M.M.M. | M.A.D.V.","1807","N.M.M. | J.M.M.","E","HEM2025",1,"Columnea nervosa",15.0901111111111,-92.1044722222222,"2013-05-28","change1: Filled coordinateUncertaintyInMeters from decimal-place precision (conservative). | epi_taxo: acceptedName(match1); authorship_epig(match1); genus_from_scientificName; family_WFO; order_majorGroup_WCVP [2026-03-11] | CoordinateCleaner QA applied without sea test (validity, equal, zeros, capitals, centroids, gbif, institutions) [2026-03-29]","standardized authors names in recordedBy / standardized authors names in identifiedBy","Colección","M.M.M. & M.A.D.V.","N.M.M. & J.M.M."
"1422","HEM2025_1422","PreservedSpecimen","Coleccion",NA,"UNICACH","SPECIES","HEM","M.M.M. | M.A.D.V.","1825","N.M.M. | J.M.M.","E","HEM2025",1,"Columnea nervosa",15.0820555555556,-92.1015277777778,"2013-05-30","change1: Filled coordinateUncertaintyInMeters from decimal-place precision (conservative). | epi_taxo: acceptedName(match1); authorship_epig(match1); genus_from_scientificName; family_WFO; order_majorGroup_WCVP [2026-03-11] | CoordinateCleaner QA applied without sea test (validity, equal, zeros, capitals, centroids, gbif, institutions) [2026-03-29]","standardized authors names in recordedBy / standardized authors names in identifiedBy","Colección","M.M.M. & M.A.D.V.","N.M.M. & J.M.M."
"1423","HEM2025_1423","PreservedSpecimen","Coleccion",NA,"UNICACH","SPECIES","HEM","M.M.M. | M.A.D.V.","2177","N.M.M. | J.M.M.","E","HEM2025",1,"Columnea nervosa",15.0979166666667,-92.0847777777778,"2013-07-01","change1: Filled coordinateUncertaintyInMeters from decimal-place precision (conservative). | epi_taxo: acceptedName(match1); authorship_epig(match1); genus_from_scientificName; family_WFO; order_majorGroup_WCVP [2026-03-11] | CoordinateCleaner QA applied without sea test (validity, equal, zeros, capitals, centroids, gbif, institutions) [2026-03-29]","standardized authors names in recordedBy / standardized authors names in identifiedBy","Colección","M.M.M. & M.A.D.V.","N.M.M. & J.M.M."
"1424","HEM2025_1424","PreservedSpecimen","Coleccion",NA,"UNICACH","SPECIES","HEM","M.M.M. | M.A.D.V.","2372","N.M.M. | J.M.M.","E","HEM2025",1,"Columnea nervosa",15.1061388888889,-92.1047777777778,"2013-07-04","change1: Filled coordinateUncertaintyInMeters from decimal-place precision (conservative). | epi_taxo: acceptedName(match1); authorship_epig(match1); genus_from_scientificName; family_WFO; order_majorGroup_WCVP [2026-03-11] | CoordinateCleaner QA applied without sea test (validity, equal, zeros, capitals, centroids, gbif, institutions) [2026-03-29]","standardized authors names in recordedBy / standardized authors names in identifiedBy","Colección","M.M.M. & M.A.D.V.","N.M.M. & J.M.M."
"1425","HEM2025_1425","PreservedSpecimen","Coleccion",NA,"UNICACH","SPECIES","HEM","M.M.M. | M.C.R.M.","2648","N.M.M.","E","HEM2025",1,"Columnea nervosa",15.1569722222222,-92.1405555555556,"2013-11-16","change1: Filled coordinateUncertaintyInMeters from decimal-place precision (conservative). | epi_taxo: acceptedName(match1); authorship_epig(match1); genus_from_scientificName; family_WFO; order_majorGroup_WCVP [2026-03-11] | CoordinateCleaner QA applied without sea test (validity, equal, zeros, capitals, centroids, gbif, institutions) [2026-03-29]","standardized authors names in recordedBy","Colección","M.M.M. & M.C.R.M.","N.M.M."
"1426","HEM2025_1426","PreservedSpecimen","Coleccion",NA,"UNICACH","SPECIES","HEM","Camilo, R.M. | N.M.M.","1386","Camilo, R.M.","E","HEM2025",1,"Columnea nervosa",15.0888611111111,-92.0976388888889,"2012-05-24","change1: Filled coordinateUncertaintyInMeters from decimal-place precision (conservative). | epi_taxo: acceptedName(match1); authorship_epig(match1); genus_from_scientificName; family_WFO; order_majorGroup_WCVP [2026-03-11] | CoordinateCleaner QA applied without sea test (validity, equal, zeros, capitals, centroids, gbif, institutions) [2026-03-29]","standardized authors names in recordedBy / standardized authors names in identifiedBy","Colección","R.M. Camilo & N.M.M.","R.M. Camilo"
"1427","HEM2025_1427","PreservedSpecimen","Coleccion",NA,"UNICACH","SPECIES","HEM","M.M.M. | N.M.M. | R.J.R.V. | E.C.N.","4245","N.M.M.","E","HEM2025",1,"Columnea nervosa",15.099,-92.1409722222222,"2014-06-18","change1: Filled coordinateUncertaintyInMeters from decimal-place precision (conservative). | epi_taxo: acceptedName(match1); authorship_epig(match1); genus_from_scientificName; family_WFO; order_majorGroup_WCVP [2026-03-11] | CoordinateCleaner QA applied without sea test (validity, equal, zeros, capitals, centroids, gbif, institutions) [2026-03-29]","standardized authors names in recordedBy","Colección","M.M.M. & N.M.M. & R.J.R.V. & E.C.N.","N.M.M."
"1428","HEM2025_1428","PreservedSpecimen","Coleccion",NA,"UNICACH","SPECIES","HEM","M.M.M. | N.M.M. | R.J.R.V. | E.C.N.","4292","N.M.M.","E","HEM2025",1,"Columnea nervosa",15.099,-92.1409722222222,"2014-06-18","change1: Filled coordinateUncertaintyInMeters from decimal-place precision (conservative). | epi_taxo: acceptedName(match1); authorship_epig(match1); genus_from_scientificName; family_WFO; order_majorGroup_WCVP [2026-03-11] | CoordinateCleaner QA applied without sea test (validity, equal, zeros, capitals, centroids, gbif, institutions) [2026-03-29]","standardized authors names in recordedBy","Colección","M.M.M. & N.M.M. & R.J.R.V. & E.C.N.","N.M.M."
"1429","HEM2025_1429","PreservedSpecimen","Coleccion",NA,"UNICACH","SPECIES","HEM","M.M.M. | E.A.M.A.","4587","N.M.M.","E","HEM2025",1,"Columnea nervosa",15.0910555555556,-92.14175,"2014-07-04","change1: Filled coordinateUncertaintyInMeters from decimal-place precision (conservative). | epi_taxo: acceptedName(match1); authorship_epig(match1); genus_from_scientificName; family_WFO; order_majorGroup_WCVP [2026-03-11] | CoordinateCleaner QA applied without sea test (validity, equal, zeros, capitals, centroids, gbif, institutions) [2026-03-29]","standardized authors names in recordedBy","Colección","M.M.M. & E.A.M.A.","N.M.M."
"1430","HEM2025_1430","PreservedSpecimen","Coleccion",NA,"UNICACH","SPECIES","HEM","M.M.M. | E.A.M.A.","4654","N.M.M.","E","HEM2025",1,"Columnea nervosa",15.0861111111111,-92.1467222222222,"2014-07-05","change1: Filled coordinateUncertaintyInMeters from decimal-place precision (conservative). | epi_taxo: acceptedName(match1); authorship_epig(match1); genus_from_scientificName; family_WFO; order_majorGroup_WCVP [2026-03-11] | CoordinateCleaner QA applied without sea test (validity, equal, zeros, capitals, centroids, gbif, institutions) [2026-03-29]","standardized authors names in recordedBy","Colección","M.M.M. & E.A.M.A.","N.M.M."
"1431","HEM2025_1431","PreservedSpecimen","Coleccion",NA,"UNICACH","SPECIES","HEM","M.M.M. | E.A.M.A.","4662","N.M.M.","E","HEM2025",1,"Columnea nervosa",15.0861111111111,-92.1467222222222,"2014-07-05","change1: Filled coordinateUncertaintyInMeters from decimal-place precision (conservative). | epi_taxo: acceptedName(match1); authorship_epig(match1); genus_from_scientificName; family_WFO; order_majorGroup_WCVP [2026-03-11] | CoordinateCleaner QA applied without sea test (validity, equal, zeros, capitals, centroids, gbif, institutions) [2026-03-29]","standardized authors names in recordedBy","Colección","M.M.M. & E.A.M.A.","N.M.M."
"1432","HEM2025_1432","PreservedSpecimen","Coleccion",NA,"UNICACH","SPECIES","HEM","M.M.M. | N.M.M. | R.J.R.V. | E.C.N.","4708","N.M.M.","E","HEM2025",1,"Columnea nervosa",15.0869166666667,-92.1446111111111,"2014-07-06","change1: Filled coordinateUncertaintyInMeters from decimal-place precision (conservative). | epi_taxo: acceptedName(match1); authorship_epig(match1); genus_from_scientificName; family_WFO; order_majorGroup_WCVP [2026-03-11] | CoordinateCleaner QA applied without sea test (validity, equal, zeros, capitals, centroids, gbif, institutions) [2026-03-29]","standardized authors names in recordedBy","Colección","M.M.M. & N.M.M. & R.J.R.V. & E.C.N.","N.M.M."
"1433","HEM2025_1433","PreservedSpecimen","Coleccion",NA,"UNICACH","SPECIES","HEM","M.M.M. | Camilo, R.M. | E.A.M.A. | M.I.L.R. | N.A.F.R.","4742","N.M.M.","E","HEM2025",1,"Columnea nervosa",15.0926111111111,-92.1466944444444,"2014-07-07","change1: Filled coordinateUncertaintyInMeters from decimal-place precision (conservative). | epi_taxo: acceptedName(match1); authorship_epig(match1); genus_from_scientificName; family_WFO; order_majorGroup_WCVP [2026-03-11] | CoordinateCleaner QA applied without sea test (validity, equal, zeros, capitals, centroids, gbif, institutions) [2026-03-29]","standardized authors names in recordedBy","Colección","M.M.M. & R.M. Camilo & E.A.M.A. & M.I.L.R. & N.A.F.R.","N.M.M."
"1434","HEM2025_1434","PreservedSpecimen","Coleccion",NA,"UNICACH","SPECIES","HEM","M.M.M. | E.A.M.A.","4811","N.M.M.","E","HEM2025",1,"Columnea nervosa",15.0935,-92.1405,"2014-07-08","change1: Filled coordinateUncertaintyInMeters from decimal-place precision (conservative). | epi_taxo: acceptedName(match1); authorship_epig(match1); genus_from_scientificName; family_WFO; order_majorGroup_WCVP [2026-03-11] | CoordinateCleaner QA applied without sea test (validity, equal, zeros, capitals, centroids, gbif, institutions) [2026-03-29]","standardized authors names in recordedBy","Colección","M.M.M. & E.A.M.A.","N.M.M."
"1435","HEM2025_1435","PreservedSpecimen","Coleccion",NA,"UNICACH","SPECIES","HEM","M.M.M. | A.L.C.","4832","N.M.M.","E","HEM2025",1,"Columnea nervosa",15.0942222222222,-92.1718611111111,"2014-08-15","change1: Filled coordinateUncertaintyInMeters from decimal-place precision (conservative). | epi_taxo: acceptedName(match1); authorship_epig(match1); genus_from_scientificName; family_WFO; order_majorGroup_WCVP [2026-03-11] | CoordinateCleaner QA applied without sea test (validity, equal, zeros, capitals, centroids, gbif, institutions) [2026-03-29]","standardized authors names in recordedBy","Colección","M.M.M. & A.L.C.","N.M.M."
"1436","HEM2025_1436","PreservedSpecimen","Coleccion",NA,"UNICACH","SPECIES","HEM","M.M.M. | A.L.C.","4898","N.M.M.","E","HEM2025",1,"Columnea nervosa",15.0976111111111,-92.168,"2014-08-16","change1: Filled coordinateUncertaintyInMeters from decimal-place precision (conservative). | epi_taxo: acceptedName(match1); authorship_epig(match1); genus_from_scientificName; family_WFO; order_majorGroup_WCVP [2026-03-11] | CoordinateCleaner QA applied without sea test (validity, equal, zeros, capitals, centroids, gbif, institutions) [2026-03-29]","standardized authors names in recordedBy","Colección","M.M.M. & A.L.C.","N.M.M."
"1437","HEM2025_1437","PreservedSpecimen","Coleccion",NA,"UNICACH","SPECIES","HEM","M.M.M. | M.C.R.M.","5299","N.M.M.","E","HEM2025",1,"Columnea nervosa",15.0847222222222,-92.175,"2014-09-22","change1: Filled coordinateUncertaintyInMeters from decimal-place precision (conservative). | epi_taxo: acceptedName(match1); authorship_epig(match1); genus_from_scientificName; family_WFO; order_majorGroup_WCVP [2026-03-11] | CoordinateCleaner QA applied without sea test (validity, equal, zeros, capitals, centroids, gbif, institutions) [2026-03-29]","standardized authors names in recordedBy","Colección","M.M.M. & M.C.R.M.","N.M.M."
"1438","HEM2025_1438","PreservedSpecimen","Coleccion",NA,"UNICACH","SPECIES","HEM","Camilo, R.M. | N.M.M.","2552","Camilo, R.M.","E","HEM2025",1,"Columnea nervosa",15.0969444444444,-92.1347222222222,"2014-08-15","change1: Filled coordinateUncertaintyInMeters from decimal-place precision (conservative). | epi_taxo: acceptedName(match1); authorship_epig(match1); genus_from_scientificName; family_WFO; order_majorGroup_WCVP [2026-03-11] | CoordinateCleaner QA applied without sea test (validity, equal, zeros, capitals, centroids, gbif, institutions) [2026-03-29]","standardized authors names in recordedBy / standardized authors names in identifiedBy","Colección","R.M. Camilo & N.M.M.","R.M. Camilo"
"1439","HEM2025_1439","PreservedSpecimen","Coleccion",NA,"UNICACH","SPECIES","HEM","M.M.M. | D.A.J.L. | R.J.R.V.","5525","N.M.M.","E","HEM2025",1,"Columnea nervosa",15.1179722222222,-92.1553333333333,"2015-03-26","change1: Filled coordinateUncertaintyInMeters from decimal-place precision (conservative). | epi_taxo: acceptedName(match1); authorship_epig(match1); genus_from_scientificName; family_WFO; order_majorGroup_WCVP [2026-03-11] | CoordinateCleaner QA applied without sea test (validity, equal, zeros, capitals, centroids, gbif, institutions) [2026-03-29]","standardized authors names in recordedBy","Colección","M.M.M. & D.A.J.L. & R.J.R.V.","N.M.M."
"1440","HEM2025_1440","PreservedSpecimen","Coleccion",NA,"UNICACH","SPECIES","HEM","M.M.M. | S.H.J. | J.A.B.B.","5692","N.M.M.","E","HEM2025",1,"Columnea nervosa",15.3143055555556,-92.2710833333333,"2015-04-29","change1: Filled coordinateUncertaintyInMeters from decimal-place precision (conservative). | epi_taxo: acceptedName(match1); authorship_epig(match1); genus_from_scientificName; family_WFO; order_majorGroup_WCVP [2026-03-11] | CoordinateCleaner QA applied without sea test (validity, equal, zeros, capitals, centroids, gbif, institutions) [2026-03-29]","standardized authors names in recordedBy","Colección","M.M.M. & S.H.J. & J.A.B.B.","N.M.M."
"1441","HEM2025_1441","PreservedSpecimen","Coleccion",NA,"UNICACH","SPECIES","HEM","M.M.M. | S.H.J. | J.A.B.B.","5709","N.M.M.","E","HEM2025",1,"Columnea nervosa",15.2408055555556,-92.3045555555556,"2015-04-30","change1: Filled coordinateUncertaintyInMeters from decimal-place precision (conservative). | epi_taxo: acceptedName(match1); authorship_epig(match1); genus_from_scientificName; family_WFO; order_majorGroup_WCVP [2026-03-11] | CoordinateCleaner QA applied without sea test (validity, equal, zeros, capitals, centroids, gbif, institutions) [2026-03-29]","standardized authors names in recordedBy","Colección","M.M.M. & S.H.J. & J.A.B.B.","N.M.M."
"1442","HEM2025_1442","PreservedSpecimen","Coleccion",NA,"UNICACH","SPECIES","HEM","M.M.M. | S.H.J. | J.A.B.B.","5800","N.M.M.","E","HEM2025",1,"Columnea nervosa",15.2348888888889,-92.30525,"2015-05-01","change1: Filled coordinateUncertaintyInMeters from decimal-place precision (conservative). | epi_taxo: acceptedName(match1); authorship_epig(match1); genus_from_scientificName; family_WFO; order_majorGroup_WCVP [2026-03-11] | CoordinateCleaner QA applied without sea test (validity, equal, zeros, capitals, centroids, gbif, institutions) [2026-03-29]","standardized authors names in recordedBy","Colección","M.M.M. & S.H.J. & J.A.B.B.","N.M.M."
"1443","HEM2025_1443","PreservedSpecimen","Coleccion",NA,"UNICACH","SPECIES","HEM","M.M.M. | S.H.J. | V.E.G.J.","5922","N.M.M.","E","HEM2025",1,"Columnea nervosa",15.2310833333333,-92.3098888888889,"2015-05-29","change1: Filled coordinateUncertaintyInMeters from decimal-place precision (conservative). | epi_taxo: acceptedName(match1); authorship_epig(match1); genus_from_scientificName; family_WFO; order_majorGroup_WCVP [2026-03-11] | CoordinateCleaner QA applied without sea test (validity, equal, zeros, capitals, centroids, gbif, institutions) [2026-03-29]","standardized authors names in recordedBy","Colección","M.M.M. & S.H.J. & V.E.G.J.","N.M.M."
"1444","HEM2025_1444","PreservedSpecimen","Coleccion",NA,"UNICACH","SPECIES","HEM","M.M.M. | S.H.J. | V.E.G.J.","5961","N.M.M.","E","HEM2025",1,"Columnea nervosa",15.2297777777778,-92.317,"2015-05-30","change1: Filled coordinateUncertaintyInMeters from decimal-place precision (conservative). | epi_taxo: acceptedName(match1); authorship_epig(match1); genus_from_scientificName; family_WFO; order_majorGroup_WCVP [2026-03-11] | CoordinateCleaner QA applied without sea test (validity, equal, zeros, capitals, centroids, gbif, institutions) [2026-03-29]","standardized authors names in recordedBy","Colección","M.M.M. & S.H.J. & V.E.G.J.","N.M.M."
"1445","HEM2025_1445","PreservedSpecimen","Coleccion",NA,"UNICACH","SPECIES","HEM","M.M.M. | S.H.J. | V.E.G.J.","5994","N.M.M.","E","HEM2025",1,"Columnea nervosa",15.2405277777778,-92.3088333333333,"2015-05-31","change1: Filled coordinateUncertaintyInMeters from decimal-place precision (conservative). | epi_taxo: acceptedName(match1); authorship_epig(match1); genus_from_scientificName; family_WFO; order_majorGroup_WCVP [2026-03-11] | CoordinateCleaner QA applied without sea test (validity, equal, zeros, capitals, centroids, gbif, institutions) [2026-03-29]","standardized authors names in recordedBy","Colección","M.M.M. & S.H.J. & V.E.G.J.","N.M.M."
"1446","HEM2025_1446","PreservedSpecimen","Coleccion",NA,"UNICACH","SPECIES","HEM","N.M.M. | M.M.M. | R.V.H.","4605","N.M.M.","E","HEM2025",1,"Columnea nervosa",15.1133888888889,-92.0948055555556,"2015-06-02","change1: Filled coordinateUncertaintyInMeters from decimal-place precision (conservative). | epi_taxo: acceptedName(match1); authorship_epig(match1); genus_from_scientificName; family_WFO; order_majorGroup_WCVP [2026-03-11] | CoordinateCleaner QA applied without sea test (validity, equal, zeros, capitals, centroids, gbif, institutions) [2026-03-29]","standardized authors names in recordedBy","Colección","N.M.M. & M.M.M. & R.V.H.","N.M.M."
"1447","HEM2025_1447","PreservedSpecimen","Coleccion",NA,"UNICACH","SPECIES","HEM","N.M.M. | M.M.M. | E.C.N.","4072","N.M.M. | Camilo, R.M.","E","HEM2025",1,"Columnea purpusii",15.1065277777778,-92.1586388888889,"2015-03-14","change1: Filled coordinateUncertaintyInMeters from decimal-place precision (conservative). | epi_taxo: acceptedName(match1); authorship_epig(match1); genus_from_scientificName; family_WFO; order_majorGroup_WCVP [2026-03-11] | CoordinateCleaner QA applied without sea test (validity, equal, zeros, capitals, centroids, gbif, institutions) [2026-03-29]","standardized authors names in recordedBy / standardized authors names in identifiedBy","Colección","N.M.M. & M.M.M. & E.C.N.","N.M.M. & R.M. Camilo"
"1448","HEM2025_1448","PreservedSpecimen","Coleccion",NA,"UNICACH","SPECIES","HEM","M.M.M. | M.A.D.V.","2153","N.M.M. | J.M.M.","HE","HEM2025",1,"Columnea schiedeana",15.04225,-92.1473611111111,"2013-06-30","change1: Filled coordinateUncertaintyInMeters from decimal-place precision (conservative). | epi_taxo: acceptedName(match1); authorship_epig(match1); genus_from_scientificName; family_WFO; order_majorGroup_WCVP [2026-03-11] | CoordinateCleaner QA applied without sea test (validity, equal, zeros, capitals, centroids, gbif, institutions) [2026-03-29]","standardized authors names in recordedBy / standardized authors names in identifiedBy","Colección","M.M.M. & M.A.D.V.","N.M.M. & J.M.M."
"1449","HEM2025_1449","PreservedSpecimen","Coleccion",NA,"UNICACH","SPECIES","HEM","J.M.M.","1241","J.M.M.","E","HEM2025",1,"Columnea sulfurea",17.4204722222222,-91.7955833333333,"2006-04-17","change1: Filled coordinateUncertaintyInMeters from decimal-place precision (conservative). | epi_taxo: acceptedName(match1); authorship_epig(match1); genus_from_scientificName; family_WFO; order_majorGroup_WCVP [2026-03-11] | CoordinateCleaner QA applied without sea test (validity, equal, zeros, capitals, centroids, gbif, institutions) [2026-03-29]","","Colección","J.M.M.","J.M.M."
"1450","HEM2025_1450","PreservedSpecimen","Coleccion",NA,"UNICACH","SPECIES","HEM","M.M.M. | E.A.M.A.","4594","R.K.","E","HEM2025",3,"Drymonia serrulata",15.0910555555556,-92.14175,"2014-07-04","change1: Filled coordinateUncertaintyInMeters from decimal-place precision (conservative). | epi_taxo: acceptedName(match1); authorship_epig(match1); genus_from_scientificName; family_WFO; order_majorGroup_WCVP [2026-03-11] | CoordinateCleaner QA applied without sea test (validity, equal, zeros, capitals, centroids, gbif, institutions) [2026-03-29]","standardized authors names in recordedBy","Colección","M.M.M. & E.A.M.A.","R.K."
"1451","HEM2025_1451","PreservedSpecimen","Coleccion",NA,"UNICACH","SPECIES","HEM","M.M.M. | A.L.C.","3885","N.M.M.","E","HEM2025",1,"Drymonia oinochrophylla",15.0976111111111,-92.168,"2014-08-16","change1: Filled coordinateUncertaintyInMeters from decimal-place precision (conservative). | epi_taxo: acceptedName(match1); authorship_epig(match1); genus_from_scientificName; family_WFO; order_majorGroup_WCVP [2026-03-11] | CoordinateCleaner QA applied without sea test (validity, equal, zeros, capitals, centroids, gbif, institutions) [2026-03-29]","standardized authors names in recordedBy","Colección","M.M.M. & A.L.C.","N.M.M."
"1452","HEM2025_1452","PreservedSpecimen","Coleccion",NA,"UNICACH","SPECIES","HEM","J.M.M.","1849","J.M.M.","HE","HEM2025",1,"Drymonia serrulata",15.7746388888889,-93.0119444444444,"2007-06-07","change1: Filled coordinateUncertaintyInMeters from decimal-place precision (conservative). | epi_taxo: acceptedName(match1); authorship_epig(match1); genus_from_scientificName; family_WFO; order_majorGroup_WCVP [2026-03-11] | CoordinateCleaner QA applied without sea test (validity, equal, zeros, capitals, centroids, gbif, institutions) [2026-03-29]","","Colección","J.M.M.","J.M.M."
"1453","HEM2025_1453","PreservedSpecimen","Coleccion",NA,"UNICACH","SPECIES","HEM","M.M.M. | N.M.M. | R.J.R.V. | E.C.N.","4364","N.M.M.","E","HEM2025",1,"Drymonia serrulata",15.0996666666667,-92.1376944444444,"2014-06-19","change1: Filled coordinateUncertaintyInMeters from decimal-place precision (conservative). | epi_taxo: acceptedName(match1); authorship_epig(match1); genus_from_scientificName; family_WFO; order_majorGroup_WCVP [2026-03-11] | CoordinateCleaner QA applied without sea test (validity, equal, zeros, capitals, centroids, gbif, institutions) [2026-03-29]","standardized authors names in recordedBy","Colección","M.M.M. & N.M.M. & R.J.R.V. & E.C.N.","N.M.M."
"1454","HEM2025_1454","PreservedSpecimen","Coleccion",NA,"UNICACH","SPECIES","HEM","M.M.M. | M.C.R.M.","5310","N.M.M.","E","HEM2025",1,"Drymonia serrulata",15.0847222222222,-92.175,"2014-09-22","change1: Filled coordinateUncertaintyInMeters from decimal-place precision (conservative). | epi_taxo: acceptedName(match1); authorship_epig(match1); genus_from_scientificName; family_WFO; order_majorGroup_WCVP [2026-03-11] | CoordinateCleaner QA applied without sea test (validity, equal, zeros, capitals, centroids, gbif, institutions) [2026-03-29]","standardized authors names in recordedBy","Colección","M.M.M. & M.C.R.M.","N.M.M."
"1455","HEM2025_1455","PreservedSpecimen","Coleccion",NA,"UNICACH","SPECIES","HEM","Camilo, R.M. | M.I.L.R. | N.A.F.R.","2303","Camilo, R.M.","E","HEM2025",1,"Drymonia strigosa",15.0928888888889,-92.1475,"2014-07-06","change1: Filled coordinateUncertaintyInMeters from decimal-place precision (conservative). | epi_taxo: acceptedName(match1); authorship_epig(match1); genus_from_scientificName; family_WFO; order_majorGroup_WCVP [2026-03-11] | CoordinateCleaner QA applied without sea test (validity, equal, zeros, capitals, centroids, gbif, institutions) [2026-03-29]","standardized authors names in recordedBy / standardized authors names in identifiedBy","Colección","R.M. Camilo & M.I.L.R. & N.A.F.R.","R.M. Camilo"
"1456","HEM2025_1456","PreservedSpecimen","Coleccion",NA,"UNICACH","SPECIES","HEM","N.M.M. | M.M.M. | E.C.N.","3928","N.M.M. | Camilo, R.M.","E","HEM2025",1,"Drymonia strigosa",15.1032777777778,-92.1645555555556,"2015-03-10","change1: Filled coordinateUncertaintyInMeters from decimal-place precision (conservative). | epi_taxo: acceptedName(match1); authorship_epig(match1); genus_from_scientificName; family_WFO; order_majorGroup_WCVP [2026-03-11] | CoordinateCleaner QA applied without sea test (validity, equal, zeros, capitals, centroids, gbif, institutions) [2026-03-29]","standardized authors names in recordedBy / standardized authors names in identifiedBy","Colección","N.M.M. & M.M.M. & E.C.N.","N.M.M. & R.M. Camilo"
"1457","HEM2025_1457","PreservedSpecimen","Coleccion",NA,"UNICACH","SPECIES","HEM","M.N.M.G.","551","O.F.S.","HE","HEM2025",1,"Pachycaulos nummularia",15.9877777777778,-93.4830555555556,"2002-08-21","change1: Filled coordinateUncertaintyInMeters from decimal-place precision (conservative). | epi_taxo: acceptedName(match1); authorship_epig(match1); genus_from_scientificName; family_WFO; order_majorGroup_WCVP [2026-03-11] | CoordinateCleaner QA applied without sea test (validity, equal, zeros, capitals, centroids, gbif, institutions) [2026-03-29]","","Colección","M.N.M.G.","O.F.S."
"1458","HEM2025_1458","PreservedSpecimen","Coleccion",NA,"UNICACH","SPECIES","HEM","Camilo, R.M. | N.M.M.","2571","Camilo, R.M.","E","HEM2025",1,"Pachycaulos nummularia",15.0969444444444,-92.1347222222222,"2014-08-15","change1: Filled coordinateUncertaintyInMeters from decimal-place precision (conservative). | epi_taxo: acceptedName(match1); authorship_epig(match1); genus_from_scientificName; family_WFO; order_majorGroup_WCVP [2026-03-11] | CoordinateCleaner QA applied without sea test (validity, equal, zeros, capitals, centroids, gbif, institutions) [2026-03-29]","standardized authors names in recordedBy / standardized authors names in identifiedBy","Colección","R.M. Camilo & N.M.M.","R.M. Camilo"
"1459","HEM2025_1459","PreservedSpecimen","Coleccion",NA,"UNICACH","SPECIES","HEM","M.M.M. | M.C.R.M.","5377","N.M.M.","HE","HEM2025",0,"",15.0995277777778,-92.1861111111111,"2014-09-23","change1: Filled coordinateUncertaintyInMeters from decimal-place precision (conservative). | epi_taxo: acceptedName(match1); authorship_epig(match1); genus_from_scientificName; family_WFO; order_majorGroup_WCVP [2026-03-11] | CoordinateCleaner QA applied without sea test (validity, equal, zeros, capitals, centroids, gbif, institutions) [2026-03-29]","standardized authors names in recordedBy","Colección","M.M.M. & M.C.R.M.","N.M.M."
"1460","HEM2025_1460","PreservedSpecimen","Coleccion",NA,"UNICACH","SPECIES","HEM","M.E.L.M.","57","A.R.S.","E","HEM2025",1,"Hemidictyum marginatum",15.425,-92.6333333333333,"1998-01-25","change1: Filled coordinateUncertaintyInMeters from decimal-place precision (conservative). | epi_taxo: acceptedName(match1); authorship_epig(match1); genus_from_scientificName; family_WFO; order_majorGroup_WCVP [2026-03-11] | CoordinateCleaner QA applied without sea test (validity, equal, zeros, capitals, centroids, gbif, institutions) [2026-03-29]","","Colección","M.E.L.M.","A.R.S."
"1461","HEM2025_1461","PreservedSpecimen","Coleccion",NA,"UNICACH","SPECIES","HEM","H.G.D.","834","M.E.L.M.","E","HEM2025",1,"Hymenophyllum crassipetiolatum",15.6441666666667,-92.8275,"2004-11-11","change1: Filled coordinateUncertaintyInMeters from decimal-place precision (conservative). | epi_taxo: acceptedName(match1); authorship_epig(match1); genus_from_scientificName; family_WFO; order_majorGroup_WCVP [2026-03-11] | CoordinateCleaner QA applied without sea test (validity, equal, zeros, capitals, centroids, gbif, institutions) [2026-03-29]","","Colección","H.G.D.","M.E.L.M."
"1462","HEM2025_1462","PreservedSpecimen","Coleccion",NA,"UNICACH","SPECIES","HEM","M.E.L.M.","133","M.E.L.M.","HE","HEM2025",1,"Hymenophyllum crassipetiolatum",15.6666666666667,-92.805,"1998-02-26","change1: Filled coordinateUncertaintyInMeters from decimal-place precision (conservative). | epi_taxo: acceptedName(match1); authorship_epig(match1); genus_from_scientificName; family_WFO; order_majorGroup_WCVP [2026-03-11] | CoordinateCleaner QA applied without sea test (validity, equal, zeros, capitals, centroids, gbif, institutions) [2026-03-29]","","Colección","M.E.L.M.","M.E.L.M."
"1463","HEM2025_1463","PreservedSpecimen","Coleccion",NA,"UNICACH","SPECIES","HEM","Perez-Farrera, M.A.","452","M.E.L.M.","E","HEM2025",1,"Hymenophyllum crassipetiolatum",16.3416666666667,-93.7083333333333,"1995-05-25","change1: Filled coordinateUncertaintyInMeters from decimal-place precision (conservative). | epi_taxo: acceptedName(match1); authorship_epig(match1); genus_from_scientificName; family_WFO; order_majorGroup_WCVP [2026-03-11] | CoordinateCleaner QA applied without sea test (validity, equal, zeros, capitals, centroids, gbif, institutions) [2026-03-29]","standardized authors names in recordedBy","Colección","M.A. Pérez-Farrera","M.E.L.M."
"1464","HEM2025_1464","PreservedSpecimen","Coleccion",NA,"UNICACH","SPECIES","HEM","Perez-Farrera, M.A.","453","M.E.L.M.","E","HEM2025",1,"Hymenophyllum crassipetiolatum",16.3416666666667,-93.7027777777778,"1995-05-25","change1: Filled coordinateUncertaintyInMeters from decimal-place precision (conservative). | epi_taxo: acceptedName(match1); authorship_epig(match1); genus_from_scientificName; family_WFO; order_majorGroup_WCVP [2026-03-11] | CoordinateCleaner QA applied without sea test (validity, equal, zeros, capitals, centroids, gbif, institutions) [2026-03-29]","standardized authors names in recordedBy","Colección","M.A. Pérez-Farrera","M.E.L.M."
"1465","HEM2025_1465","PreservedSpecimen","Coleccion",NA,"UNICACH","SPECIES","HEM","M.E.L.M.","300","M.E.L.M.","E","HEM2025",1,"Hymenophyllum crassipetiolatum",15.7013888888889,-92.9838888888889,"1999-04-14","change1: Filled coordinateUncertaintyInMeters from decimal-place precision (conservative). | epi_taxo: acceptedName(match1); authorship_epig(match1); genus_from_scientificName; family_WFO; order_majorGroup_WCVP [2026-03-11] | CoordinateCleaner QA applied without sea test (validity, equal, zeros, capitals, centroids, gbif, institutions) [2026-03-29]","","Colección","M.E.L.M.","M.E.L.M."
"1466","HEM2025_1466","PreservedSpecimen","Coleccion",NA,"UNICACH","SPECIES","HEM","H.G.D.","1235","H.G.D.","E","HEM2025",1,"Hymenophyllum crassipetiolatum",15.4841388888889,-92.6805277777778,"","change1: Filled coordinateUncertaintyInMeters from decimal-place precision (conservative). | epi_taxo: acceptedName(match1); authorship_epig(match1); genus_from_scientificName; family_WFO; order_majorGroup_WCVP [2026-03-11] | CoordinateCleaner QA applied without sea test (validity, equal, zeros, capitals, centroids, gbif, institutions) [2026-03-29]","","Colección","H.G.D.","H.G.D."
"1467","HEM2025_1467","PreservedSpecimen","Coleccion",NA,"UNICACH","SPECIES","HEM","M.E.L.M.","92","A.R.S.","E","HEM2025",1,"Hymenophyllum crassipetiolatum",15.6333333333333,-92.8333333333333,"1998-02-24","change1: Filled coordinateUncertaintyInMeters from decimal-place precision (conservative). | epi_taxo: acceptedName(match1); authorship_epig(match1); genus_from_scientificName; family_WFO; order_majorGroup_WCVP [2026-03-11] | CoordinateCleaner QA applied without sea test (validity, equal, zeros, capitals, centroids, gbif, institutions) [2026-03-29]","","Colección","M.E.L.M.","A.R.S."
"1468","HEM2025_1468","PreservedSpecimen","Coleccion",NA,"UNICACH","SPECIES","HEM","H.G.D.","1024","H.G.D.","E","HEM2025",1,"Hymenophyllum ectocarpon",15.5991388888889,-92.6927777777778,"2005-06-13","change1: Filled coordinateUncertaintyInMeters from decimal-place precision (conservative). | epi_taxo: acceptedName(match1); authorship_epig(match1); genus_from_scientificName; family_WFO; order_majorGroup_WCVP [2026-03-11] | CoordinateCleaner QA applied without sea test (validity, equal, zeros, capitals, centroids, gbif, institutions) [2026-03-29]","","Colección","H.G.D.","H.G.D."
"1469","HEM2025_1469","PreservedSpecimen","Coleccion",NA,"UNICACH","SPECIES","HEM","H.G.D.","1329","H.G.D.","E","HEM2025",1,"Hymenophyllum fendlerianum",15.7084444444444,-92.7269166666667,"2006-07-21","change1: Filled coordinateUncertaintyInMeters from decimal-place precision (conservative). | epi_taxo: acceptedName(match1); authorship_epig(match1); genus_from_scientificName; family_WFO; order_majorGroup_WCVP [2026-03-11] | CoordinateCleaner QA applied without sea test (validity, equal, zeros, capitals, centroids, gbif, institutions) [2026-03-29]","","Colección","H.G.D.","H.G.D."
"1470","HEM2025_1470","PreservedSpecimen","Coleccion",NA,"UNICACH","SPECIES","HEM","M.M.M. | S.H.J. | V.E.G.J.","5898","N.M.M.","E","HEM2025",1,"Hymenophyllum fendlerianum",15.2310833333333,-92.3098888888889,"2015-05-29","change1: Filled coordinateUncertaintyInMeters from decimal-place precision (conservative). | epi_taxo: acceptedName(match1); authorship_epig(match1); genus_from_scientificName; family_WFO; order_majorGroup_WCVP [2026-03-11] | CoordinateCleaner QA applied without sea test (validity, equal, zeros, capitals, centroids, gbif, institutions) [2026-03-29]","standardized authors names in recordedBy","Colección","M.M.M. & S.H.J. & V.E.G.J.","N.M.M."
"1471","HEM2025_1471","PreservedSpecimen","Coleccion",NA,"UNICACH","SPECIES","HEM","N.M.M.","1755","Perez-Farrera, M.A.","E","HEM2025",1,"Hymenophyllum fragile",15.7230555555556,-93.0013888888889,"2006-10-13","change1: Filled coordinateUncertaintyInMeters from decimal-place precision (conservative). | epi_taxo: acceptedName(match1); authorship_epig(match1); genus_from_scientificName; family_WFO; order_majorGroup_WCVP [2026-03-11] | CoordinateCleaner QA applied without sea test (validity, equal, zeros, capitals, centroids, gbif, institutions) [2026-03-29]","standardized authors names in identifiedBy","Colección","N.M.M.","M.A. Pérez-Farrera"
"1472","HEM2025_1472","PreservedSpecimen","Coleccion",NA,"UNICACH","SPECIES","HEM","Perez-Farrera, M.A.","330","Perez-Farrera, M.A.","E","HEM2025",1,"Hymenophyllum fucoides",16.1944444444444,-93.6083333333333,"1995-05-23","change1: Filled coordinateUncertaintyInMeters from decimal-place precision (conservative). | epi_taxo: acceptedName(match1); authorship_epig(match1); genus_from_scientificName; family_WFO; order_majorGroup_WCVP [2026-03-11] | CoordinateCleaner QA applied without sea test (validity, equal, zeros, capitals, centroids, gbif, institutions) [2026-03-29]","standardized authors names in recordedBy / standardized authors names in identifiedBy","Colección","M.A. Pérez-Farrera","M.A. Pérez-Farrera"
"1473","HEM2025_1473","PreservedSpecimen","Coleccion",NA,"UNICACH","SPECIES","HEM","Perez-Farrera, M.A.","335","Perez-Farrera, M.A.","E","HEM2025",1,"Hymenophyllum fucoides",16.1944444444444,-93.6083333333333,"1995-05-23","change1: Filled coordinateUncertaintyInMeters from decimal-place precision (conservative). | epi_taxo: acceptedName(match1); authorship_epig(match1); genus_from_scientificName; family_WFO; order_majorGroup_WCVP [2026-03-11] | CoordinateCleaner QA applied without sea test (validity, equal, zeros, capitals, centroids, gbif, institutions) [2026-03-29]","standardized authors names in recordedBy / standardized authors names in identifiedBy","Colección","M.A. Pérez-Farrera","M.A. Pérez-Farrera"
"1474","HEM2025_1474","PreservedSpecimen","Coleccion",NA,"UNICACH","SPECIES","HEM","M.E.L.M.","109","M.E.L.M.","E","HEM2025",1,"Hymenophyllum fucoides",15.6638888888889,-92.8202777777778,"1998-02-25","change1: Filled coordinateUncertaintyInMeters from decimal-place precision (conservative). | epi_taxo: acceptedName(match1); authorship_epig(match1); genus_from_scientificName; family_WFO; order_majorGroup_WCVP [2026-03-11] | CoordinateCleaner QA applied without sea test (validity, equal, zeros, capitals, centroids, gbif, institutions) [2026-03-29]","","Colección","M.E.L.M.","M.E.L.M."
"1475","HEM2025_1475","PreservedSpecimen","Coleccion",NA,"UNICACH","SPECIES","HEM","F.E.P.C.","198","M.E.L.M.","E","HEM2025",1,"Hymenophyllum hirsutum",15.8275,-93.0441666666667,"1999-05-27","change1: Filled coordinateUncertaintyInMeters from decimal-place precision (conservative). | epi_taxo: acceptedName(match1); authorship_epig(match1); genus_from_scientificName; family_WFO; order_majorGroup_WCVP [2026-03-11] | CoordinateCleaner QA applied without sea test (validity, equal, zeros, capitals, centroids, gbif, institutions) [2026-03-29]","","Colección","F.E.P.C.","M.E.L.M."
"1476","HEM2025_1476","PreservedSpecimen","Coleccion",NA,"UNICACH","SPECIES","HEM","Perez-Farrera, M.A.","1022","M.E.L.M.","E","HEM2025",1,"Hymenophyllum hirsutum",15.6641666666667,-92.8136111111111,"1996-08-09","change1: Filled coordinateUncertaintyInMeters from decimal-place precision (conservative). | epi_taxo: acceptedName(match1); authorship_epig(match1); genus_from_scientificName; family_WFO; order_majorGroup_WCVP [2026-03-11] | CoordinateCleaner QA applied without sea test (validity, equal, zeros, capitals, centroids, gbif, institutions) [2026-03-29]","standardized authors names in recordedBy","Colección","M.A. Pérez-Farrera","M.E.L.M."
"1477","HEM2025_1477","PreservedSpecimen","Coleccion",NA,"UNICACH","SPECIES","HEM","Perez-Farrera, M.A.","1107","M.E.L.M.","E","HEM2025",1,"Hymenophyllum hirsutum",15.6166666666667,-92.8,"1996-08-10","change1: Filled coordinateUncertaintyInMeters from decimal-place precision (conservative). | epi_taxo: acceptedName(match1); authorship_epig(match1); genus_from_scientificName; family_WFO; order_majorGroup_WCVP [2026-03-11] | CoordinateCleaner QA applied without sea test (validity, equal, zeros, capitals, centroids, gbif, institutions) [2026-03-29]","standardized authors names in recordedBy","Colección","M.A. Pérez-Farrera","M.E.L.M."
"1478","HEM2025_1478","PreservedSpecimen","Coleccion",NA,"UNICACH","SPECIES","HEM","Perez-Farrera, M.A.","1085","M.E.L.M.","E","HEM2025",1,"Hymenophyllum hirsutum",15.6441666666667,-92.8275,"1996-08-10","change1: Filled coordinateUncertaintyInMeters from decimal-place precision (conservative). | epi_taxo: acceptedName(match1); authorship_epig(match1); genus_from_scientificName; family_WFO; order_majorGroup_WCVP [2026-03-11] | CoordinateCleaner QA applied without sea test (validity, equal, zeros, capitals, centroids, gbif, institutions) [2026-03-29]","standardized authors names in recordedBy","Colección","M.A. Pérez-Farrera","M.E.L.M."
"1479","HEM2025_1479","PreservedSpecimen","Coleccion",NA,"UNICACH","SPECIES","HEM","Perez-Farrera, M.A.","1048","M.E.L.M.","E","HEM2025",1,"Hymenophyllum hirsutum",15.6166666666667,-92.8,"1996-08-09","change1: Filled coordinateUncertaintyInMeters from decimal-place precision (conservative). | epi_taxo: acceptedName(match1); authorship_epig(match1); genus_from_scientificName; family_WFO; order_majorGroup_WCVP [2026-03-11] | CoordinateCleaner QA applied without sea test (validity, equal, zeros, capitals, centroids, gbif, institutions) [2026-03-29]","standardized authors names in recordedBy","Colección","M.A. Pérez-Farrera","M.E.L.M."
"1480","HEM2025_1480","PreservedSpecimen","Coleccion",NA,"UNICACH","SPECIES","HEM","Perez-Farrera, M.A.","402-bis","Perez-Farrera, M.A.","E","HEM2025",1,"Hymenophyllum hirsutum",16.1972222222222,-93.7083333333333,"1995-05-24","change1: Filled coordinateUncertaintyInMeters from decimal-place precision (conservative). | epi_taxo: acceptedName(match1); authorship_epig(match1); genus_from_scientificName; family_WFO; order_majorGroup_WCVP [2026-03-11] | CoordinateCleaner QA applied without sea test (validity, equal, zeros, capitals, centroids, gbif, institutions) [2026-03-29]","standardized authors names in recordedBy / standardized authors names in identifiedBy","Colección","M.A. Pérez-Farrera","M.A. Pérez-Farrera"
"1481","HEM2025_1481","PreservedSpecimen","Coleccion",NA,"UNICACH","SPECIES","HEM","Perez-Farrera, M.A.","633","Perez-Farrera, M.A.","E","HEM2025",1,"Hymenophyllum hirsutum",16.3166666666667,-93.6166666666667,"1995-07-18","change1: Filled coordinateUncertaintyInMeters from decimal-place precision (conservative). | epi_taxo: acceptedName(match1); authorship_epig(match1); genus_from_scientificName; family_WFO; order_majorGroup_WCVP [2026-03-11] | CoordinateCleaner QA applied without sea test (validity, equal, zeros, capitals, centroids, gbif, institutions) [2026-03-29]","standardized authors names in recordedBy / standardized authors names in identifiedBy","Colección","M.A. Pérez-Farrera","M.A. Pérez-Farrera"
"1482","HEM2025_1482","PreservedSpecimen","Coleccion",NA,"UNICACH","SPECIES","HEM","Perez-Farrera, M.A.","449","Perez-Farrera, M.A.","E","HEM2025",1,"Hymenophyllum hirsutum",16.3416666666667,-93.7027777777778,"1995-05-25","change1: Filled coordinateUncertaintyInMeters from decimal-place precision (conservative). | epi_taxo: acceptedName(match1); authorship_epig(match1); genus_from_scientificName; family_WFO; order_majorGroup_WCVP [2026-03-11] | CoordinateCleaner QA applied without sea test (validity, equal, zeros, capitals, centroids, gbif, institutions) [2026-03-29]","standardized authors names in recordedBy / standardized authors names in identifiedBy","Colección","M.A. Pérez-Farrera","M.A. Pérez-Farrera"
"1483","HEM2025_1483","PreservedSpecimen","Coleccion",NA,"UNICACH","SPECIES","HEM","M.E.L.M.","87","M.E.L.M.","E","HEM2025",1,"Hymenophyllum hirsutum",15.6333333333333,-92.8333333333333,"1998-02-25","change1: Filled coordinateUncertaintyInMeters from decimal-place precision (conservative). | epi_taxo: acceptedName(match1); authorship_epig(match1); genus_from_scientificName; family_WFO; order_majorGroup_WCVP [2026-03-11] | CoordinateCleaner QA applied without sea test (validity, equal, zeros, capitals, centroids, gbif, institutions) [2026-03-29]","","Colección","M.E.L.M.","M.E.L.M."
"1484","HEM2025_1484","PreservedSpecimen","Coleccion",NA,"UNICACH","SPECIES","HEM","M.E.L.M.","574","M.E.L.M.","E","HEM2025",1,"Hymenophyllum hirsutum",15.8275,-93.0441666666667,"1999-11-18","change1: Filled coordinateUncertaintyInMeters from decimal-place precision (conservative). | epi_taxo: acceptedName(match1); authorship_epig(match1); genus_from_scientificName; family_WFO; order_majorGroup_WCVP [2026-03-11] | CoordinateCleaner QA applied without sea test (validity, equal, zeros, capitals, centroids, gbif, institutions) [2026-03-29]","","Colección","M.E.L.M.","M.E.L.M."
"1485","HEM2025_1485","PreservedSpecimen","Coleccion",NA,"UNICACH","SPECIES","HEM","E.M.S. | A.M.G. | G.U. | M.R.","19571","Perez-Farrera, M.A.","E","HEM2025",1,"Hymenophyllum lanatum",15.1275,-92.1108333333333,"1987-02-06","change1: Filled coordinateUncertaintyInMeters from decimal-place precision (conservative). | epi_taxo: acceptedName(match1); authorship_epig(match1); genus_from_scientificName; family_WFO; order_majorGroup_WCVP [2026-03-11] | CoordinateCleaner QA applied without sea test (validity, equal, zeros, capitals, centroids, gbif, institutions) [2026-03-29]","standardized authors names in recordedBy / standardized authors names in identifiedBy","Colección","E.M.S. & A.M.G. & G.U. & M.R.","M.A. Pérez-Farrera"
"1486","HEM2025_1486","PreservedSpecimen","Coleccion",NA,"UNICACH","SPECIES","HEM","N.M.M.","1759","Perez-Farrera, M.A.","E","HEM2025",1,"Hymenophyllum lanatum",15.7441416666667,-93.0340888888889,"2006-10-13","change1: Filled coordinateUncertaintyInMeters from decimal-place precision (conservative). | epi_taxo: acceptedName(match1); authorship_epig(match1); genus_from_scientificName; family_WFO; order_majorGroup_WCVP [2026-03-11] | CoordinateCleaner QA applied without sea test (validity, equal, zeros, capitals, centroids, gbif, institutions) [2026-03-29]","standardized authors names in identifiedBy","Colección","N.M.M.","M.A. Pérez-Farrera"
"1487","HEM2025_1487","PreservedSpecimen","Coleccion",NA,"UNICACH","SPECIES","HEM","Perez-Farrera, M.A.","634","Perez-Farrera, M.A.","E","HEM2025",1,"Hymenophyllum microcarpum",16.3441666666667,-93.6441666666667,"1995-07-18","change1: Filled coordinateUncertaintyInMeters from decimal-place precision (conservative). | epi_taxo: acceptedName(match1); authorship_epig(match1); genus_from_scientificName; family_WFO; order_majorGroup_WCVP [2026-03-11] | CoordinateCleaner QA applied without sea test (validity, equal, zeros, capitals, centroids, gbif, institutions) [2026-03-29]","standardized authors names in recordedBy / standardized authors names in identifiedBy","Colección","M.A. Pérez-Farrera","M.A. Pérez-Farrera"
"1488","HEM2025_1488","PreservedSpecimen","Coleccion",NA,"UNICACH","SPECIES","HEM","M.E.L.M.","572","M.E.L.M.","E","HEM2025",1,"Hymenophyllum polyanthos",15.8275,-93.0441666666667,"1999-11-18","change1: Filled coordinateUncertaintyInMeters from decimal-place precision (conservative). | epi_taxo: acceptedName(match1); authorship_epig(match1); genus_from_scientificName; family_WFO; order_majorGroup_WCVP [2026-03-11] | CoordinateCleaner QA applied without sea test (validity, equal, zeros, capitals, centroids, gbif, institutions) [2026-03-29]","","Colección","M.E.L.M.","M.E.L.M."
"1489","HEM2025_1489","PreservedSpecimen","Coleccion",NA,"UNICACH","SPECIES","HEM","M.E.L.M.","31","M.E.L.M.","E","HEM2025",1,"Hymenophyllum polyanthos",15.8530555555556,-93.1511111111111,"1998-01-22","change1: Filled coordinateUncertaintyInMeters from decimal-place precision (conservative). | epi_taxo: acceptedName(match1); authorship_epig(match1); genus_from_scientificName; family_WFO; order_majorGroup_WCVP [2026-03-11] | CoordinateCleaner QA applied without sea test (validity, equal, zeros, capitals, centroids, gbif, institutions) [2026-03-29]","","Colección","M.E.L.M.","M.E.L.M."
"1490","HEM2025_1490","PreservedSpecimen","Coleccion",NA,"UNICACH","SPECIES","HEM","Perez-Farrera, M.A.","1137","Perez-Farrera, M.A.","E","HEM2025",1,"Hymenophyllum polyanthos",15.6638888888889,-92.8202777777778,"1996-08-11","change1: Filled coordinateUncertaintyInMeters from decimal-place precision (conservative). | epi_taxo: acceptedName(match1); authorship_epig(match1); genus_from_scientificName; family_WFO; order_majorGroup_WCVP [2026-03-11] | CoordinateCleaner QA applied without sea test (validity, equal, zeros, capitals, centroids, gbif, institutions) [2026-03-29]","standardized authors names in recordedBy / standardized authors names in identifiedBy","Colección","M.A. Pérez-Farrera","M.A. Pérez-Farrera"
"1491","HEM2025_1491","PreservedSpecimen","Coleccion",NA,"UNICACH","SPECIES","HEM","M.E.L.M.","293","M.E.L.M.","E","HEM2025",1,"Hymenophyllum polyanthos",15.7013888888889,-92.9838888888889,"1999-04-14","change1: Filled coordinateUncertaintyInMeters from decimal-place precision (conservative). | epi_taxo: acceptedName(match1); authorship_epig(match1); genus_from_scientificName; family_WFO; order_majorGroup_WCVP [2026-03-11] | CoordinateCleaner QA applied without sea test (validity, equal, zeros, capitals, centroids, gbif, institutions) [2026-03-29]","","Colección","M.E.L.M.","M.E.L.M."
"1492","HEM2025_1492","PreservedSpecimen","Coleccion",NA,"UNICACH","SPECIES","HEM","M.E.L.M.","270","M.E.L.M.","E","HEM2025",1,"Hymenophyllum polyanthos",15.8172222222222,-93.095,"1999-03-17","change1: Filled coordinateUncertaintyInMeters from decimal-place precision (conservative). | epi_taxo: acceptedName(match1); authorship_epig(match1); genus_from_scientificName; family_WFO; order_majorGroup_WCVP [2026-03-11] | CoordinateCleaner QA applied without sea test (validity, equal, zeros, capitals, centroids, gbif, institutions) [2026-03-29]","","Colección","M.E.L.M.","M.E.L.M."
"1493","HEM2025_1493","PreservedSpecimen","Coleccion",NA,"UNICACH","SPECIES","HEM","Perez-Farrera, M.A.","337","Perez-Farrera, M.A.","E","HEM2025",1,"Hymenophyllum polyanthos",16.1944444444444,-93.6083333333333,"1995-05-23","change1: Filled coordinateUncertaintyInMeters from decimal-place precision (conservative). | epi_taxo: acceptedName(match1); authorship_epig(match1); genus_from_scientificName; family_WFO; order_majorGroup_WCVP [2026-03-11] | CoordinateCleaner QA applied without sea test (validity, equal, zeros, capitals, centroids, gbif, institutions) [2026-03-29]","standardized authors names in recordedBy / standardized authors names in identifiedBy","Colección","M.A. Pérez-Farrera","M.A. Pérez-Farrera"
"1494","HEM2025_1494","PreservedSpecimen","Coleccion",NA,"UNICACH","SPECIES","HEM","Perez-Farrera, M.A.","451","Perez-Farrera, M.A.","E","HEM2025",1,"Hymenophyllum polyanthos",16.3416666666667,-93.7027777777778,"1995-05-25","change1: Filled coordinateUncertaintyInMeters from decimal-place precision (conservative). | epi_taxo: acceptedName(match1); authorship_epig(match1); genus_from_scientificName; family_WFO; order_majorGroup_WCVP [2026-03-11] | CoordinateCleaner QA applied without sea test (validity, equal, zeros, capitals, centroids, gbif, institutions) [2026-03-29]","standardized authors names in recordedBy / standardized authors names in identifiedBy","Colección","M.A. Pérez-Farrera","M.A. Pérez-Farrera"
"1495","HEM2025_1495","PreservedSpecimen","Coleccion",NA,"UNICACH","SPECIES","HEM","N.M.M.","1759-bis","Perez-Farrera, M.A.","E","HEM2025",1,"Hymenophyllum polyanthos",15.7441416666667,-93.0340888888889,"2006-10-13","change1: Filled coordinateUncertaintyInMeters from decimal-place precision (conservative). | epi_taxo: acceptedName(match1); authorship_epig(match1); genus_from_scientificName; family_WFO; order_majorGroup_WCVP [2026-03-11] | CoordinateCleaner QA applied without sea test (validity, equal, zeros, capitals, centroids, gbif, institutions) [2026-03-29]","standardized authors names in identifiedBy","Colección","N.M.M.","M.A. Pérez-Farrera"
"1496","HEM2025_1496","PreservedSpecimen","Coleccion",NA,"UNICACH","SPECIES","HEM","N.M.M.","1794","Perez-Farrera, M.A.","E","HEM2025",1,"Hymenophyllum polyanthos",15.7230555555556,-93.0013888888889,"2006-10-13","change1: Filled coordinateUncertaintyInMeters from decimal-place precision (conservative). | epi_taxo: acceptedName(match1); authorship_epig(match1); genus_from_scientificName; family_WFO; order_majorGroup_WCVP [2026-03-11] | CoordinateCleaner QA applied without sea test (validity, equal, zeros, capitals, centroids, gbif, institutions) [2026-03-29]","standardized authors names in identifiedBy","Colección","N.M.M.","M.A. Pérez-Farrera"
"1497","HEM2025_1497","PreservedSpecimen","Coleccion",NA,"UNICACH","SPECIES","HEM","M.M.M. | M.A.D.V.","1817","Perez-Farrera, M.A.","E","HEM2025",1,"Hymenophyllum polyanthos",15.0901111111111,-92.1044722222222,"2013-05-28","change1: Filled coordinateUncertaintyInMeters from decimal-place precision (conservative). | epi_taxo: acceptedName(match1); authorship_epig(match1); genus_from_scientificName; family_WFO; order_majorGroup_WCVP [2026-03-11] | CoordinateCleaner QA applied without sea test (validity, equal, zeros, capitals, centroids, gbif, institutions) [2026-03-29]","standardized authors names in recordedBy / standardized authors names in identifiedBy","Colección","M.M.M. & M.A.D.V.","M.A. Pérez-Farrera"
"1498","HEM2025_1498","PreservedSpecimen","Coleccion",NA,"UNICACH","SPECIES","HEM","M.M.M. | E.A.M.A.","4621","N.M.M.","E","HEM2025",1,"Hymenophyllum polyanthos",15.0861111111111,-92.1467222222222,"2014-07-05","change1: Filled coordinateUncertaintyInMeters from decimal-place precision (conservative). | epi_taxo: acceptedName(match1); authorship_epig(match1); genus_from_scientificName; family_WFO; order_majorGroup_WCVP [2026-03-11] | CoordinateCleaner QA applied without sea test (validity, equal, zeros, capitals, centroids, gbif, institutions) [2026-03-29]","standardized authors names in recordedBy","Colección","M.M.M. & E.A.M.A.","N.M.M."
"1499","HEM2025_1499","PreservedSpecimen","Coleccion",NA,"UNICACH","SPECIES","HEM","Camilo, R.M. | M.I.L.R. | N.A.F.R.","2429","N.M.M.","E","HEM2025",1,"Hymenophyllum polyanthos",15.1038611111111,-92.1321111111111,"2014-07-09","change1: Filled coordinateUncertaintyInMeters from decimal-place precision (conservative). | epi_taxo: acceptedName(match1); authorship_epig(match1); genus_from_scientificName; family_WFO; order_majorGroup_WCVP [2026-03-11] | CoordinateCleaner QA applied without sea test (validity, equal, zeros, capitals, centroids, gbif, institutions) [2026-03-29]","standardized authors names in recordedBy","Colección","R.M. Camilo & M.I.L.R. & N.A.F.R.","N.M.M."
"1500","HEM2025_1500","PreservedSpecimen","Coleccion",NA,"UNICACH","SPECIES","HEM","M.M.M. | D.A.J.L. | R.J.R.V.","5549","N.M.M.","E","HEM2025",1,"Hymenophyllum polyanthos",15.1179722222222,-92.1553333333333,"2015-03-26","change1: Filled coordinateUncertaintyInMeters from decimal-place precision (conservative). | epi_taxo: acceptedName(match1); authorship_epig(match1); genus_from_scientificName; family_WFO; order_majorGroup_WCVP [2026-03-11] | CoordinateCleaner QA applied without sea test (validity, equal, zeros, capitals, centroids, gbif, institutions) [2026-03-29]","standardized authors names in recordedBy","Colección","M.M.M. & D.A.J.L. & R.J.R.V.","N.M.M."
"1501","HEM2025_1501","PreservedSpecimen","Coleccion",NA,"UNICACH","SPECIES","HEM","M.M.M. | S.H.J. | J.A.B.B.","5812","N.M.M.","E","HEM2025",1,"Hymenophyllum polyanthos",15.2348888888889,-92.30525,"2015-05-01","change1: Filled coordinateUncertaintyInMeters from decimal-place precision (conservative). | epi_taxo: acceptedName(match1); authorship_epig(match1); genus_from_scientificName; family_WFO; order_majorGroup_WCVP [2026-03-11] | CoordinateCleaner QA applied without sea test (validity, equal, zeros, capitals, centroids, gbif, institutions) [2026-03-29]","standardized authors names in recordedBy","Colección","M.M.M. & S.H.J. & J.A.B.B.","N.M.M."
"1502","HEM2025_1502","PreservedSpecimen","Coleccion",NA,"UNICACH","SPECIES","HEM","M.M.M. | S.H.J. | J.A.B.B.","5851","N.M.M.","E","HEM2025",1,"Hymenophyllum polyanthos",15.2288611111111,-92.3057777777778,"2015-05-02","change1: Filled coordinateUncertaintyInMeters from decimal-place precision (conservative). | epi_taxo: acceptedName(match1); authorship_epig(match1); genus_from_scientificName; family_WFO; order_majorGroup_WCVP [2026-03-11] | CoordinateCleaner QA applied without sea test (validity, equal, zeros, capitals, centroids, gbif, institutions) [2026-03-29]","standardized authors names in recordedBy","Colección","M.M.M. & S.H.J. & J.A.B.B.","N.M.M."
"1503","HEM2025_1503","PreservedSpecimen","Coleccion",NA,"UNICACH","SPECIES","HEM","M.M.M. | S.H.J. | V.E.G.J.","5938","N.M.M.","E","HEM2025",1,"Hymenophyllum polyanthos",15.2297777777778,-92.317,"2015-05-30","change1: Filled coordinateUncertaintyInMeters from decimal-place precision (conservative). | epi_taxo: acceptedName(match1); authorship_epig(match1); genus_from_scientificName; family_WFO; order_majorGroup_WCVP [2026-03-11] | CoordinateCleaner QA applied without sea test (validity, equal, zeros, capitals, centroids, gbif, institutions) [2026-03-29]","standardized authors names in recordedBy","Colección","M.M.M. & S.H.J. & V.E.G.J.","N.M.M."
"1504","HEM2025_1504","PreservedSpecimen","Coleccion",NA,"UNICACH","SPECIES","HEM","M.M.M. | S.H.J. | V.E.G.J.","6020","N.M.M.","E","HEM2025",1,"Hymenophyllum polyanthos",15.2342222222222,-92.3172777777778,"2015-06-01","change1: Filled coordinateUncertaintyInMeters from decimal-place precision (conservative). | epi_taxo: acceptedName(match1); authorship_epig(match1); genus_from_scientificName; family_WFO; order_majorGroup_WCVP [2026-03-11] | CoordinateCleaner QA applied without sea test (validity, equal, zeros, capitals, centroids, gbif, institutions) [2026-03-29]","standardized authors names in recordedBy","Colección","M.M.M. & S.H.J. & V.E.G.J.","N.M.M."
"1505","HEM2025_1505","PreservedSpecimen","Coleccion",NA,"UNICACH","SPECIES","HEM","M.M.M. | S.H.J. | V.E.G.J.","6005","N.M.M.","E","HEM2025",1,"Hymenophyllum polyanthos",15.2405277777778,-92.3088333333333,"2015-05-31","change1: Filled coordinateUncertaintyInMeters from decimal-place precision (conservative). | epi_taxo: acceptedName(match1); authorship_epig(match1); genus_from_scientificName; family_WFO; order_majorGroup_WCVP [2026-03-11] | CoordinateCleaner QA applied without sea test (validity, equal, zeros, capitals, centroids, gbif, institutions) [2026-03-29]","standardized authors names in recordedBy","Colección","M.M.M. & S.H.J. & V.E.G.J.","N.M.M."
"1506","HEM2025_1506","PreservedSpecimen","Coleccion",NA,"UNICACH","SPECIES","HEM","M.M.M. | D.A.J.L. | R.J.R.V.","5622","N.M.M.","E","HEM2025",1,"Hymenophyllum polyanthos",15.0997777777778,-92.1679444444444,"2015-03-27","change1: Filled coordinateUncertaintyInMeters from decimal-place precision (conservative). | epi_taxo: acceptedName(match1); authorship_epig(match1); genus_from_scientificName; family_WFO; order_majorGroup_WCVP [2026-03-11] | CoordinateCleaner QA applied without sea test (validity, equal, zeros, capitals, centroids, gbif, institutions) [2026-03-29]","standardized authors names in recordedBy","Colección","M.M.M. & D.A.J.L. & R.J.R.V.","N.M.M."
"1507","HEM2025_1507","PreservedSpecimen","Coleccion",NA,"UNICACH","SPECIES","HEM","Perez-Farrera, M.A.","327","Perez-Farrera, M.A.","E","HEM2025",1,"Hymenophyllum polyanthos",16.1944444444444,-93.6083333333333,"1995-05-23","change1: Filled coordinateUncertaintyInMeters from decimal-place precision (conservative). | epi_taxo: acceptedName(match1); authorship_epig(match1); genus_from_scientificName; family_WFO; order_majorGroup_WCVP [2026-03-11] | CoordinateCleaner QA applied without sea test (validity, equal, zeros, capitals, centroids, gbif, institutions) [2026-03-29]","standardized authors names in recordedBy / standardized authors names in identifiedBy","Colección","M.A. Pérez-Farrera","M.A. Pérez-Farrera"
"1508","HEM2025_1508","PreservedSpecimen","Coleccion",NA,"UNICACH","SPECIES","HEM","Perez-Farrera, M.A.","328","Perez-Farrera, M.A.","E","HEM2025",1,"Hymenophyllum polyanthos",16.1944444444444,-93.6083333333333,"1995-05-23","change1: Filled coordinateUncertaintyInMeters from decimal-place precision (conservative). | epi_taxo: acceptedName(match1); authorship_epig(match1); genus_from_scientificName; family_WFO; order_majorGroup_WCVP [2026-03-11] | CoordinateCleaner QA applied without sea test (validity, equal, zeros, capitals, centroids, gbif, institutions) [2026-03-29]","standardized authors names in recordedBy / standardized authors names in identifiedBy","Colección","M.A. Pérez-Farrera","M.A. Pérez-Farrera"
"1509","HEM2025_1509","PreservedSpecimen","Coleccion",NA,"UNICACH","SPECIES","HEM","Perez-Farrera, M.A.","332","Perez-Farrera, M.A.","E","HEM2025",1,"Hymenophyllum polyanthos",16.1944444444444,-93.6083333333333,"1995-05-23","change1: Filled coordinateUncertaintyInMeters from decimal-place precision (conservative). | epi_taxo: acceptedName(match1); authorship_epig(match1); genus_from_scientificName; family_WFO; order_majorGroup_WCVP [2026-03-11] | CoordinateCleaner QA applied without sea test (validity, equal, zeros, capitals, centroids, gbif, institutions) [2026-03-29]","standardized authors names in recordedBy / standardized authors names in identifiedBy","Colección","M.A. Pérez-Farrera","M.A. Pérez-Farrera"
"1510","HEM2025_1510","PreservedSpecimen","Coleccion",NA,"UNICACH","SPECIES","HEM","M.E.L.M.","31","M.E.L.M.","E","HEM2025",1,"Hymenophyllum polyanthos",15.8530555555556,-93.1511111111111,"1998-01-22","change1: Filled coordinateUncertaintyInMeters from decimal-place precision (conservative). | epi_taxo: acceptedName(match1); authorship_epig(match1); genus_from_scientificName; family_WFO; order_majorGroup_WCVP [2026-03-11] | CoordinateCleaner QA applied without sea test (validity, equal, zeros, capitals, centroids, gbif, institutions) [2026-03-29]","","Colección","M.E.L.M.","M.E.L.M."
"1511","HEM2025_1511","PreservedSpecimen","Coleccion",NA,"UNICACH","GENUS","HEM","M.M.M. | S.H.J. | J.A.B.B.","5777","N.M.M.","E","HEM2025",NA,"",15.2348888888889,-92.30525,"2015-05-01","change1: Genus placeholder (sp./spp.): moved to 'genus', set taxonRank=GENUS, cleared scientificName; kept original in verbatim. | change2: Filled coordinateUncertaintyInMeters from decimal-place precision (conservative). | epi_taxo: acceptedName(match1); authorship_epig(match1); genus_from_scientificName; family_WFO; order_majorGroup_WCVP [2026-03-11] | CoordinateCleaner QA applied without sea test (validity, equal, zeros, capitals, centroids, gbif, institutions) [2026-03-29]","standardized authors names in recordedBy","Colección","M.M.M. & S.H.J. & J.A.B.B.","N.M.M."
"1512","HEM2025_1512","PreservedSpecimen","Coleccion",NA,"UNICACH","SPECIES","HEM","M.E.L.M.","300-bis","M.E.L.M.","E","HEM2025",1,"Hymenophyllum tegularis",15.7013888888889,-92.9838888888889,"1999-04-14","change1: Filled coordinateUncertaintyInMeters from decimal-place precision (conservative). | epi_taxo: acceptedName(match1); authorship_epig(match1); genus_from_scientificName; family_WFO; order_majorGroup_WCVP [2026-03-11] | CoordinateCleaner QA applied without sea test (validity, equal, zeros, capitals, centroids, gbif, institutions) [2026-03-29]","","Colección","M.E.L.M.","M.E.L.M."
"1513","HEM2025_1513","PreservedSpecimen","Coleccion",NA,"UNICACH","SPECIES","HEM","M.M.M. | A.L.C.","4911","N.M.M.","E","HEM2025",1,"Hymenophyllum tegularis",15.0976111111111,-92.168,"2014-08-16","change1: Filled coordinateUncertaintyInMeters from decimal-place precision (conservative). | epi_taxo: acceptedName(match1); authorship_epig(match1); genus_from_scientificName; family_WFO; order_majorGroup_WCVP [2026-03-11] | CoordinateCleaner QA applied without sea test (validity, equal, zeros, capitals, centroids, gbif, institutions) [2026-03-29]","standardized authors names in recordedBy","Colección","M.M.M. & A.L.C.","N.M.M."
"1514","HEM2025_1514","PreservedSpecimen","Coleccion",NA,"UNICACH","SPECIES","HEM","Perez-Farrera, M.A.","991","M.E.L.M.","E","HEM2025",1,"Hymenophyllum trapezoidale",15.6641666666667,-92.8136111111111,"1996-08-09","change1: Filled coordinateUncertaintyInMeters from decimal-place precision (conservative). | epi_taxo: acceptedName(match1); authorship_epig(match1); genus_from_scientificName; family_WFO; order_majorGroup_WCVP [2026-03-11] | CoordinateCleaner QA applied without sea test (validity, equal, zeros, capitals, centroids, gbif, institutions) [2026-03-29]","standardized authors names in recordedBy","Colección","M.A. Pérez-Farrera","M.E.L.M."
"1515","HEM2025_1515","PreservedSpecimen","Coleccion",NA,"UNICACH","SPECIES","HEM","M.E.L.M.","118","M.E.L.M.","E","HEM2025",1,"Hymenophyllum trapezoidale",15.6638888888889,-92.8202777777778,"1998-02-25","change1: Filled coordinateUncertaintyInMeters from decimal-place precision (conservative). | epi_taxo: acceptedName(match1); authorship_epig(match1); genus_from_scientificName; family_WFO; order_majorGroup_WCVP [2026-03-11] | CoordinateCleaner QA applied without sea test (validity, equal, zeros, capitals, centroids, gbif, institutions) [2026-03-29]","","Colección","M.E.L.M.","M.E.L.M."
"1516","HEM2025_1516","PreservedSpecimen","Coleccion",NA,"UNICACH","SPECIES","HEM","J.M.M.","1639","N.M.M.","E","HEM2025",1,"Hymenophyllum tunbrigense",15.6641666666667,-92.8136111111111,"2006-12-13","change1: Filled coordinateUncertaintyInMeters from decimal-place precision (conservative). | epi_taxo: acceptedName(match1); authorship_epig(match1); genus_from_scientificName; family_WFO; order_majorGroup_WCVP [2026-03-11] | CoordinateCleaner QA applied without sea test (validity, equal, zeros, capitals, centroids, gbif, institutions) [2026-03-29]","","Colección","J.M.M.","N.M.M."
"1517","HEM2025_1517","PreservedSpecimen","Coleccion",NA,"UNICACH","SPECIES","HEM","M.M.M. | D.A.J.L.","3121","N.M.M.","E","HEM2025",1,"Trichomanes angustatum",15.1463055555556,-92.1368888888889,"2013-12-11","change1: Filled coordinateUncertaintyInMeters from decimal-place precision (conservative). | epi_taxo: acceptedName(match1); authorship_epig(match1); genus_from_scientificName; family_WFO; order_majorGroup_WCVP [2026-03-11] | CoordinateCleaner QA applied without sea test (validity, equal, zeros, capitals, centroids, gbif, institutions) [2026-03-29]","standardized authors names in recordedBy","Colección","M.M.M. & D.A.J.L.","N.M.M."
"1518","HEM2025_1518","PreservedSpecimen","Coleccion",NA,"UNICACH","SPECIES","HEM","Perez-Farrera, M.A.","331","Perez-Farrera, M.A.","E","HEM2025",1,"Trichomanes capillaceum",16.2272222222222,-93.5808333333333,"1995-05-23","change1: Filled coordinateUncertaintyInMeters from decimal-place precision (conservative). | epi_taxo: acceptedName(match1); authorship_epig(match1); genus_from_scientificName; family_WFO; order_majorGroup_WCVP [2026-03-11] | CoordinateCleaner QA applied without sea test (validity, equal, zeros, capitals, centroids, gbif, institutions) [2026-03-29]","standardized authors names in recordedBy / standardized authors names in identifiedBy","Colección","M.A. Pérez-Farrera","M.A. Pérez-Farrera"
"1519","HEM2025_1519","PreservedSpecimen","Coleccion",NA,"UNICACH","SPECIES","HEM","M.M.M. | M.A.D.V.","1657","Perez-Farrera, M.A.","E","HEM2025",1,"Trichomanes capillaceum",15.0858333333333,-92.0971111111111,"2013-05-23","change1: Filled coordinateUncertaintyInMeters from decimal-place precision (conservative). | epi_taxo: acceptedName(match1); authorship_epig(match1); genus_from_scientificName; family_WFO; order_majorGroup_WCVP [2026-03-11] | CoordinateCleaner QA applied without sea test (validity, equal, zeros, capitals, centroids, gbif, institutions) [2026-03-29]","standardized authors names in recordedBy / standardized authors names in identifiedBy","Colección","M.M.M. & M.A.D.V.","M.A. Pérez-Farrera"
"1520","HEM2025_1520","PreservedSpecimen","Coleccion",NA,"UNICACH","SPECIES","HEM","M.M.M. | M.A.D.V.","1813","N.M.M. | J.M.M.","E","HEM2025",1,"Trichomanes capillaceum",15.0901111111111,-92.1044722222222,"2013-05-28","change1: Filled coordinateUncertaintyInMeters from decimal-place precision (conservative). | epi_taxo: acceptedName(match1); authorship_epig(match1); genus_from_scientificName; family_WFO; order_majorGroup_WCVP [2026-03-11] | CoordinateCleaner QA applied without sea test (validity, equal, zeros, capitals, centroids, gbif, institutions) [2026-03-29]","standardized authors names in recordedBy / standardized authors names in identifiedBy","Colección","M.M.M. & M.A.D.V.","N.M.M. & J.M.M."
"1521","HEM2025_1521","PreservedSpecimen","Coleccion",NA,"UNICACH","SPECIES","HEM","M.M.M. | D.A.J.L.","3698","N.M.M.","E","HEM2025",1,"Trichomanes capillaceum",15.0851111111111,-92.1007222222222,"2014-01-17","change1: Filled coordinateUncertaintyInMeters from decimal-place precision (conservative). | epi_taxo: acceptedName(match1); authorship_epig(match1); genus_from_scientificName; family_WFO; order_majorGroup_WCVP [2026-03-11] | CoordinateCleaner QA applied without sea test (validity, equal, zeros, capitals, centroids, gbif, institutions) [2026-03-29]","standardized authors names in recordedBy","Colección","M.M.M. & D.A.J.L.","N.M.M."
"1522","HEM2025_1522","PreservedSpecimen","Coleccion",NA,"UNICACH","SPECIES","HEM","M.M.M. | N.M.M. | R.J.R.V. | E.C.N.","4511","N.M.M.","E","HEM2025",1,"Trichomanes capillaceum",15.0955,-92.1390555555556,"2014-06-20","change1: Filled coordinateUncertaintyInMeters from decimal-place precision (conservative). | epi_taxo: acceptedName(match1); authorship_epig(match1); genus_from_scientificName; family_WFO; order_majorGroup_WCVP [2026-03-11] | CoordinateCleaner QA applied without sea test (validity, equal, zeros, capitals, centroids, gbif, institutions) [2026-03-29]","standardized authors names in recordedBy","Colección","M.M.M. & N.M.M. & R.J.R.V. & E.C.N.","N.M.M."
"1523","HEM2025_1523","PreservedSpecimen","Coleccion",NA,"UNICACH","SPECIES","HEM","Perez-Farrera, M.A.","632","Perez-Farrera, M.A.","E","HEM2025",1,"Trichomanes capillaceum",16.3166666666667,-93.6166666666667,"1995-07-18","change1: Filled coordinateUncertaintyInMeters from decimal-place precision (conservative). | epi_taxo: acceptedName(match1); authorship_epig(match1); genus_from_scientificName; family_WFO; order_majorGroup_WCVP [2026-03-11] | CoordinateCleaner QA applied without sea test (validity, equal, zeros, capitals, centroids, gbif, institutions) [2026-03-29]","standardized authors names in recordedBy / standardized authors names in identifiedBy","Colección","M.A. Pérez-Farrera","M.A. Pérez-Farrera"
"1524","HEM2025_1524","PreservedSpecimen","Coleccion",NA,"UNICACH","SPECIES","HEM","M.E.L.M.","121","M.E.L.M.","E","HEM2025",1,"Trichomanes capillaceum",15.6638888888889,-92.8202777777778,"1998-02-25","change1: Filled coordinateUncertaintyInMeters from decimal-place precision (conservative). | epi_taxo: acceptedName(match1); authorship_epig(match1); genus_from_scientificName; family_WFO; order_majorGroup_WCVP [2026-03-11] | CoordinateCleaner QA applied without sea test (validity, equal, zeros, capitals, centroids, gbif, institutions) [2026-03-29]","","Colección","M.E.L.M.","M.E.L.M."
"1525","HEM2025_1525","PreservedSpecimen","Coleccion",NA,"UNICACH","SPECIES","HEM","Perez-Farrera, M.A.","2976","M.E.L.M.","E","HEM2025",1,"Trichomanes collariatum",16.8169444444444,-93.2969444444444,"2006-04-15","change1: Filled coordinateUncertaintyInMeters from decimal-place precision (conservative). | epi_taxo: acceptedName(match1); authorship_epig(match1); genus_from_scientificName; family_WFO; order_majorGroup_WCVP [2026-03-11] | CoordinateCleaner QA applied without sea test (validity, equal, zeros, capitals, centroids, gbif, institutions) [2026-03-29]","standardized authors names in recordedBy","Colección","M.A. Pérez-Farrera","M.E.L.M."
"1526","HEM2025_1526","PreservedSpecimen","Coleccion",NA,"UNICACH","SPECIES","HEM","Perez-Farrera, M.A.","2976","M.E.L.M.","E","HEM2025",1,"Trichomanes collariatum",16.8169444444444,-93.2969444444444,"2006-04-15","change1: Filled coordinateUncertaintyInMeters from decimal-place precision (conservative). | epi_taxo: acceptedName(match1); authorship_epig(match1); genus_from_scientificName; family_WFO; order_majorGroup_WCVP [2026-03-11] | CoordinateCleaner QA applied without sea test (validity, equal, zeros, capitals, centroids, gbif, institutions) [2026-03-29]","standardized authors names in recordedBy","Colección","M.A. Pérez-Farrera","M.E.L.M."
"1527","HEM2025_1527","PreservedSpecimen","Coleccion",NA,"UNICACH","SPECIES","HEM","N.M.M. | M.M.M. | R.V.H.","4056","N.M.M.","E","HEM2025",1,"Trichomanes collariatum",15.1156388888889,-92.1520277777778,"2015-03-13","change1: Filled coordinateUncertaintyInMeters from decimal-place precision (conservative). | epi_taxo: acceptedName(match1); authorship_epig(match1); genus_from_scientificName; family_WFO; order_majorGroup_WCVP [2026-03-11] | CoordinateCleaner QA applied without sea test (validity, equal, zeros, capitals, centroids, gbif, institutions) [2026-03-29]","standardized authors names in recordedBy","Colección","N.M.M. & M.M.M. & R.V.H.","N.M.M."
"1528","HEM2025_1528","PreservedSpecimen","Coleccion",NA,"UNICACH","SPECIES","HEM","H.M.C.","13","E.V.M.","E","HEM2025",1,"Trichomanes diaphanum",15.9802777777778,-93.4677777777778,"2002-10-12","change1: Filled coordinateUncertaintyInMeters from decimal-place precision (conservative). | epi_taxo: acceptedName(match1); authorship_epig(match1); genus_from_scientificName; family_WFO; order_majorGroup_WCVP [2026-03-11] | CoordinateCleaner QA applied without sea test (validity, equal, zeros, capitals, centroids, gbif, institutions) [2026-03-29]","","Colección","H.M.C.","E.V.M."
"1529","HEM2025_1529","PreservedSpecimen","Coleccion",NA,"UNICACH","SPECIES","HEM","Perez-Farrera, M.A.","638","Perez-Farrera, M.A.","E","HEM2025",1,"Trichomanes diaphanum",16.3166666666667,-93.6166666666667,"1995-07-18","change1: Filled coordinateUncertaintyInMeters from decimal-place precision (conservative). | epi_taxo: acceptedName(match1); authorship_epig(match1); genus_from_scientificName; family_WFO; order_majorGroup_WCVP [2026-03-11] | CoordinateCleaner QA applied without sea test (validity, equal, zeros, capitals, centroids, gbif, institutions) [2026-03-29]","standardized authors names in recordedBy / standardized authors names in identifiedBy","Colección","M.A. Pérez-Farrera","M.A. Pérez-Farrera"
"1530","HEM2025_1530","PreservedSpecimen","Coleccion",NA,"UNICACH","SPECIES","HEM","Perez-Farrera, M.A.","637","Perez-Farrera, M.A.","E","HEM2025",1,"Trichomanes diaphanum",16.3166666666667,-93.6166666666667,"1995-07-18","change1: Filled coordinateUncertaintyInMeters from decimal-place precision (conservative). | epi_taxo: acceptedName(match1); authorship_epig(match1); genus_from_scientificName; family_WFO; order_majorGroup_WCVP [2026-03-11] | CoordinateCleaner QA applied without sea test (validity, equal, zeros, capitals, centroids, gbif, institutions) [2026-03-29]","standardized authors names in recordedBy / standardized authors names in identifiedBy","Colección","M.A. Pérez-Farrera","M.A. Pérez-Farrera"
"1531","HEM2025_1531","PreservedSpecimen","Coleccion",NA,"UNICACH","SPECIES","HEM","H.M.C.","14","M.E.L.M.","E","HEM2025",1,"Trichomanes krausii",15.9802777777778,-93.4677777777778,"2002-10-12","change1: Filled coordinateUncertaintyInMeters from decimal-place precision (conservative). | epi_taxo: acceptedName(match1); authorship_epig(match1); genus_from_scientificName; family_WFO; order_majorGroup_WCVP [2026-03-11] | CoordinateCleaner QA applied without sea test (validity, equal, zeros, capitals, centroids, gbif, institutions) [2026-03-29]","","Colección","H.M.C.","M.E.L.M."
"1532","HEM2025_1532","PreservedSpecimen","Coleccion",NA,"UNICACH","SPECIES","HEM","D.D.O.","2","Najarro, F.H.","E","HEM2025",1,"Trichomanes pinnatum",17.0294444444444,-93.5233333333333,"2002-08-24","change1: Filled coordinateUncertaintyInMeters from decimal-place precision (conservative). | epi_taxo: acceptedName(match1); authorship_epig(match1); genus_from_scientificName; family_WFO; order_majorGroup_WCVP [2026-03-11] | CoordinateCleaner QA applied without sea test (validity, equal, zeros, capitals, centroids, gbif, institutions) [2026-03-29]","standardized authors names in identifiedBy","Colección","D.D.O.","F.H. Najarro"
"1533","HEM2025_1533","PreservedSpecimen","Coleccion",NA,"UNICACH","SPECIES","HEM","D.D.O.","2","Najarro, F.H.","E","HEM2025",1,"Trichomanes pinnatum",17.0294444444444,-93.5233333333333,"2002-08-24","change1: Filled coordinateUncertaintyInMeters from decimal-place precision (conservative). | epi_taxo: acceptedName(match1); authorship_epig(match1); genus_from_scientificName; family_WFO; order_majorGroup_WCVP [2026-03-11] | CoordinateCleaner QA applied without sea test (validity, equal, zeros, capitals, centroids, gbif, institutions) [2026-03-29]","standardized authors names in identifiedBy","Colección","D.D.O.","F.H. Najarro"
"1534","HEM2025_1534","PreservedSpecimen","Coleccion",NA,"UNICACH","SPECIES","HEM","M.E.L.M.","253","M.E.L.M.","E","HEM2025",1,"Trichomanes pyxidiferum",15.7991666666667,-93.05,"1999-03-16","change1: Filled coordinateUncertaintyInMeters from decimal-place precision (conservative). | epi_taxo: acceptedName(match1); authorship_epig(match1); genus_from_scientificName; family_WFO; order_majorGroup_WCVP [2026-03-11] | CoordinateCleaner QA applied without sea test (validity, equal, zeros, capitals, centroids, gbif, institutions) [2026-03-29]","","Colección","M.E.L.M.","M.E.L.M."
"1535","HEM2025_1535","PreservedSpecimen","Coleccion",NA,"UNICACH","SPECIES","HEM","Perez-Farrera, M.A.","549","Perez-Farrera, M.A.","E","HEM2025",1,"Trichomanes pyxidiferum",15.9416666666667,-93.2916666666667,"1995-07-11","change1: Filled coordinateUncertaintyInMeters from decimal-place precision (conservative). | epi_taxo: acceptedName(match1); authorship_epig(match1); genus_from_scientificName; family_WFO; order_majorGroup_WCVP [2026-03-11] | CoordinateCleaner QA applied without sea test (validity, equal, zeros, capitals, centroids, gbif, institutions) [2026-03-29]","standardized authors names in recordedBy / standardized authors names in identifiedBy","Colección","M.A. Pérez-Farrera","M.A. Pérez-Farrera"
"1536","HEM2025_1536","PreservedSpecimen","Coleccion",NA,"UNICACH","SPECIES","HEM","Perez-Farrera, M.A.","329","Perez-Farrera, M.A.","E","HEM2025",1,"Trichomanes pyxidiferum",16.1944444444444,-93.6083333333333,"1995-05-23","change1: Filled coordinateUncertaintyInMeters from decimal-place precision (conservative). | epi_taxo: acceptedName(match1); authorship_epig(match1); genus_from_scientificName; family_WFO; order_majorGroup_WCVP [2026-03-11] | CoordinateCleaner QA applied without sea test (validity, equal, zeros, capitals, centroids, gbif, institutions) [2026-03-29]","standardized authors names in recordedBy / standardized authors names in identifiedBy","Colección","M.A. Pérez-Farrera","M.A. Pérez-Farrera"
"1537","HEM2025_1537","PreservedSpecimen","Coleccion",NA,"UNICACH","SPECIES","HEM","Perez-Farrera, M.A.","336","Perez-Farrera, M.A.","E","HEM2025",1,"Trichomanes pyxidiferum",16.1944444444444,-93.6083333333333,"1995-05-23","change1: Filled coordinateUncertaintyInMeters from decimal-place precision (conservative). | epi_taxo: acceptedName(match1); authorship_epig(match1); genus_from_scientificName; family_WFO; order_majorGroup_WCVP [2026-03-11] | CoordinateCleaner QA applied without sea test (validity, equal, zeros, capitals, centroids, gbif, institutions) [2026-03-29]","standardized authors names in recordedBy / standardized authors names in identifiedBy","Colección","M.A. Pérez-Farrera","M.A. Pérez-Farrera"
"1538","HEM2025_1538","PreservedSpecimen","Coleccion",NA,"UNICACH","SPECIES","HEM","T.B.C.","47177","L.P.","E","HEM2025",1,"Trichomanes radicans",15.0925,-92.1244444444444,"1979-02-10","change1: Filled coordinateUncertaintyInMeters from decimal-place precision (conservative). | epi_taxo: acceptedName(match1); authorship_epig(match1); genus_from_scientificName; family_WFO; order_majorGroup_WCVP [2026-03-11] | CoordinateCleaner QA applied without sea test (validity, equal, zeros, capitals, centroids, gbif, institutions) [2026-03-29]","","Colección","T.B.C.","L.P."
"1539","HEM2025_1539","PreservedSpecimen","Coleccion",NA,"UNICACH","SPECIES","HEM","F.E.P.C.","212","Perez-Farrera, M.A.","E","HEM2025",1,"Trichomanes radicans",15.9416666666667,-93.2916666666667,"1999-05-28","change1: Filled coordinateUncertaintyInMeters from decimal-place precision (conservative). | epi_taxo: acceptedName(match1); authorship_epig(match1); genus_from_scientificName; family_WFO; order_majorGroup_WCVP [2026-03-11] | CoordinateCleaner QA applied without sea test (validity, equal, zeros, capitals, centroids, gbif, institutions) [2026-03-29]","standardized authors names in identifiedBy","Colección","F.E.P.C.","M.A. Pérez-Farrera"
"1540","HEM2025_1540","PreservedSpecimen","Coleccion",NA,"UNICACH","SPECIES","HEM","M.E.L.M.","251","M.E.L.M.","E","HEM2025",1,"Trichomanes radicans",15.8166666666667,-93.0744444444444,"1999-03-16","change1: Filled coordinateUncertaintyInMeters from decimal-place precision (conservative). | epi_taxo: acceptedName(match1); authorship_epig(match1); genus_from_scientificName; family_WFO; order_majorGroup_WCVP [2026-03-11] | CoordinateCleaner QA applied without sea test (validity, equal, zeros, capitals, centroids, gbif, institutions) [2026-03-29]","","Colección","M.E.L.M.","M.E.L.M."
"1541","HEM2025_1541","PreservedSpecimen","Coleccion",NA,"UNICACH","SPECIES","HEM","E.M.S. | A.M.G. | G.U. | M.R.","19589","L.P.","E","HEM2025",1,"Trichomanes radicans",15.1275,-92.1108333333333,"1987-02-06","change1: Filled coordinateUncertaintyInMeters from decimal-place precision (conservative). | epi_taxo: acceptedName(match1); authorship_epig(match1); genus_from_scientificName; family_WFO; order_majorGroup_WCVP [2026-03-11] | CoordinateCleaner QA applied without sea test (validity, equal, zeros, capitals, centroids, gbif, institutions) [2026-03-29]","standardized authors names in recordedBy","Colección","E.M.S. & A.M.G. & G.U. & M.R.","L.P."
"1542","HEM2025_1542","PreservedSpecimen","Coleccion",NA,"UNICACH","SPECIES","HEM","Perez-Farrera, M.A.","1639-bis2","M.E.L.M.","E","HEM2025",1,"Trichomanes radicans",17.1827777777778,-92.43,"1998-04-16","change1: Filled coordinateUncertaintyInMeters from decimal-place precision (conservative). | epi_taxo: acceptedName(match1); authorship_epig(match1); genus_from_scientificName; family_WFO; order_majorGroup_WCVP [2026-03-11] | CoordinateCleaner QA applied without sea test (validity, equal, zeros, capitals, centroids, gbif, institutions) [2026-03-29]","standardized authors names in recordedBy","Colección","M.A. Pérez-Farrera","M.E.L.M."
"1543","HEM2025_1543","PreservedSpecimen","Coleccion",NA,"UNICACH","SPECIES","HEM","J.M.M.","1287","M.E.L.M.","E","HEM2025",1,"Trichomanes radicans",16.2145277777778,-93.7202777777778,"2006-05-03","change1: Filled coordinateUncertaintyInMeters from decimal-place precision (conservative). | epi_taxo: acceptedName(match1); authorship_epig(match1); genus_from_scientificName; family_WFO; order_majorGroup_WCVP [2026-03-11] | CoordinateCleaner QA applied without sea test (validity, equal, zeros, capitals, centroids, gbif, institutions) [2026-03-29]","","Colección","J.M.M.","M.E.L.M."
"1544","HEM2025_1544","PreservedSpecimen","Coleccion",NA,"UNICACH","SPECIES","HEM","A.M.","9672","G.L.V.","E","HEM2025",1,"Trichomanes radicans",15.6638888888889,-92.8202777777778,"1991-06-10","change1: Filled coordinateUncertaintyInMeters from decimal-place precision (conservative). | epi_taxo: acceptedName(match1); authorship_epig(match1); genus_from_scientificName; family_WFO; order_majorGroup_WCVP [2026-03-11] | CoordinateCleaner QA applied without sea test (validity, equal, zeros, capitals, centroids, gbif, institutions) [2026-03-29]","","Colección","A.M.","G.L.V."
"1545","HEM2025_1545","PreservedSpecimen","Coleccion",NA,"UNICACH","SPECIES","HEM","Perez-Farrera, M.A.","952","A.R.S.","E","HEM2025",1,"Trichomanes radicans",15.425,-92.6333333333333,"1996-07-25","change1: Filled coordinateUncertaintyInMeters from decimal-place precision (conservative). | epi_taxo: acceptedName(match1); authorship_epig(match1); genus_from_scientificName; family_WFO; order_majorGroup_WCVP [2026-03-11] | CoordinateCleaner QA applied without sea test (validity, equal, zeros, capitals, centroids, gbif, institutions) [2026-03-29]","standardized authors names in recordedBy","Colección","M.A. Pérez-Farrera","A.R.S."
"1546","HEM2025_1546","PreservedSpecimen","Coleccion",NA,"UNICACH","SPECIES","HEM","M.M.M. | D.A.J.L.","3519","N.M.M.","E","HEM2025",1,"Trichomanes radicans",15.1512777777778,-92.1338888888889,"2014-01-17","change1: Filled coordinateUncertaintyInMeters from decimal-place precision (conservative). | epi_taxo: acceptedName(match1); authorship_epig(match1); genus_from_scientificName; family_WFO; order_majorGroup_WCVP [2026-03-11] | CoordinateCleaner QA applied without sea test (validity, equal, zeros, capitals, centroids, gbif, institutions) [2026-03-29]","standardized authors names in recordedBy","Colección","M.M.M. & D.A.J.L.","N.M.M."
"1547","HEM2025_1547","PreservedSpecimen","Coleccion",NA,"UNICACH","SPECIES","HEM","M.M.M. | N.M.M. | R.J.R.V. | E.C.N.","4482","N.M.M.","E","HEM2025",1,"Trichomanes radicans",15.0955,-92.1390555555556,"2014-06-20","change1: Filled coordinateUncertaintyInMeters from decimal-place precision (conservative). | epi_taxo: acceptedName(match1); authorship_epig(match1); genus_from_scientificName; family_WFO; order_majorGroup_WCVP [2026-03-11] | CoordinateCleaner QA applied without sea test (validity, equal, zeros, capitals, centroids, gbif, institutions) [2026-03-29]","standardized authors names in recordedBy","Colección","M.M.M. & N.M.M. & R.J.R.V. & E.C.N.","N.M.M."
"1548","HEM2025_1548","PreservedSpecimen","Coleccion",NA,"UNICACH","SPECIES","HEM","N.M.M. | M.M.M. | E.C.N.","3957","N.M.M. | Camilo, R.M.","E","HEM2025",1,"Trichomanes radicans",15.1032777777778,-92.1645555555556,"2015-03-10","change1: Filled coordinateUncertaintyInMeters from decimal-place precision (conservative). | epi_taxo: acceptedName(match1); authorship_epig(match1); genus_from_scientificName; family_WFO; order_majorGroup_WCVP [2026-03-11] | CoordinateCleaner QA applied without sea test (validity, equal, zeros, capitals, centroids, gbif, institutions) [2026-03-29]","standardized authors names in recordedBy / standardized authors names in identifiedBy","Colección","N.M.M. & M.M.M. & E.C.N.","N.M.M. & R.M. Camilo"
"1549","HEM2025_1549","PreservedSpecimen","Coleccion",NA,"UNICACH","SPECIES","HEM","M.M.M. | D.A.J.L. | R.J.R.V.","5632","N.M.M.","E","HEM2025",1,"Trichomanes radicans",15.0997777777778,-92.1679444444444,"2015-03-27","change1: Filled coordinateUncertaintyInMeters from decimal-place precision (conservative). | epi_taxo: acceptedName(match1); authorship_epig(match1); genus_from_scientificName; family_WFO; order_majorGroup_WCVP [2026-03-11] | CoordinateCleaner QA applied without sea test (validity, equal, zeros, capitals, centroids, gbif, institutions) [2026-03-29]","standardized authors names in recordedBy","Colección","M.M.M. & D.A.J.L. & R.J.R.V.","N.M.M."
"1550","HEM2025_1550","PreservedSpecimen","Coleccion",NA,"UNICACH","SPECIES","HEM","M.E.L.M.","91","M.E.L.M.","E","HEM2025",1,"Trichomanes radicans",15.6333333333333,-92.8333333333333,"1998-02-24","change1: Filled coordinateUncertaintyInMeters from decimal-place precision (conservative). | epi_taxo: acceptedName(match1); authorship_epig(match1); genus_from_scientificName; family_WFO; order_majorGroup_WCVP [2026-03-11] | CoordinateCleaner QA applied without sea test (validity, equal, zeros, capitals, centroids, gbif, institutions) [2026-03-29]","","Colección","M.E.L.M.","M.E.L.M."
"1551","HEM2025_1551","PreservedSpecimen","Coleccion",NA,"UNICACH","SPECIES","HEM","M.R.O.","79","Perez-Farrera, M.A.","E","HEM2025",1,"Trichomanes radicans",15.4805555555556,-92.6055555555556,"1999-01-27","change1: Filled coordinateUncertaintyInMeters from decimal-place precision (conservative). | epi_taxo: acceptedName(match1); authorship_epig(match1); genus_from_scientificName; family_WFO; order_majorGroup_WCVP [2026-03-11] | CoordinateCleaner QA applied without sea test (validity, equal, zeros, capitals, centroids, gbif, institutions) [2026-03-29]","standardized authors names in identifiedBy","Colección","M.R.O.","M.A. Pérez-Farrera"
"1552","HEM2025_1552","PreservedSpecimen","Coleccion",NA,"UNICACH","SPECIES","HEM","M.E.L.M.","152","M.E.L.M.","E","HEM2025",1,"Trichomanes radicans",15.6441666666667,-92.8275,"1998-03-02","change1: Filled coordinateUncertaintyInMeters from decimal-place precision (conservative). | epi_taxo: acceptedName(match1); authorship_epig(match1); genus_from_scientificName; family_WFO; order_majorGroup_WCVP [2026-03-11] | CoordinateCleaner QA applied without sea test (validity, equal, zeros, capitals, centroids, gbif, institutions) [2026-03-29]","","Colección","M.E.L.M.","M.E.L.M."
"1553","HEM2025_1553","PreservedSpecimen","Coleccion",NA,"UNICACH","SPECIES","HEM","M.E.L.M.","110","M.E.L.M.","E","HEM2025",1,"Trichomanes radicans",15.6638888888889,-92.8202777777778,"1998-02-25","change1: Filled coordinateUncertaintyInMeters from decimal-place precision (conservative). | epi_taxo: acceptedName(match1); authorship_epig(match1); genus_from_scientificName; family_WFO; order_majorGroup_WCVP [2026-03-11] | CoordinateCleaner QA applied without sea test (validity, equal, zeros, capitals, centroids, gbif, institutions) [2026-03-29]","","Colección","M.E.L.M.","M.E.L.M."
"1554","HEM2025_1554","PreservedSpecimen","Coleccion",NA,"UNICACH","SPECIES","HEM","M.E.L.M.","138","M.E.L.M.","E","HEM2025",1,"Trichomanes radicans",15.6941666666667,-92.7941666666667,"1998-02-28","change1: Filled coordinateUncertaintyInMeters from decimal-place precision (conservative). | epi_taxo: acceptedName(match1); authorship_epig(match1); genus_from_scientificName; family_WFO; order_majorGroup_WCVP [2026-03-11] | CoordinateCleaner QA applied without sea test (validity, equal, zeros, capitals, centroids, gbif, institutions) [2026-03-29]","","Colección","M.E.L.M.","M.E.L.M."
"1555","HEM2025_1555","PreservedSpecimen","Coleccion",NA,"UNICACH","SPECIES","HEM","H.G.D.","879","Perez-Farrera, M.A.","E","HEM2025",1,"Trichomanes reptans",15.6358611111111,-92.6445,"2005-01-15","change1: Filled coordinateUncertaintyInMeters from decimal-place precision (conservative). | epi_taxo: acceptedName(match1); authorship_epig(match1); genus_from_scientificName; family_WFO; order_majorGroup_WCVP [2026-03-11] | CoordinateCleaner QA applied without sea test (validity, equal, zeros, capitals, centroids, gbif, institutions) [2026-03-29]","standardized authors names in identifiedBy","Colección","H.G.D.","M.A. Pérez-Farrera"
"1556","HEM2025_1556","PreservedSpecimen","Coleccion",NA,"UNICACH","SPECIES","HEM","Perez-Farrera, M.A.","333","Perez-Farrera, M.A.","E","HEM2025",1,"Trichomanes reptans",16.1944444444444,-93.6083333333333,"1995-05-23","change1: Filled coordinateUncertaintyInMeters from decimal-place precision (conservative). | epi_taxo: acceptedName(match1); authorship_epig(match1); genus_from_scientificName; family_WFO; order_majorGroup_WCVP [2026-03-11] | CoordinateCleaner QA applied without sea test (validity, equal, zeros, capitals, centroids, gbif, institutions) [2026-03-29]","standardized authors names in recordedBy / standardized authors names in identifiedBy","Colección","M.A. Pérez-Farrera","M.A. Pérez-Farrera"
"1557","HEM2025_1557","PreservedSpecimen","Coleccion",NA,"UNICACH","SPECIES","HEM","Perez-Farrera, M.A.","1259","M.E.L.M.","E","HEM2025",1,"Trichomanes reptans",16.1944444444444,-93.5083333333333,"1996-10-02","change1: Filled coordinateUncertaintyInMeters from decimal-place precision (conservative). | epi_taxo: acceptedName(match1); authorship_epig(match1); genus_from_scientificName; family_WFO; order_majorGroup_WCVP [2026-03-11] | CoordinateCleaner QA applied without sea test (validity, equal, zeros, capitals, centroids, gbif, institutions) [2026-03-29]","standardized authors names in recordedBy","Colección","M.A. Pérez-Farrera","M.E.L.M."
"1558","HEM2025_1558","PreservedSpecimen","Coleccion",NA,"UNICACH","SPECIES","HEM","Perez-Farrera, M.A.","1254","M.E.L.M.","E","HEM2025",1,"Trichomanes reptans",16.1944444444444,-93.5083333333333,"1996-10-01","change1: Filled coordinateUncertaintyInMeters from decimal-place precision (conservative). | epi_taxo: acceptedName(match1); authorship_epig(match1); genus_from_scientificName; family_WFO; order_majorGroup_WCVP [2026-03-11] | CoordinateCleaner QA applied without sea test (validity, equal, zeros, capitals, centroids, gbif, institutions) [2026-03-29]","standardized authors names in recordedBy","Colección","M.A. Pérez-Farrera","M.E.L.M."
"1559","HEM2025_1559","PreservedSpecimen","Coleccion",NA,"UNICACH","SPECIES","HEM","Perez-Farrera, M.A.","550","Perez-Farrera, M.A.","E","HEM2025",1,"Trichomanes reptans",15.9416666666667,-93.2916666666667,"1995-06-11","change1: Filled coordinateUncertaintyInMeters from decimal-place precision (conservative). | epi_taxo: acceptedName(match1); authorship_epig(match1); genus_from_scientificName; family_WFO; order_majorGroup_WCVP [2026-03-11] | CoordinateCleaner QA applied without sea test (validity, equal, zeros, capitals, centroids, gbif, institutions) [2026-03-29]","standardized authors names in recordedBy / standardized authors names in identifiedBy","Colección","M.A. Pérez-Farrera","M.A. Pérez-Farrera"
"1560","HEM2025_1560","PreservedSpecimen","Coleccion",NA,"UNICACH","SPECIES","HEM","M.E.L.M.","611","M.E.L.M.","E","HEM2025",1,"Trichomanes reptans",15.6966666666667,-92.9888888888889,"1999-04-15","change1: Filled coordinateUncertaintyInMeters from decimal-place precision (conservative). | epi_taxo: acceptedName(match1); authorship_epig(match1); genus_from_scientificName; family_WFO; order_majorGroup_WCVP [2026-03-11] | CoordinateCleaner QA applied without sea test (validity, equal, zeros, capitals, centroids, gbif, institutions) [2026-03-29]","","Colección","M.E.L.M.","M.E.L.M."
"1561","HEM2025_1561","PreservedSpecimen","Coleccion",NA,"UNICACH","SPECIES","HEM","H.G.D.","918","Perez-Farrera, M.A.","E","HEM2025",1,"Trichomanes reptans",15.6641666666667,-92.8136111111111,"2004-11-11","change1: Filled coordinateUncertaintyInMeters from decimal-place precision (conservative). | epi_taxo: acceptedName(match1); authorship_epig(match1); genus_from_scientificName; family_WFO; order_majorGroup_WCVP [2026-03-11] | CoordinateCleaner QA applied without sea test (validity, equal, zeros, capitals, centroids, gbif, institutions) [2026-03-29]","standardized authors names in identifiedBy","Colección","H.G.D.","M.A. Pérez-Farrera"
"1562","HEM2025_1562","PreservedSpecimen","Coleccion",NA,"UNICACH","SPECIES","HEM","M.M.M. | M.C.R.M.","5389","N.M.M.","E","HEM2025",1,"Trichomanes reptans",15.0995277777778,-92.1861111111111,"2014-09-23","change1: Filled coordinateUncertaintyInMeters from decimal-place precision (conservative). | epi_taxo: acceptedName(match1); authorship_epig(match1); genus_from_scientificName; family_WFO; order_majorGroup_WCVP [2026-03-11] | CoordinateCleaner QA applied without sea test (validity, equal, zeros, capitals, centroids, gbif, institutions) [2026-03-29]","standardized authors names in recordedBy","Colección","M.M.M. & M.C.R.M.","N.M.M."
"1563","HEM2025_1563","PreservedSpecimen","Coleccion",NA,"UNICACH","SPECIES","HEM","Perez-Farrera, M.A.","450","Perez-Farrera, M.A.","E","HEM2025",1,"Trichomanes reptans",16.3416666666667,-93.7083333333333,"1995-05-25","change1: Filled coordinateUncertaintyInMeters from decimal-place precision (conservative). | epi_taxo: acceptedName(match1); authorship_epig(match1); genus_from_scientificName; family_WFO; order_majorGroup_WCVP [2026-03-11] | CoordinateCleaner QA applied without sea test (validity, equal, zeros, capitals, centroids, gbif, institutions) [2026-03-29]","standardized authors names in recordedBy / standardized authors names in identifiedBy","Colección","M.A. Pérez-Farrera","M.A. Pérez-Farrera"
"1564","HEM2025_1564","PreservedSpecimen","Coleccion",NA,"UNICACH","SPECIES","HEM","Najarro, F.H. | U.G.M.","909","O.F.S.","HE","HEM2025",1,"Pinguicula moranensis",16.0063888888889,-93.4205555555556,"2002-06-29","change1: Filled coordinateUncertaintyInMeters from decimal-place precision (conservative). | epi_taxo: acceptedName(match1); authorship_epig(match1); genus_from_scientificName; family_WFO; order_majorGroup_WCVP [2026-03-11] | CoordinateCleaner QA applied without sea test (validity, equal, zeros, capitals, centroids, gbif, institutions) [2026-03-29]","standardized authors names in recordedBy","Colección","F.H. Najarro & U.G.M.","O.F.S."
"1565","HEM2025_1565","PreservedSpecimen","Coleccion",NA,"UNICACH","SPECIES","HEM","O.F.S.","3857","Najarro, F.H.","E","HEM2025",3,"Huperzia acerosa",15.0891666666667,-92.0961111111111,"2005-06-22","change1: Filled coordinateUncertaintyInMeters from decimal-place precision (conservative). | epi_taxo: acceptedName(match1); authorship_epig(match1); genus_from_scientificName; family_WFO; order_majorGroup_WCVP [2026-03-11] | CoordinateCleaner QA applied without sea test (validity, equal, zeros, capitals, centroids, gbif, institutions) [2026-03-29]","standardized authors names in identifiedBy","Colección","O.F.S.","F.H. Najarro"
"1566","HEM2025_1566","PreservedSpecimen","Coleccion",NA,"UNICACH","FORM","HEM","F.E.P.C. | P.C.","98","Perez-Farrera, M.A.","E","HEM2025",1,"Huperzia cuernavacensis",15.4805555555556,-92.6055555555556,"1999-01-27","change1: Corrected taxonRank (SPECIES→FORM); kept scientificName as-is. | change2: Filled coordinateUncertaintyInMeters from decimal-place precision (conservative). | epi_taxo: acceptedName(match1); authorship_epig(match1); genus_from_scientificName; family_WFO; order_majorGroup_WCVP [2026-03-11] | CoordinateCleaner QA applied without sea test (validity, equal, zeros, capitals, centroids, gbif, institutions) [2026-03-29]","standardized authors names in recordedBy / standardized authors names in identifiedBy","Colección","F.E.P.C. & P.C.","M.A. Pérez-Farrera"
"1567","HEM2025_1567","PreservedSpecimen","Coleccion",NA,"UNICACH","SPECIES","HEM","N.D.","ND","M.E.L.M.","E","HEM2025",1,"Huperzia linifolia",16.8169444444444,-93.2969444444444,"","change1: Filled coordinateUncertaintyInMeters from decimal-place precision (conservative). | epi_taxo: acceptedName(match1); authorship_epig(match1); genus_from_scientificName; family_WFO; order_majorGroup_WCVP [2026-03-11] | CoordinateCleaner QA applied without sea test (validity, equal, zeros, capitals, centroids, gbif, institutions) [2026-03-29]","standardized authors names in recordedBy","Colección","ND","M.E.L.M."
"1568","HEM2025_1568","PreservedSpecimen","Coleccion",NA,"UNICACH","SPECIES","HEM","N.D.","ND","M.E.L.M.","E","HEM2025",1,"Huperzia linifolia",16.8169444444444,-93.2969444444444,"","change1: Filled coordinateUncertaintyInMeters from decimal-place precision (conservative). | epi_taxo: acceptedName(match1); authorship_epig(match1); genus_from_scientificName; family_WFO; order_majorGroup_WCVP [2026-03-11] | CoordinateCleaner QA applied without sea test (validity, equal, zeros, capitals, centroids, gbif, institutions) [2026-03-29]","standardized authors names in recordedBy","Colección","ND","M.E.L.M."
"1569","HEM2025_1569","PreservedSpecimen","Coleccion",NA,"UNICACH","SPECIES","HEM","M.M.M. | M.C.R.M.","5395","N.M.M.","E","HEM2025",1,"Huperzia linifolia",15.0995277777778,-92.1861111111111,"2014-09-23","change1: Filled coordinateUncertaintyInMeters from decimal-place precision (conservative). | epi_taxo: acceptedName(match1); authorship_epig(match1); genus_from_scientificName; family_WFO; order_majorGroup_WCVP [2026-03-11] | CoordinateCleaner QA applied without sea test (validity, equal, zeros, capitals, centroids, gbif, institutions) [2026-03-29]","standardized authors names in recordedBy","Colección","M.M.M. & M.C.R.M.","N.M.M."
"1570","HEM2025_1570","PreservedSpecimen","Coleccion",NA,"UNICACH","SPECIES","HEM","M.M.M. | M.D.E.M.","696","N.M.M. | J.M.M.","E","HEM2025",1,"Huperzia myrsinites",15.2601388888889,-92.2172777777778,"2013-02-08","change1: Filled coordinateUncertaintyInMeters from decimal-place precision (conservative). | epi_taxo: acceptedName(match1); authorship_epig(match1); genus_from_scientificName; family_WFO; order_majorGroup_WCVP [2026-03-11] | CoordinateCleaner QA applied without sea test (validity, equal, zeros, capitals, centroids, gbif, institutions) [2026-03-29]","standardized authors names in recordedBy / standardized authors names in identifiedBy","Colección","M.M.M. & M.D.E.M.","N.M.M. & J.M.M."
"1571","HEM2025_1571","PreservedSpecimen","Coleccion",NA,"UNICACH","SPECIES","HEM","M.M.M. | M.D.E.M.","761-BIS","Perez-Farrera, M.A.","E","HEM2025",1,"Huperzia myrsinites",15.2596666666667,-92.2186388888889,"2013-02-10","change1: Filled coordinateUncertaintyInMeters from decimal-place precision (conservative). | epi_taxo: acceptedName(match1); authorship_epig(match1); genus_from_scientificName; family_WFO; order_majorGroup_WCVP [2026-03-11] | CoordinateCleaner QA applied without sea test (validity, equal, zeros, capitals, centroids, gbif, institutions) [2026-03-29]","standardized authors names in recordedBy / standardized authors names in identifiedBy","Colección","M.M.M. & M.D.E.M.","M.A. Pérez-Farrera"
"1572","HEM2025_1572","PreservedSpecimen","Coleccion",NA,"UNICACH","SPECIES","HEM","M.M.M. | M.D.E.M.","1543","N.M.M. | J.M.M.","E","HEM2025",1,"Huperzia myrsinites",15.0990833333333,-92.0988333333333,"2013-05-02","change1: Filled coordinateUncertaintyInMeters from decimal-place precision (conservative). | epi_taxo: acceptedName(match1); authorship_epig(match1); genus_from_scientificName; family_WFO; order_majorGroup_WCVP [2026-03-11] | CoordinateCleaner QA applied without sea test (validity, equal, zeros, capitals, centroids, gbif, institutions) [2026-03-29]","standardized authors names in recordedBy / standardized authors names in identifiedBy","Colección","M.M.M. & M.D.E.M.","N.M.M. & J.M.M."
"1573","HEM2025_1573","PreservedSpecimen","Coleccion",NA,"UNICACH","SPECIES","HEM","M.M.M. | N.M.M. | R.J.R.V. | E.C.N.","4370","N.M.M.","E","HEM2025",1,"Huperzia myrsinites",15.0996666666667,-92.1376944444444,"2014-06-19","change1: Filled coordinateUncertaintyInMeters from decimal-place precision (conservative). | epi_taxo: acceptedName(match1); authorship_epig(match1); genus_from_scientificName; family_WFO; order_majorGroup_WCVP [2026-03-11] | CoordinateCleaner QA applied without sea test (validity, equal, zeros, capitals, centroids, gbif, institutions) [2026-03-29]","standardized authors names in recordedBy","Colección","M.M.M. & N.M.M. & R.J.R.V. & E.C.N.","N.M.M."
"1574","HEM2025_1574","PreservedSpecimen","Coleccion",NA,"UNICACH","SPECIES","HEM","N.M.M. | M.M.M. | R.V.H.","4067","N.M.M.","E","HEM2025",1,"Huperzia myrsinites",15.1065277777778,-92.1586388888889,"2015-03-14","change1: Filled coordinateUncertaintyInMeters from decimal-place precision (conservative). | epi_taxo: acceptedName(match1); authorship_epig(match1); genus_from_scientificName; family_WFO; order_majorGroup_WCVP [2026-03-11] | CoordinateCleaner QA applied without sea test (validity, equal, zeros, capitals, centroids, gbif, institutions) [2026-03-29]","standardized authors names in recordedBy","Colección","N.M.M. & M.M.M. & R.V.H.","N.M.M."
"1575","HEM2025_1575","PreservedSpecimen","Coleccion",NA,"UNICACH","FORM","HEM","Perez-Farrera, M.A.","1135","M.E.L.M.","E","HEM2025",1,"Huperzia orizabae",15.6638888888889,-92.8202777777778,"1996-08-11","change1: Corrected taxonRank (SPECIES→FORM); kept scientificName as-is. | change2: Filled coordinateUncertaintyInMeters from decimal-place precision (conservative). | epi_taxo: acceptedName(match1); authorship_epig(match1); genus_from_scientificName; family_WFO; order_majorGroup_WCVP [2026-03-11] | CoordinateCleaner QA applied without sea test (validity, equal, zeros, capitals, centroids, gbif, institutions) [2026-03-29]","standardized authors names in recordedBy","Colección","M.A. Pérez-Farrera","M.E.L.M."
"1576","HEM2025_1576","PreservedSpecimen","Coleccion",NA,"UNICACH","FORM","HEM","M.M.M. | M.D.E.M.","1610","Perez-Farrera, M.A.","E","HEM2025",1,"Huperzia orizabae",15.0990833333333,-92.0988333333333,"2013-05-03","change1: Corrected taxonRank (SPECIES→FORM); kept scientificName as-is. | change2: Filled coordinateUncertaintyInMeters from decimal-place precision (conservative). | epi_taxo: acceptedName(match1); authorship_epig(match1); genus_from_scientificName; family_WFO; order_majorGroup_WCVP [2026-03-11] | CoordinateCleaner QA applied without sea test (validity, equal, zeros, capitals, centroids, gbif, institutions) [2026-03-29]","standardized authors names in recordedBy / standardized authors names in identifiedBy","Colección","M.M.M. & M.D.E.M.","M.A. Pérez-Farrera"
"1577","HEM2025_1577","PreservedSpecimen","Coleccion",NA,"UNICACH","SPECIES","HEM","N.M.M.","392","Perez-Farrera, M.A.","E","HEM2025",1,"Huperzia pithyoides",15.8775,-93.2275,"2002-05-25","change1: Filled coordinateUncertaintyInMeters from decimal-place precision (conservative). | epi_taxo: acceptedName(match1); authorship_epig(match1); genus_from_scientificName; family_WFO; order_majorGroup_WCVP [2026-03-11] | CoordinateCleaner QA applied without sea test (validity, equal, zeros, capitals, centroids, gbif, institutions) [2026-03-29]","standardized authors names in identifiedBy","Colección","N.M.M.","M.A. Pérez-Farrera"
"1578","HEM2025_1578","PreservedSpecimen","Coleccion",NA,"UNICACH","GENUS","HEM","M.M.M. | M.C.R.M.","5541","N.M.M.","E","HEM2025",NA,"",15.1179722222222,-92.1553333333333,"2015-03-26","change1: Genus placeholder (sp./spp.): moved to 'genus', set taxonRank=GENUS, cleared scientificName; kept original in verbatim. | change2: Filled coordinateUncertaintyInMeters from decimal-place precision (conservative). | epi_taxo: acceptedName(match1); authorship_epig(match1); genus_from_scientificName; family_WFO; order_majorGroup_WCVP [2026-03-11] | CoordinateCleaner QA applied without sea test (validity, equal, zeros, capitals, centroids, gbif, institutions) [2026-03-29]","standardized authors names in recordedBy","Colección","M.M.M. & M.C.R.M.","N.M.M."
"1579","HEM2025_1579","PreservedSpecimen","Coleccion",NA,"UNICACH","SPECIES","HEM","M.M.M. | M.A.D.V.","993","N.M.M.","E","HEM2025",1,"Huperzia taxifolia",15.2396666666667,-92.2612222222222,"2013-03-05","change1: Filled coordinateUncertaintyInMeters from decimal-place precision (conservative). | epi_taxo: acceptedName(match1); authorship_epig(match1); genus_from_scientificName; family_WFO; order_majorGroup_WCVP [2026-03-11] | CoordinateCleaner QA applied without sea test (validity, equal, zeros, capitals, centroids, gbif, institutions) [2026-03-29]","standardized authors names in recordedBy","Colección","M.M.M. & M.A.D.V.","N.M.M."
"1580","HEM2025_1580","PreservedSpecimen","Coleccion",NA,"UNICACH","SPECIES","HEM","M.M.M. | M.C.R.M.","2932","N.M.M.","E","HEM2025",1,"Huperzia taxifolia",15.1453333333333,-92.1408333333333,"2013-12-01","change1: Filled coordinateUncertaintyInMeters from decimal-place precision (conservative). | epi_taxo: acceptedName(match1); authorship_epig(match1); genus_from_scientificName; family_WFO; order_majorGroup_WCVP [2026-03-11] | CoordinateCleaner QA applied without sea test (validity, equal, zeros, capitals, centroids, gbif, institutions) [2026-03-29]","standardized authors names in recordedBy","Colección","M.M.M. & M.C.R.M.","N.M.M."
"1581","HEM2025_1581","PreservedSpecimen","Coleccion",NA,"UNICACH","SPECIES","HEM","M.M.M. | S.H.J. | V.E.G.J.","5931","N.M.M.","E","HEM2025",1,"Huperzia taxifolia",15.2297777777778,-92.317,"2015-05-30","change1: Filled coordinateUncertaintyInMeters from decimal-place precision (conservative). | epi_taxo: acceptedName(match1); authorship_epig(match1); genus_from_scientificName; family_WFO; order_majorGroup_WCVP [2026-03-11] | CoordinateCleaner QA applied without sea test (validity, equal, zeros, capitals, centroids, gbif, institutions) [2026-03-29]","standardized authors names in recordedBy","Colección","M.M.M. & S.H.J. & V.E.G.J.","N.M.M."
"1582","HEM2025_1582","PreservedSpecimen","Coleccion",NA,"UNICACH","FORM","HEM","M.M.M. | A.L.C.","4891","N.M.M.","E","HEM2025",1,"Huperzia wilsonii",15.0976111111111,-92.168,"2014-08-16","change1: Corrected taxonRank (SPECIES→FORM); kept scientificName as-is. | change2: Filled coordinateUncertaintyInMeters from decimal-place precision (conservative). | epi_taxo: acceptedName(match1); authorship_epig(match1); genus_from_scientificName; family_WFO; order_majorGroup_WCVP [2026-03-11] | CoordinateCleaner QA applied without sea test (validity, equal, zeros, capitals, centroids, gbif, institutions) [2026-03-29]","standardized authors names in recordedBy","Colección","M.M.M. & A.L.C.","N.M.M."
"1583","HEM2025_1583","PreservedSpecimen","Coleccion",NA,"UNICACH","SPECIES","HEM","M.M.M. | D.A.J.L. | R.J.R.V.","5672","N.M.M.","E","HEM2025",1,"Lycopodiella cernua",15.0658611111111,-92.1151666666667,"2015-03-28","change1: Filled coordinateUncertaintyInMeters from decimal-place precision (conservative). | epi_taxo: acceptedName(match1); authorship_epig(match1); genus_from_scientificName; family_WFO; order_majorGroup_WCVP [2026-03-11] | CoordinateCleaner QA applied without sea test (validity, equal, zeros, capitals, centroids, gbif, institutions) [2026-03-29]","standardized authors names in recordedBy","Colección","M.M.M. & D.A.J.L. & R.J.R.V.","N.M.M."
"1584","HEM2025_1584","PreservedSpecimen","Coleccion",NA,"UNICACH","SPECIES","HEM","H.P.U.","15","Perez-Farrera, M.A.","E","HEM2025",3,"Huperzia carinata",16.2561111111111,-92.1213888888889,"1986-05-24","change1: Filled coordinateUncertaintyInMeters from decimal-place precision (conservative). | epi_taxo: acceptedName(match1); authorship_epig(match1); genus_from_scientificName; family_WFO; order_majorGroup_WCVP [2026-03-11] | CoordinateCleaner QA applied without sea test (validity, equal, zeros, capitals, centroids, gbif, institutions) [2026-03-29]","standardized authors names in identifiedBy","Colección","H.P.U.","M.A. Pérez-Farrera"
"1585","HEM2025_1585","PreservedSpecimen","Coleccion",NA,"UNICACH","SPECIES","HEM","H.P.U.","15","Perez-Farrera, M.A.","E","HEM2025",3,"Huperzia carinata",16.2561111111111,-92.1213888888889,"1986-05-24","change1: Filled coordinateUncertaintyInMeters from decimal-place precision (conservative). | epi_taxo: acceptedName(match1); authorship_epig(match1); genus_from_scientificName; family_WFO; order_majorGroup_WCVP [2026-03-11] | CoordinateCleaner QA applied without sea test (validity, equal, zeros, capitals, centroids, gbif, institutions) [2026-03-29]","standardized authors names in identifiedBy","Colección","H.P.U.","M.A. Pérez-Farrera"
"1586","HEM2025_1586","PreservedSpecimen","Coleccion",NA,"UNICACH","SPECIES","HEM","N.J.B.R.","10","Perez-Farrera, M.A.","E","HEM2025",3,"Huperzia carinata",17.18,-92.905,"1990-09-24","change1: Filled coordinateUncertaintyInMeters from decimal-place precision (conservative). | epi_taxo: acceptedName(match1); authorship_epig(match1); genus_from_scientificName; family_WFO; order_majorGroup_WCVP [2026-03-11] | CoordinateCleaner QA applied without sea test (validity, equal, zeros, capitals, centroids, gbif, institutions) [2026-03-29]","standardized authors names in identifiedBy","Colección","N.J.B.R.","M.A. Pérez-Farrera"
"1587","HEM2025_1587","PreservedSpecimen","Coleccion",NA,"UNICACH","SPECIES","HEM","M.A.V.C.","ND","Perez-Farrera, M.A.","E","HEM2025",3,"Huperzia carinata",17.18,-92.905,"1990-09-24","change1: Filled coordinateUncertaintyInMeters from decimal-place precision (conservative). | epi_taxo: acceptedName(match1); authorship_epig(match1); genus_from_scientificName; family_WFO; order_majorGroup_WCVP [2026-03-11] | CoordinateCleaner QA applied without sea test (validity, equal, zeros, capitals, centroids, gbif, institutions) [2026-03-29]","standardized authors names in identifiedBy","Colección","M.A.V.C.","M.A. Pérez-Farrera"
"1588","HEM2025_1588","PreservedSpecimen","Coleccion",NA,"UNICACH","SPECIES","HEM","F.C.R.","10","Perez-Farrera, M.A.","E","HEM2025",3,"Huperzia carinata",17.18,-92.905,"1990-09-24","change1: Filled coordinateUncertaintyInMeters from decimal-place precision (conservative). | epi_taxo: acceptedName(match1); authorship_epig(match1); genus_from_scientificName; family_WFO; order_majorGroup_WCVP [2026-03-11] | CoordinateCleaner QA applied without sea test (validity, equal, zeros, capitals, centroids, gbif, institutions) [2026-03-29]","standardized authors names in identifiedBy","Colección","F.C.R.","M.A. Pérez-Farrera"
"1589","HEM2025_1589","PreservedSpecimen","Coleccion",NA,"UNICACH","SPECIES","HEM","M.M.M. | M.A.D.V.","1014","Perez-Farrera, M.A.","E","HEM2025",3,"Huperzia pithyoides",15.2485,-92.2715,"2013-03-06","change1: Filled coordinateUncertaintyInMeters from decimal-place precision (conservative). | epi_taxo: acceptedName(match1); authorship_epig(match1); genus_from_scientificName; family_WFO; order_majorGroup_WCVP [2026-03-11] | CoordinateCleaner QA applied without sea test (validity, equal, zeros, capitals, centroids, gbif, institutions) [2026-03-29]","standardized authors names in recordedBy / standardized authors names in identifiedBy","Colección","M.M.M. & M.A.D.V.","M.A. Pérez-Farrera"
"1590","HEM2025_1590","PreservedSpecimen","Coleccion",NA,"UNICACH","SPECIES","HEM","H.S.","4","Perez-Farrera, M.A.","E","HEM2025",3,"Huperzia pithyoides",16.67,-92.5325,"1997-12-02","change1: Filled coordinateUncertaintyInMeters from decimal-place precision (conservative). | epi_taxo: acceptedName(match1); authorship_epig(match1); genus_from_scientificName; family_WFO; order_majorGroup_WCVP [2026-03-11] | CoordinateCleaner QA applied without sea test (validity, equal, zeros, capitals, centroids, gbif, institutions) [2026-03-29]","standardized authors names in identifiedBy","Colección","H.S.","M.A. Pérez-Farrera"
"1591","HEM2025_1591","PreservedSpecimen","Coleccion",NA,"UNICACH","SPECIES","HEM","H.S.","4","Perez-Farrera, M.A.","E","HEM2025",3,"Huperzia pithyoides",16.67,-92.5325,"1997-12-02","change1: Filled coordinateUncertaintyInMeters from decimal-place precision (conservative). | epi_taxo: acceptedName(match1); authorship_epig(match1); genus_from_scientificName; family_WFO; order_majorGroup_WCVP [2026-03-11] | CoordinateCleaner QA applied without sea test (validity, equal, zeros, capitals, centroids, gbif, institutions) [2026-03-29]","standardized authors names in identifiedBy","Colección","H.S.","M.A. Pérez-Farrera"
"1592","HEM2025_1592","PreservedSpecimen","Coleccion",NA,"UNICACH","SPECIES","HEM","E.M.S. | A.M.G. | G.U. | M.R.","19856","Perez-Farrera, M.A.","HE","HEM2025",0,"",15.0233333333333,-92.1333333333333,"1987-02-09","change1: Filled coordinateUncertaintyInMeters from decimal-place precision (conservative). | epi_taxo: acceptedName(match1); authorship_epig(match1); genus_from_scientificName; family_WFO; order_majorGroup_WCVP [2026-03-11] | CoordinateCleaner QA applied without sea test (validity, equal, zeros, capitals, centroids, gbif, institutions) [2026-03-29]","standardized authors names in recordedBy / standardized authors names in identifiedBy","Colección","E.M.S. & A.M.G. & G.U. & M.R.","M.A. Pérez-Farrera"
"1593","HEM2025_1593","PreservedSpecimen","Coleccion",NA,"UNICACH","SPECIES","HEM","M.M.M. | Camilo, R.M. | E.A.M.A. | M.I.L.R. | N.A.F.R.","4743","N.M.M.","HE","HEM2025",1,"Ruyschia enervia",15.0926111111111,-92.1466944444444,"2014-07-07","change1: Filled coordinateUncertaintyInMeters from decimal-place precision (conservative). | epi_taxo: acceptedName(match1); authorship_epig(match1); genus_from_scientificName; family_WFO; order_majorGroup_WCVP [2026-03-11] | CoordinateCleaner QA applied without sea test (validity, equal, zeros, capitals, centroids, gbif, institutions) [2026-03-29]","standardized authors names in recordedBy","Colección","M.M.M. & R.M. Camilo & E.A.M.A. & M.I.L.R. & N.A.F.R.","N.M.M."
"1594","HEM2025_1594","PreservedSpecimen","Coleccion",NA,"UNICACH","SPECIES","HEM","N.M.M. | M.M.M. | E.C.N.","3995","N.M.M. | Camilo, R.M.","HE","HEM2025",1,"Souroubea loczyi",15.1061111111111,-92.1593888888889,"2015-03-11","change1: Filled coordinateUncertaintyInMeters from decimal-place precision (conservative). | epi_taxo: acceptedName(match1); authorship_epig(match1); genus_from_scientificName; family_WFO; order_majorGroup_WCVP [2026-03-11] | CoordinateCleaner QA applied without sea test (validity, equal, zeros, capitals, centroids, gbif, institutions) [2026-03-29]","standardized authors names in recordedBy / standardized authors names in identifiedBy","Colección","N.M.M. & M.M.M. & E.C.N.","N.M.M. & R.M. Camilo"
"1595","HEM2025_1595","PreservedSpecimen","Coleccion",NA,"UNICACH","SPECIES","HEM","T.A.S.","253","T.A.S.","E","HEM2025",1,"Nephrolepis cordifolia",16.7608333333333,-91.1108333333333,"1989-05-11","change1: Filled coordinateUncertaintyInMeters from decimal-place precision (conservative). | epi_taxo: acceptedName(match1); authorship_epig(match1); genus_from_scientificName; family_WFO; order_majorGroup_WCVP [2026-03-11] | CoordinateCleaner QA applied without sea test (validity, equal, zeros, capitals, centroids, gbif, institutions) [2026-03-29]","","Colección","T.A.S.","T.A.S."
"1596","HEM2025_1596","PreservedSpecimen","Coleccion",NA,"UNICACH","SPECIES","HEM","M.M.M. | A.L.C.","4860","N.M.M.","E","HEM2025",1,"Nephrolepis cordifolia",15.0942222222222,-92.1718611111111,"2014-08-15","change1: Filled coordinateUncertaintyInMeters from decimal-place precision (conservative). | epi_taxo: acceptedName(match1); authorship_epig(match1); genus_from_scientificName; family_WFO; order_majorGroup_WCVP [2026-03-11] | CoordinateCleaner QA applied without sea test (validity, equal, zeros, capitals, centroids, gbif, institutions) [2026-03-29]","standardized authors names in recordedBy","Colección","M.M.M. & A.L.C.","N.M.M."
"1597","HEM2025_1597","PreservedSpecimen","Coleccion",NA,"UNICACH","FORM","HEM","E.S.S.","9","Perez-Farrera, M.A.","E","HEM2025",1,"Nephrolepis brownii",15.8744444444444,-92.7216666666667,"2003-04-26","change1: Corrected taxonRank (SPECIES→FORM); kept scientificName as-is. | change2: Filled coordinateUncertaintyInMeters from decimal-place precision (conservative). | epi_taxo: acceptedName(match1); authorship_epig(match1); genus_from_scientificName; family_WFO; order_majorGroup_WCVP [2026-03-11] | CoordinateCleaner QA applied without sea test (validity, equal, zeros, capitals, centroids, gbif, institutions) [2026-03-29]","standardized authors names in identifiedBy","Colección","E.S.S.","M.A. Pérez-Farrera"
"1598","HEM2025_1598","PreservedSpecimen","Coleccion",NA,"UNICACH","FORM","HEM","E.S.S.","9","Perez-Farrera, M.A.","E","HEM2025",1,"Nephrolepis brownii",15.8744444444444,-92.7216666666667,"2003-04-26","change1: Corrected taxonRank (SPECIES→FORM); kept scientificName as-is. | change2: Filled coordinateUncertaintyInMeters from decimal-place precision (conservative). | epi_taxo: acceptedName(match1); authorship_epig(match1); genus_from_scientificName; family_WFO; order_majorGroup_WCVP [2026-03-11] | CoordinateCleaner QA applied without sea test (validity, equal, zeros, capitals, centroids, gbif, institutions) [2026-03-29]","standardized authors names in identifiedBy","Colección","E.S.S.","M.A. Pérez-Farrera"
"1599","HEM2025_1599","PreservedSpecimen","Coleccion",NA,"UNICACH","SPECIES","HEM","N.C.G.","2","M.E.L.M.","E","HEM2025",1,"Nephrolepis pectinata",16.8791666666667,-93.4566666666667,"2002-09-14","change1: Filled coordinateUncertaintyInMeters from decimal-place precision (conservative). | epi_taxo: acceptedName(match1); authorship_epig(match1); genus_from_scientificName; family_WFO; order_majorGroup_WCVP [2026-03-11] | CoordinateCleaner QA applied without sea test (validity, equal, zeros, capitals, centroids, gbif, institutions) [2026-03-29]","","Colección","N.C.G.","M.E.L.M."
"1600","HEM2025_1600","PreservedSpecimen","Coleccion",NA,"UNICACH","SPECIES","HEM","N.C.G.","2","M.E.L.M.","E","HEM2025",1,"Nephrolepis pectinata",16.8791666666667,-93.4566666666667,"2002-09-14","change1: Filled coordinateUncertaintyInMeters from decimal-place precision (conservative). | epi_taxo: acceptedName(match1); authorship_epig(match1); genus_from_scientificName; family_WFO; order_majorGroup_WCVP [2026-03-11] | CoordinateCleaner QA applied without sea test (validity, equal, zeros, capitals, centroids, gbif, institutions) [2026-03-29]","","Colección","N.C.G.","M.E.L.M."
"1601","HEM2025_1601","PreservedSpecimen","Coleccion",NA,"UNICACH","SPECIES","HEM","N.C.G.","19","M.E.L.M.","E","HEM2025",1,"Nephrolepis pectinata",16.8791666666667,-93.4566666666667,"2002-09-06","change1: Filled coordinateUncertaintyInMeters from decimal-place precision (conservative). | epi_taxo: acceptedName(match1); authorship_epig(match1); genus_from_scientificName; family_WFO; order_majorGroup_WCVP [2026-03-11] | CoordinateCleaner QA applied without sea test (validity, equal, zeros, capitals, centroids, gbif, institutions) [2026-03-29]","","Colección","N.C.G.","M.E.L.M."
"1602","HEM2025_1602","PreservedSpecimen","Coleccion",NA,"UNICACH","SPECIES","HEM","N.C.G.","19","M.E.L.M.","E","HEM2025",1,"Nephrolepis pectinata",16.8791666666667,-93.4566666666667,"2002-09-06","change1: Filled coordinateUncertaintyInMeters from decimal-place precision (conservative). | epi_taxo: acceptedName(match1); authorship_epig(match1); genus_from_scientificName; family_WFO; order_majorGroup_WCVP [2026-03-11] | CoordinateCleaner QA applied without sea test (validity, equal, zeros, capitals, centroids, gbif, institutions) [2026-03-29]","","Colección","N.C.G.","M.E.L.M."
"1603","HEM2025_1603","PreservedSpecimen","Coleccion",NA,"UNICACH","SPECIES","HEM","M.M.M. | Camilo, R.M. | E.A.M.A. | M.I.L.R. | N.A.F.R.","4762","N.M.M.","E","HEM2025",1,"Nephrolepis pectinata",15.0926111111111,-92.1466944444444,"2014-07-07","change1: Filled coordinateUncertaintyInMeters from decimal-place precision (conservative). | epi_taxo: acceptedName(match1); authorship_epig(match1); genus_from_scientificName; family_WFO; order_majorGroup_WCVP [2026-03-11] | CoordinateCleaner QA applied without sea test (validity, equal, zeros, capitals, centroids, gbif, institutions) [2026-03-29]","standardized authors names in recordedBy","Colección","M.M.M. & R.M. Camilo & E.A.M.A. & M.I.L.R. & N.A.F.R.","N.M.M."
"1604","HEM2025_1604","PreservedSpecimen","Coleccion",NA,"UNICACH","SPECIES","HEM","M.M.M. | A.L.C.","4954","N.M.M.","E","HEM2025",1,"Nephrolepis pectinata",15.1059166666667,-92.1953333333333,"2014-08-17","change1: Filled coordinateUncertaintyInMeters from decimal-place precision (conservative). | epi_taxo: acceptedName(match1); authorship_epig(match1); genus_from_scientificName; family_WFO; order_majorGroup_WCVP [2026-03-11] | CoordinateCleaner QA applied without sea test (validity, equal, zeros, capitals, centroids, gbif, institutions) [2026-03-29]","standardized authors names in recordedBy","Colección","M.M.M. & A.L.C.","N.M.M."
"1605","HEM2025_1605","PreservedSpecimen","Coleccion",NA,"UNICACH","SPECIES","HEM","M.M.M. | M.C.R.M.","5304","N.M.M.","E","HEM2025",1,"Nephrolepis pectinata",15.0847222222222,-92.175,"2014-09-22","change1: Filled coordinateUncertaintyInMeters from decimal-place precision (conservative). | epi_taxo: acceptedName(match1); authorship_epig(match1); genus_from_scientificName; family_WFO; order_majorGroup_WCVP [2026-03-11] | CoordinateCleaner QA applied without sea test (validity, equal, zeros, capitals, centroids, gbif, institutions) [2026-03-29]","standardized authors names in recordedBy","Colección","M.M.M. & M.C.R.M.","N.M.M."
"1606","HEM2025_1606","PreservedSpecimen","Coleccion",NA,"UNICACH","SPECIES","HEM","M.M.M. | M.C.R.M.","5205","N.M.M.","E","HEM2025",1,"Nephrolepis pectinata",15.1063611111111,-92.1741944444445,"2014-09-16","change1: Filled coordinateUncertaintyInMeters from decimal-place precision (conservative). | epi_taxo: acceptedName(match1); authorship_epig(match1); genus_from_scientificName; family_WFO; order_majorGroup_WCVP [2026-03-11] | CoordinateCleaner QA applied without sea test (validity, equal, zeros, capitals, centroids, gbif, institutions) [2026-03-29]","standardized authors names in recordedBy","Colección","M.M.M. & M.C.R.M.","N.M.M."
"1607","HEM2025_1607","PreservedSpecimen","Coleccion",NA,"UNICACH","SPECIES","HEM","Gonzalez, A.G.","16","E.V.M.","E","HEM2025",1,"Nephrolepis pectinata",17.2119444444444,-92.9694444444444,"2002-10-20","change1: Filled coordinateUncertaintyInMeters from decimal-place precision (conservative). | epi_taxo: acceptedName(match1); authorship_epig(match1); genus_from_scientificName; family_WFO; order_majorGroup_WCVP [2026-03-11] | CoordinateCleaner QA applied without sea test (validity, equal, zeros, capitals, centroids, gbif, institutions) [2026-03-29]","standardized authors names in recordedBy","Colección","A.G. González","E.V.M."
"1608","HEM2025_1608","PreservedSpecimen","Coleccion",NA,"UNICACH","SPECIES","HEM","D.D.O.","8","E.V.M.","E","HEM2025",1,"Nephrolepis pectinata",16.74,-92.97,"2002-09-06","change1: Filled coordinateUncertaintyInMeters from decimal-place precision (conservative). | epi_taxo: acceptedName(match1); authorship_epig(match1); genus_from_scientificName; family_WFO; order_majorGroup_WCVP [2026-03-11] | CoordinateCleaner QA applied without sea test (validity, equal, zeros, capitals, centroids, gbif, institutions) [2026-03-29]","","Colección","D.D.O.","E.V.M."
"1609","HEM2025_1609","PreservedSpecimen","Coleccion",NA,"UNICACH","SPECIES","HEM","D.D.O.","8","E.V.M.","E","HEM2025",1,"Nephrolepis pectinata",16.74,-92.97,"2002-09-06","change1: Filled coordinateUncertaintyInMeters from decimal-place precision (conservative). | epi_taxo: acceptedName(match1); authorship_epig(match1); genus_from_scientificName; family_WFO; order_majorGroup_WCVP [2026-03-11] | CoordinateCleaner QA applied without sea test (validity, equal, zeros, capitals, centroids, gbif, institutions) [2026-03-29]","","Colección","D.D.O.","E.V.M."
"1610","HEM2025_1610","PreservedSpecimen","Coleccion",NA,"UNICACH","SPECIES","HEM","Perez-Farrera, M.A.","602","Perez-Farrera, M.A.","E","HEM2025",1,"Nephrolepis rivularis",16.3441666666667,-93.6441666666667,"1995-07-18","change1: Filled coordinateUncertaintyInMeters from decimal-place precision (conservative). | epi_taxo: acceptedName(match1); authorship_epig(match1); genus_from_scientificName; family_WFO; order_majorGroup_WCVP [2026-03-11] | CoordinateCleaner QA applied without sea test (validity, equal, zeros, capitals, centroids, gbif, institutions) [2026-03-29]","standardized authors names in recordedBy / standardized authors names in identifiedBy","Colección","M.A. Pérez-Farrera","M.A. Pérez-Farrera"
"1611","HEM2025_1611","PreservedSpecimen","Coleccion",NA,"UNICACH","SPECIES","HEM","M.M.M. | M.C.R.M.","5234","N.M.M.","E","HEM2025",1,"Nephrolepis undulata var. delicatula",15.1086388888889,-92.1911666666667,"2014-09-20","change1: Filled coordinateUncertaintyInMeters from decimal-place precision (conservative). | epi_taxo: acceptedName(match1); authorship_epig(match1); genus_from_scientificName; family_WFO; order_majorGroup_WCVP [2026-03-11] | CoordinateCleaner QA applied without sea test (validity, equal, zeros, capitals, centroids, gbif, institutions) [2026-03-29]","standardized authors names in recordedBy","Colección","M.M.M. & M.C.R.M.","N.M.M."
"1612","HEM2025_1612","PreservedSpecimen","Coleccion",NA,"UNICACH","SPECIES","HEM","E.M.S. | A.M.G. | G.U. | M.R.","19492","C.H.R.A.","HE","HEM2025",1,"Fuchsia splendens",15.1188888888889,-92.0994444444444,"1987-02-05","change1: Filled coordinateUncertaintyInMeters from decimal-place precision (conservative). | epi_taxo: acceptedName(match1); authorship_epig(match1); genus_from_scientificName; family_WFO; order_majorGroup_WCVP [2026-03-11] | CoordinateCleaner QA applied without sea test (validity, equal, zeros, capitals, centroids, gbif, institutions) [2026-03-29]","standardized authors names in recordedBy","Colección","E.M.S. & A.M.G. & G.U. & M.R.","C.H.R.A."
"1613","HEM2025_1613","PreservedSpecimen","Coleccion",NA,"UNICACH","SPECIES","HEM","E.M.S. | A.M.G. | G.U. | M.R.","19492","C.H.R.A.","HE","HEM2025",1,"Fuchsia splendens",15.1188888888889,-92.0994444444444,"1987-02-05","change1: Filled coordinateUncertaintyInMeters from decimal-place precision (conservative). | epi_taxo: acceptedName(match1); authorship_epig(match1); genus_from_scientificName; family_WFO; order_majorGroup_WCVP [2026-03-11] | CoordinateCleaner QA applied without sea test (validity, equal, zeros, capitals, centroids, gbif, institutions) [2026-03-29]","standardized authors names in recordedBy","Colección","E.M.S. & A.M.G. & G.U. & M.R.","C.H.R.A."
"1614","HEM2025_1614","PreservedSpecimen","Coleccion",NA,"UNICACH","SPECIES","HEM","M.M.M. | M.D.E.M.","661","N.M.M. | J.M.M.","HE","HEM2025",1,"Fuchsia splendens",15.2601388888889,-92.2172777777778,"2013-02-08","change1: Filled coordinateUncertaintyInMeters from decimal-place precision (conservative). | epi_taxo: acceptedName(match1); authorship_epig(match1); genus_from_scientificName; family_WFO; order_majorGroup_WCVP [2026-03-11] | CoordinateCleaner QA applied without sea test (validity, equal, zeros, capitals, centroids, gbif, institutions) [2026-03-29]","standardized authors names in recordedBy / standardized authors names in identifiedBy","Colección","M.M.M. & M.D.E.M.","N.M.M. & J.M.M."
"1615","HEM2025_1615","PreservedSpecimen","Coleccion",NA,"UNICACH","SPECIES","HEM","Perez-Farrera, M.A.","803","Perez-Farrera, M.A.","HE","HEM2025",3,"Botrychium daucifolium",17.1388888888889,-93.1366666666667,"1995-10-28","change1: Canonicalized scientificName to binomial and moved trailing authorship. | change2: Removed infrageneric parenthetical: 'Botrychium (Sceptridium) schaffneri' → 'Botrychium schaffneri'. | change3: Filled coordinateUncertaintyInMeters from decimal-place precision (conservative). | epi_taxo: acceptedName(match1); authorship_epig(match1); genus_from_scientificName; family_WFO; order_majorGroup_WCVP [2026-03-11] | CoordinateCleaner QA applied without sea test (validity, equal, zeros, capitals, centroids, gbif, institutions) [2026-03-29]","standardized authors names in recordedBy / standardized authors names in identifiedBy","Colección","M.A. Pérez-Farrera","M.A. Pérez-Farrera"
"1616","HEM2025_1616","PreservedSpecimen","Coleccion",NA,"UNICACH","SPECIES","HEM","H.R.E.","55","H.R.E.","E","HEM2025",1,"Acianthera breedlovei",15.5490833333333,-92.6077222222222,"2005-07-21","change1: Filled coordinateUncertaintyInMeters from decimal-place precision (conservative). | epi_taxo: acceptedName(match1); authorship_epig(match1); genus_from_scientificName; family_WFO; order_majorGroup_WCVP [2026-03-11] | CoordinateCleaner QA applied without sea test (validity, equal, zeros, capitals, centroids, gbif, institutions) [2026-03-29]","","Colección","H.R.E.","H.R.E."
"1617","HEM2025_1617","PreservedSpecimen","Coleccion",NA,"UNICACH","SPECIES","HEM","H.R.E.","67","H.R.E.","E","HEM2025",1,"Acianthera circumplexa",15.6641666666667,-92.8136111111111,"2005-09-15","change1: Filled coordinateUncertaintyInMeters from decimal-place precision (conservative). | epi_taxo: acceptedName(match1); authorship_epig(match1); genus_from_scientificName; family_WFO; order_majorGroup_WCVP [2026-03-11] | CoordinateCleaner QA applied without sea test (validity, equal, zeros, capitals, centroids, gbif, institutions) [2026-03-29]","","Colección","H.R.E.","H.R.E."
"1618","HEM2025_1618","PreservedSpecimen","Coleccion",NA,"UNICACH","SPECIES","HEM","J.M.M.","1513","J.M.M.","E","HEM2025",1,"Acianthera circumplexa",17.1558888888889,-93.1401944444444,"2006-09-20","change1: Filled coordinateUncertaintyInMeters from decimal-place precision (conservative). | epi_taxo: acceptedName(match1); authorship_epig(match1); genus_from_scientificName; family_WFO; order_majorGroup_WCVP [2026-03-11] | CoordinateCleaner QA applied without sea test (validity, equal, zeros, capitals, centroids, gbif, institutions) [2026-03-29]","","Colección","J.M.M.","J.M.M."
"1619","HEM2025_1619","PreservedSpecimen","Coleccion",NA,"UNICACH","SPECIES","HEM","H.R.E.","46","R.S","E","HEM2025",1,"Acianthera johnsonii",15.5490833333333,-92.6077222222222,"2005-07-21","change1: Filled coordinateUncertaintyInMeters from decimal-place precision (conservative). | epi_taxo: acceptedName(match1); authorship_epig(match1); genus_from_scientificName; family_WFO; order_majorGroup_WCVP [2026-03-11] | CoordinateCleaner QA applied without sea test (validity, equal, zeros, capitals, centroids, gbif, institutions) [2026-03-29]","","Colección","H.R.E.","R.S"
"1620","HEM2025_1620","PreservedSpecimen","Coleccion",NA,"UNICACH","SPECIES","HEM","Chagala, J.L.","1","C.R.B.B.","E","HEM2025",1,"Acianthera obscura",16.9305555555556,-93.2236111111111,"2005-04-26","change1: Filled coordinateUncertaintyInMeters from decimal-place precision (conservative). | epi_taxo: acceptedName(match1); authorship_epig(match1); genus_from_scientificName; family_WFO; order_majorGroup_WCVP [2026-03-11] | CoordinateCleaner QA applied without sea test (validity, equal, zeros, capitals, centroids, gbif, institutions) [2026-03-29]","standardized authors names in recordedBy","Colección","J.L. Chagala","C.R.B.B."
"1621","HEM2025_1621","PreservedSpecimen","Coleccion",NA,"UNICACH","SPECIES","HEM","F.E.P.C.","147","R.S","E","HEM2025",1,"Stelis poasensis",15.7994444444444,-93.0639166666667,"1999-02-12","change1: Filled coordinateUncertaintyInMeters from decimal-place precision (conservative). | epi_taxo: acceptedName(match1); authorship_epig(match1); genus_from_scientificName; family_WFO; order_majorGroup_WCVP [2026-03-11] | CoordinateCleaner QA applied without sea test (validity, equal, zeros, capitals, centroids, gbif, institutions) [2026-03-29]","","Colección","F.E.P.C.","R.S"
"1622","HEM2025_1622","PreservedSpecimen","Coleccion",NA,"UNICACH","SPECIES","HEM","M.M.M. | S.H.J. | J.A.B.B.","5847","C.R.B.B.","E","HEM2025",1,"Stelis poasensis",15.2288611111111,-92.3057777777778,"2015-05-02","change1: Filled coordinateUncertaintyInMeters from decimal-place precision (conservative). | epi_taxo: acceptedName(match1); authorship_epig(match1); genus_from_scientificName; family_WFO; order_majorGroup_WCVP [2026-03-11] | CoordinateCleaner QA applied without sea test (validity, equal, zeros, capitals, centroids, gbif, institutions) [2026-03-29]","standardized authors names in recordedBy","Colección","M.M.M. & S.H.J. & J.A.B.B.","C.R.B.B."
"1623","HEM2025_1623","PreservedSpecimen","Coleccion",NA,"UNICACH","SPECIES","HEM","D.E.B. | Sigg, J.","66027","ND","E","HEM2025",1,"Arpophyllum giganteum",15.2941666666667,-92.2775,"1986-11-29","change1: Filled coordinateUncertaintyInMeters from decimal-place precision (conservative). | epi_taxo: acceptedName(match1); authorship_epig(match1); genus_from_scientificName; family_WFO; order_majorGroup_WCVP [2026-03-11] | CoordinateCleaner QA applied without sea test (validity, equal, zeros, capitals, centroids, gbif, institutions) [2026-03-29]","standardized authors names in recordedBy","Colección","D.E.B. & J. Sigg","ND"
"1624","HEM2025_1624","PreservedSpecimen","Coleccion",NA,"UNICACH","SPECIES","HEM","F.E.P.C.","124","F.E.P.C.","E","HEM2025",1,"Arpophyllum giganteum",15.8244444444444,-93.0630555555556,"1999-02-11","change1: Filled coordinateUncertaintyInMeters from decimal-place precision (conservative). | epi_taxo: acceptedName(match1); authorship_epig(match1); genus_from_scientificName; family_WFO; order_majorGroup_WCVP [2026-03-11] | CoordinateCleaner QA applied without sea test (validity, equal, zeros, capitals, centroids, gbif, institutions) [2026-03-29]","","Colección","F.E.P.C.","F.E.P.C."
"1625","HEM2025_1625","PreservedSpecimen","Coleccion",NA,"UNICACH","SPECIES","HEM","V.M.","81","Carnevali, G.","E","HEM2025",1,"Arpophyllum giganteum",15.4805555555556,-92.6055555555556,"1999-01-27","change1: Filled coordinateUncertaintyInMeters from decimal-place precision (conservative). | epi_taxo: acceptedName(match1); authorship_epig(match1); genus_from_scientificName; family_WFO; order_majorGroup_WCVP [2026-03-11] | CoordinateCleaner QA applied without sea test (validity, equal, zeros, capitals, centroids, gbif, institutions) [2026-03-29]","standardized authors names in identifiedBy","Colección","V.M.","G. Carnevali"
"1626","HEM2025_1626","PreservedSpecimen","Coleccion",NA,"UNICACH","SPECIES","HEM","V.M.","63","Carnevali, G.","E","HEM2025",1,"Arpophyllum giganteum",14.8775,-92.2941666666667,"1998-11-17","change1: Filled coordinateUncertaintyInMeters from decimal-place precision (conservative). | epi_taxo: acceptedName(match1); authorship_epig(match1); genus_from_scientificName; family_WFO; order_majorGroup_WCVP [2026-03-11] | CoordinateCleaner QA applied without sea test (validity, equal, zeros, capitals, centroids, gbif, institutions) [2026-03-29]","standardized authors names in identifiedBy","Colección","V.M.","G. Carnevali"
"1627","HEM2025_1627","PreservedSpecimen","Coleccion",NA,"UNICACH","FORM","HEM","M.M.M. | D.A.J.L.","3085","N.M.M.","E","HEM2025",3,"Arpophyllum giganteum",15.1463055555556,-92.1368888888889,"2013-12-11","change1: Corrected taxonRank (SPECIES→FORM); kept scientificName as-is. | change2: Filled coordinateUncertaintyInMeters from decimal-place precision (conservative). | epi_taxo: acceptedName(match1); authorship_epig(match1); genus_from_scientificName; family_WFO; order_majorGroup_WCVP [2026-03-11] | CoordinateCleaner QA applied without sea test (validity, equal, zeros, capitals, centroids, gbif, institutions) [2026-03-29]","standardized authors names in recordedBy","Colección","M.M.M. & D.A.J.L.","N.M.M."
"1628","HEM2025_1628","PreservedSpecimen","Coleccion",NA,"UNICACH","FORM","HEM","M.M.M. | D.A.J.L.","3279","N.M.M.","E","HEM2025",3,"Arpophyllum giganteum",15.1383333333333,-92.1394444444445,"2013-12-14","change1: Corrected taxonRank (SPECIES→FORM); kept scientificName as-is. | change2: Filled coordinateUncertaintyInMeters from decimal-place precision (conservative). | epi_taxo: acceptedName(match1); authorship_epig(match1); genus_from_scientificName; family_WFO; order_majorGroup_WCVP [2026-03-11] | CoordinateCleaner QA applied without sea test (validity, equal, zeros, capitals, centroids, gbif, institutions) [2026-03-29]","standardized authors names in recordedBy","Colección","M.M.M. & D.A.J.L.","N.M.M."
"1629","HEM2025_1629","PreservedSpecimen","Coleccion",NA,"UNICACH","FORM","HEM","A.R.G. | D.G.C.","1564","M.A.S.A.","E","HEM2025",3,"Arpophyllum giganteum",16.0658333333333,-93.5783333333333,"2002-04-28","change1: Corrected taxonRank (SPECIES→FORM); kept scientificName as-is. | change2: Filled coordinateUncertaintyInMeters from decimal-place precision (conservative). | epi_taxo: acceptedName(match1); authorship_epig(match1); genus_from_scientificName; family_WFO; order_majorGroup_WCVP [2026-03-11] | CoordinateCleaner QA applied without sea test (validity, equal, zeros, capitals, centroids, gbif, institutions) [2026-03-29]","standardized authors names in recordedBy","Colección","A.R.G. & D.G.C.","M.A.S.A."
"1630","HEM2025_1630","PreservedSpecimen","Coleccion",NA,"UNICACH","FORM","HEM","A.R.G. | J.C.S. | M.E.L.V. | Cruz, D.","4417","M.A.S.A.","E","HEM2025",3,"Arpophyllum giganteum",16.1947222222222,-93.61,"2002-04-19","change1: Corrected taxonRank (SPECIES→FORM); kept scientificName as-is. | change2: Filled coordinateUncertaintyInMeters from decimal-place precision (conservative). | epi_taxo: acceptedName(match1); authorship_epig(match1); genus_from_scientificName; family_WFO; order_majorGroup_WCVP [2026-03-11] | CoordinateCleaner QA applied without sea test (validity, equal, zeros, capitals, centroids, gbif, institutions) [2026-03-29]","standardized authors names in recordedBy","Colección","A.R.G. & J.C.S. & M.E.L.V. & D. Cruz","M.A.S.A."
"1631","HEM2025_1631","PreservedSpecimen","Coleccion",NA,"UNICACH","SPECIES","HEM","J.M.M.","712","N.M.M.","E","HEM2025",1,"Barkeria obovata",15.9523888888889,-92.9374444444445,"2004-12-17","change1: Filled coordinateUncertaintyInMeters from decimal-place precision (conservative). | epi_taxo: acceptedName(match1); authorship_epig(match1); genus_from_scientificName; family_WFO; order_majorGroup_WCVP [2026-03-11] | CoordinateCleaner QA applied without sea test (validity, equal, zeros, capitals, centroids, gbif, institutions) [2026-03-29]","","Colección","J.M.M.","N.M.M."
"1632","HEM2025_1632","PreservedSpecimen","Coleccion",NA,"UNICACH","SPECIES","HEM","H.R.E.","36-bis","H.R.E.","E","HEM2025",1,"Barkeria obovata",16.7671388888889,-93.1065,"2005-05-19","change1: Filled coordinateUncertaintyInMeters from decimal-place precision (conservative). | epi_taxo: acceptedName(match1); authorship_epig(match1); genus_from_scientificName; family_WFO; order_majorGroup_WCVP [2026-03-11] | CoordinateCleaner QA applied without sea test (validity, equal, zeros, capitals, centroids, gbif, institutions) [2026-03-29]","","Colección","H.R.E.","H.R.E."
"1633","HEM2025_1633","PreservedSpecimen","Coleccion",NA,"UNICACH","SPECIES","HEM","D.A.J.L. | M.M.M.","9","D.A.J.L. | N.M.M.","E","HEM2025",1,"Barkeria skinneri",15.1621666666667,-92.1458611111111,"2014-01-17","change1: Filled coordinateUncertaintyInMeters from decimal-place precision (conservative). | epi_taxo: acceptedName(match1); authorship_epig(match1); genus_from_scientificName; family_WFO; order_majorGroup_WCVP [2026-03-11] | CoordinateCleaner QA applied without sea test (validity, equal, zeros, capitals, centroids, gbif, institutions) [2026-03-29]","standardized authors names in recordedBy / standardized authors names in identifiedBy","Colección","D.A.J.L. & M.M.M.","D.A.J.L. & N.M.M."
"1634","HEM2025_1634","PreservedSpecimen","Coleccion",NA,"UNICACH","SPECIES","HEM","J.M.","26","N.M.M.","E","HEM2025",1,"Barkeria skinneri",16.2775,-92.1441666666667,"2005-10-24","change1: Filled coordinateUncertaintyInMeters from decimal-place precision (conservative). | epi_taxo: acceptedName(match1); authorship_epig(match1); genus_from_scientificName; family_WFO; order_majorGroup_WCVP [2026-03-11] | CoordinateCleaner QA applied without sea test (validity, equal, zeros, capitals, centroids, gbif, institutions) [2026-03-29]","","Colección","J.M.","N.M.M."
"1635","HEM2025_1635","PreservedSpecimen","Coleccion",NA,"UNICACH","SPECIES","HEM","J.M.M.","847","J.M.M.","E","HEM2025",1,"Brassavola cucullata",16.7671388888889,-93.1065,"2005-05-19","change1: Filled coordinateUncertaintyInMeters from decimal-place precision (conservative). | epi_taxo: acceptedName(match1); authorship_epig(match1); genus_from_scientificName; family_WFO; order_majorGroup_WCVP [2026-03-11] | CoordinateCleaner QA applied without sea test (validity, equal, zeros, capitals, centroids, gbif, institutions) [2026-03-29]","","Colección","J.M.M.","J.M.M."
"1636","HEM2025_1636","PreservedSpecimen","Coleccion",NA,"UNICACH","SPECIES","HEM","A.L.C.","550","N.M.M.","E","HEM2025",1,"Brassavola cucullata",15.4330555555556,-92.6402777777778,"2008-01-15","change1: Filled coordinateUncertaintyInMeters from decimal-place precision (conservative). | epi_taxo: acceptedName(match1); authorship_epig(match1); genus_from_scientificName; family_WFO; order_majorGroup_WCVP [2026-03-11] | CoordinateCleaner QA applied without sea test (validity, equal, zeros, capitals, centroids, gbif, institutions) [2026-03-29]","","Colección","A.L.C.","N.M.M."
"1637","HEM2025_1637","PreservedSpecimen","Coleccion",NA,"UNICACH","SPECIES","HEM","M.D.R.S.","237","R.R.S.","E","HEM2025",1,"Brassia verrucosa",15.6358666666667,-92.6445,"2005-06-16","change1: Filled coordinateUncertaintyInMeters from decimal-place precision (conservative). | epi_taxo: acceptedName(match1); authorship_epig(match1); genus_from_scientificName; family_WFO; order_majorGroup_WCVP [2026-03-11] | CoordinateCleaner QA applied without sea test (validity, equal, zeros, capitals, centroids, gbif, institutions) [2026-03-29]","","Colección","M.D.R.S.","R.R.S."
"1638","HEM2025_1638","PreservedSpecimen","Coleccion",NA,"UNICACH","SPECIES","HEM","J.M.M.","924","J.M.M.","E","HEM2025",1,"Brassia verrucosa",15.8059166666667,-93.0508055555556,"2005-06-06","change1: Filled coordinateUncertaintyInMeters from decimal-place precision (conservative). | epi_taxo: acceptedName(match1); authorship_epig(match1); genus_from_scientificName; family_WFO; order_majorGroup_WCVP [2026-03-11] | CoordinateCleaner QA applied without sea test (validity, equal, zeros, capitals, centroids, gbif, institutions) [2026-03-29]","","Colección","J.M.M.","J.M.M."
"1639","HEM2025_1639","PreservedSpecimen","Coleccion",NA,"UNICACH","SPECIES","HEM","N.J.M.G.","95","N.J.M.G.","E","HEM2025",1,"Brassia verrucosa",15.7304444444444,-92.9659722222222,"2006-06-14","change1: Filled coordinateUncertaintyInMeters from decimal-place precision (conservative). | epi_taxo: acceptedName(match1); authorship_epig(match1); genus_from_scientificName; family_WFO; order_majorGroup_WCVP [2026-03-11] | CoordinateCleaner QA applied without sea test (validity, equal, zeros, capitals, centroids, gbif, institutions) [2026-03-29]","","Colección","N.J.M.G.","N.J.M.G."
"1640","HEM2025_1640","PreservedSpecimen","Coleccion",NA,"UNICACH","SPECIES","HEM","N.J.M.G.","56","N.J.M.G.","E","HEM2025",1,"Brassia verrucosa",15.7304444444444,-92.9659722222222,"2006-06-14","change1: Filled coordinateUncertaintyInMeters from decimal-place precision (conservative). | epi_taxo: acceptedName(match1); authorship_epig(match1); genus_from_scientificName; family_WFO; order_majorGroup_WCVP [2026-03-11] | CoordinateCleaner QA applied without sea test (validity, equal, zeros, capitals, centroids, gbif, institutions) [2026-03-29]","","Colección","N.J.M.G.","N.J.M.G."
"1641","HEM2025_1641","PreservedSpecimen","Coleccion",NA,"UNICACH","SPECIES","HEM","J.M.M.","1372","J.M.M.","E","HEM2025",1,"Brassia verrucosa",16.2145277777778,-93.7202777777778,"2006-06-04","change1: Filled coordinateUncertaintyInMeters from decimal-place precision (conservative). | epi_taxo: acceptedName(match1); authorship_epig(match1); genus_from_scientificName; family_WFO; order_majorGroup_WCVP [2026-03-11] | CoordinateCleaner QA applied without sea test (validity, equal, zeros, capitals, centroids, gbif, institutions) [2026-03-29]","","Colección","J.M.M.","J.M.M."
"1642","HEM2025_1642","PreservedSpecimen","Coleccion",NA,"UNICACH","SPECIES","HEM","Camilo, R.M. | M.I.L.R. | N.A.F.R.","2346","N.M.M.","E","HEM2025",1,"Brassia verrucosa",15.0905833333333,-92.1476388888889,"2014-07-06","change1: Filled coordinateUncertaintyInMeters from decimal-place precision (conservative). | epi_taxo: acceptedName(match1); authorship_epig(match1); genus_from_scientificName; family_WFO; order_majorGroup_WCVP [2026-03-11] | CoordinateCleaner QA applied without sea test (validity, equal, zeros, capitals, centroids, gbif, institutions) [2026-03-29]","standardized authors names in recordedBy","Colección","R.M. Camilo & M.I.L.R. & N.A.F.R.","N.M.M."
"1643","HEM2025_1643","PreservedSpecimen","Coleccion",NA,"UNICACH","SPECIES","HEM","M.M.M. | N.M.M. | R.J.R.V. | E.C.N.","4237","N.M.M.","E","HEM2025",1,"Brassia verrucosa",15.0893888888889,-92.1465555555556,"2014-06-17","change1: Filled coordinateUncertaintyInMeters from decimal-place precision (conservative). | epi_taxo: acceptedName(match1); authorship_epig(match1); genus_from_scientificName; family_WFO; order_majorGroup_WCVP [2026-03-11] | CoordinateCleaner QA applied without sea test (validity, equal, zeros, capitals, centroids, gbif, institutions) [2026-03-29]","standardized authors names in recordedBy","Colección","M.M.M. & N.M.M. & R.J.R.V. & E.C.N.","N.M.M."
"1644","HEM2025_1644","PreservedSpecimen","Coleccion",NA,"UNICACH","SPECIES","HEM","M.M.M. | N.M.M. | R.J.R.V. | E.C.N.","4301","N.M.M.","E","HEM2025",1,"Brassia verrucosa",15.099,-92.1409722222222,"2014-06-18","change1: Filled coordinateUncertaintyInMeters from decimal-place precision (conservative). | epi_taxo: acceptedName(match1); authorship_epig(match1); genus_from_scientificName; family_WFO; order_majorGroup_WCVP [2026-03-11] | CoordinateCleaner QA applied without sea test (validity, equal, zeros, capitals, centroids, gbif, institutions) [2026-03-29]","standardized authors names in recordedBy","Colección","M.M.M. & N.M.M. & R.J.R.V. & E.C.N.","N.M.M."
"1645","HEM2025_1645","PreservedSpecimen","Coleccion",NA,"UNICACH","SPECIES","HEM","M.M.M. | N.M.M. | R.J.R.V. | E.C.N.","4358","N.M.M.","E","HEM2025",1,"Brassia verrucosa",15.096,-92.1404722222222,"2014-06-18","change1: Filled coordinateUncertaintyInMeters from decimal-place precision (conservative). | epi_taxo: acceptedName(match1); authorship_epig(match1); genus_from_scientificName; family_WFO; order_majorGroup_WCVP [2026-03-11] | CoordinateCleaner QA applied without sea test (validity, equal, zeros, capitals, centroids, gbif, institutions) [2026-03-29]","standardized authors names in recordedBy","Colección","M.M.M. & N.M.M. & R.J.R.V. & E.C.N.","N.M.M."
"1646","HEM2025_1646","PreservedSpecimen","Coleccion",NA,"UNICACH","SPECIES","HEM","M.M.M. | N.M.M. | R.J.R.V. | E.C.N.","4522","N.M.M.","E","HEM2025",1,"Brassia verrucosa",15.0923888888889,-92.1485277777778,"2014-06-20","change1: Filled coordinateUncertaintyInMeters from decimal-place precision (conservative). | epi_taxo: acceptedName(match1); authorship_epig(match1); genus_from_scientificName; family_WFO; order_majorGroup_WCVP [2026-03-11] | CoordinateCleaner QA applied without sea test (validity, equal, zeros, capitals, centroids, gbif, institutions) [2026-03-29]","standardized authors names in recordedBy","Colección","M.M.M. & N.M.M. & R.J.R.V. & E.C.N.","N.M.M."
"1647","HEM2025_1647","PreservedSpecimen","Coleccion",NA,"UNICACH","SPECIES","HEM","M.M.M. | D.A.J.L. | R.J.R.V.","5584","N.M.M.","E","HEM2025",1,"Brassia verrucosa",15.0997777777778,-92.1679444444444,"2015-03-27","change1: Filled coordinateUncertaintyInMeters from decimal-place precision (conservative). | epi_taxo: acceptedName(match1); authorship_epig(match1); genus_from_scientificName; family_WFO; order_majorGroup_WCVP [2026-03-11] | CoordinateCleaner QA applied without sea test (validity, equal, zeros, capitals, centroids, gbif, institutions) [2026-03-29]","standardized authors names in recordedBy","Colección","M.M.M. & D.A.J.L. & R.J.R.V.","N.M.M."
"1648","HEM2025_1648","PreservedSpecimen","Coleccion",NA,"UNICACH","SPECIES","HEM","J.C.S. | A.R.G. | M.E.L.V. | A.E.","22994","M.A.S.A.","E","HEM2025",1,"Brassia verrucosa",16.4366666666667,-93.9269444444444,"2002-04-25","change1: Filled coordinateUncertaintyInMeters from decimal-place precision (conservative). | epi_taxo: acceptedName(match1); authorship_epig(match1); genus_from_scientificName; family_WFO; order_majorGroup_WCVP [2026-03-11] | CoordinateCleaner QA applied without sea test (validity, equal, zeros, capitals, centroids, gbif, institutions) [2026-03-29]","standardized authors names in recordedBy","Colección","J.C.S. & A.R.G. & M.E.L.V. & A.E.","M.A.S.A."
"1649","HEM2025_1649","PreservedSpecimen","Coleccion",NA,"UNICACH","SPECIES","HEM","Camilo, R.M.","963","C.R.B.B.","E","HEM2025",1,"Campylocentrum micranthum",15.6844444444444,-92.7055555555556,"2006-07-19","change1: Filled coordinateUncertaintyInMeters from decimal-place precision (conservative). | epi_taxo: acceptedName(match1); authorship_epig(match1); genus_from_scientificName; family_WFO; order_majorGroup_WCVP [2026-03-11] | CoordinateCleaner QA applied without sea test (validity, equal, zeros, capitals, centroids, gbif, institutions) [2026-03-29]","standardized authors names in recordedBy","Colección","R.M. Camilo","C.R.B.B."
"1650","HEM2025_1650","PreservedSpecimen","Coleccion",NA,"UNICACH","SPECIES","HEM","A.L.C.","89","N.M.M.","E","HEM2025",1,"Campylocentrum micranthum",15.3733333333333,-92.6611111111111,"2005-07-04","change1: Filled coordinateUncertaintyInMeters from decimal-place precision (conservative). | epi_taxo: acceptedName(match1); authorship_epig(match1); genus_from_scientificName; family_WFO; order_majorGroup_WCVP [2026-03-11] | CoordinateCleaner QA applied without sea test (validity, equal, zeros, capitals, centroids, gbif, institutions) [2026-03-29]","","Colección","A.L.C.","N.M.M."
"1651","HEM2025_1651","PreservedSpecimen","Coleccion",NA,"UNICACH","SPECIES","HEM","M.M.M. | N.M.M. | R.J.R.V. | E.C.N.","4271","N.M.M.","E","HEM2025",1,"Campylocentrum micranthum",15.099,-92.1409722222222,"2014-06-18","change1: Filled coordinateUncertaintyInMeters from decimal-place precision (conservative). | epi_taxo: acceptedName(match1); authorship_epig(match1); genus_from_scientificName; family_WFO; order_majorGroup_WCVP [2026-03-11] | CoordinateCleaner QA applied without sea test (validity, equal, zeros, capitals, centroids, gbif, institutions) [2026-03-29]","standardized authors names in recordedBy","Colección","M.M.M. & N.M.M. & R.J.R.V. & E.C.N.","N.M.M."
"1652","HEM2025_1652","PreservedSpecimen","Coleccion",NA,"UNICACH","SPECIES","HEM","M.M.M. | M.C.R.M.","5089","N.M.M.","E","HEM2025",1,"Campylocentrum micranthum",15.0993611111111,-92.1659722222222,"2014-09-16","change1: Filled coordinateUncertaintyInMeters from decimal-place precision (conservative). | epi_taxo: acceptedName(match1); authorship_epig(match1); genus_from_scientificName; family_WFO; order_majorGroup_WCVP [2026-03-11] | CoordinateCleaner QA applied without sea test (validity, equal, zeros, capitals, centroids, gbif, institutions) [2026-03-29]","standardized authors names in recordedBy","Colección","M.M.M. & M.C.R.M.","N.M.M."
"1653","HEM2025_1653","PreservedSpecimen","Coleccion",NA,"UNICACH","FORM","HEM","M.M.M. | Camilo, R.M. | E.A.M.A. | M.I.L.R. | N.A.F.R.","4730","N.M.M.","E","HEM2025",1,"Campylocentrum pachyrrhizum",15.0926111111111,-92.1466944444444,"2014-07-07","change1: Corrected taxonRank (SPECIES→FORM); kept scientificName as-is. | change2: Filled coordinateUncertaintyInMeters from decimal-place precision (conservative). | epi_taxo: acceptedName(match1); authorship_epig(match1); genus_from_scientificName; family_WFO; order_majorGroup_WCVP [2026-03-11] | CoordinateCleaner QA applied without sea test (validity, equal, zeros, capitals, centroids, gbif, institutions) [2026-03-29]","standardized authors names in recordedBy","Colección","M.M.M. & R.M. Camilo & E.A.M.A. & M.I.L.R. & N.A.F.R.","N.M.M."
"1654","HEM2025_1654","PreservedSpecimen","Coleccion",NA,"UNICACH","FORM","HEM","M.M.M. | Camilo, R.M. | E.A.M.A. | M.I.L.R. | N.A.F.R.","4770","N.M.M.","E","HEM2025",1,"Campylocentrum pachyrrhizum",15.0926111111111,-92.1466944444444,"2014-07-07","change1: Corrected taxonRank (SPECIES→FORM); kept scientificName as-is. | change2: Filled coordinateUncertaintyInMeters from decimal-place precision (conservative). | epi_taxo: acceptedName(match1); authorship_epig(match1); genus_from_scientificName; family_WFO; order_majorGroup_WCVP [2026-03-11] | CoordinateCleaner QA applied without sea test (validity, equal, zeros, capitals, centroids, gbif, institutions) [2026-03-29]","standardized authors names in recordedBy","Colección","M.M.M. & R.M. Camilo & E.A.M.A. & M.I.L.R. & N.A.F.R.","N.M.M."
"1655","HEM2025_1655","PreservedSpecimen","Coleccion",NA,"UNICACH","FORM","HEM","M.M.M. | M.C.R.M.","5140","N.M.M.","E","HEM2025",1,"Campylocentrum schiedei",15.1046944444444,-92.1807222222222,"2014-09-17","change1: Corrected taxonRank (SPECIES→FORM); kept scientificName as-is. | change2: Filled coordinateUncertaintyInMeters from decimal-place precision (conservative). | epi_taxo: acceptedName(match1); authorship_epig(match1); genus_from_scientificName; family_WFO; order_majorGroup_WCVP [2026-03-11] | CoordinateCleaner QA applied without sea test (validity, equal, zeros, capitals, centroids, gbif, institutions) [2026-03-29]","standardized authors names in recordedBy","Colección","M.M.M. & M.C.R.M.","N.M.M."
"1656","HEM2025_1656","PreservedSpecimen","Coleccion",NA,"UNICACH","SPECIES","HEM","H.R.E.","23-bis","H.R.E.","E","HEM2025",1,"Catasetum integerrimum",16.7671388888889,-93.1065,"2005-05-19","change1: Filled coordinateUncertaintyInMeters from decimal-place precision (conservative). | epi_taxo: acceptedName(match1); authorship_epig(match1); genus_from_scientificName; family_WFO; order_majorGroup_WCVP [2026-03-11] | CoordinateCleaner QA applied without sea test (validity, equal, zeros, capitals, centroids, gbif, institutions) [2026-03-29]","","Colección","H.R.E.","H.R.E."
"1657","HEM2025_1657","PreservedSpecimen","Coleccion",NA,"UNICACH","SPECIES","HEM","T.B.C.","47213","Dressler, R.L.","E","HEM2025",3,"Cattleya marcaliana",15.0522222222222,-92.1188888888889,"1979-02-10","change1: Filled coordinateUncertaintyInMeters from decimal-place precision (conservative). | epi_taxo: acceptedName(match1); authorship_epig(match1); genus_from_scientificName; family_WFO; order_majorGroup_WCVP [2026-03-11] | CoordinateCleaner QA applied without sea test (validity, equal, zeros, capitals, centroids, gbif, institutions) [2026-03-29]","standardized authors names in identifiedBy","Colección","T.B.C.","R.L. Dressler"
"1658","HEM2025_1658","PreservedSpecimen","Coleccion",NA,"UNICACH","SPECIES","HEM","E.M.L.","737","Najarro, F.H.","E","HEM2025",3,"Cattleya marcaliana",15.9316666666667,-93.2480555555556,"2003-02-21","change1: Filled coordinateUncertaintyInMeters from decimal-place precision (conservative). | epi_taxo: acceptedName(match1); authorship_epig(match1); genus_from_scientificName; family_WFO; order_majorGroup_WCVP [2026-03-11] | CoordinateCleaner QA applied without sea test (validity, equal, zeros, capitals, centroids, gbif, institutions) [2026-03-29]","standardized authors names in identifiedBy","Colección","E.M.L.","F.H. Najarro"
"1659","HEM2025_1659","PreservedSpecimen","Coleccion",NA,"UNICACH","SPECIES","HEM","E.M.L.","798","O.F.S.","E","HEM2025",3,"Cattleya marcaliana",16.025,-93.4063888888889,"2003-02-26","change1: Filled coordinateUncertaintyInMeters from decimal-place precision (conservative). | epi_taxo: acceptedName(match1); authorship_epig(match1); genus_from_scientificName; family_WFO; order_majorGroup_WCVP [2026-03-11] | CoordinateCleaner QA applied without sea test (validity, equal, zeros, capitals, centroids, gbif, institutions) [2026-03-29]","","Colección","E.M.L.","O.F.S."
"1660","HEM2025_1660","PreservedSpecimen","Coleccion",NA,"UNICACH","SPECIES","HEM","Najarro, F.H. | C.M.M.","1638A","O.F.S.","E","HEM2025",3,"Cattleya marcaliana",16.0919444444444,-93.3222222222222,"2004-01-31","change1: Filled coordinateUncertaintyInMeters from decimal-place precision (conservative). | epi_taxo: acceptedName(match1); authorship_epig(match1); genus_from_scientificName; family_WFO; order_majorGroup_WCVP [2026-03-11] | CoordinateCleaner QA applied without sea test (validity, equal, zeros, capitals, centroids, gbif, institutions) [2026-03-29]","standardized authors names in recordedBy","Colección","F.H. Najarro & C.M.M.","O.F.S."
"1661","HEM2025_1661","PreservedSpecimen","Coleccion",NA,"UNICACH","SPECIES","HEM","J.C.S. | A.R.G. | M.E.L.V. | A.E.","22981","M.A.S.A.","E","HEM2025",3,"Cattleya marcaliana",16.4366666666667,-93.9269444444444,"2002-04-25","change1: Filled coordinateUncertaintyInMeters from decimal-place precision (conservative). | epi_taxo: acceptedName(match1); authorship_epig(match1); genus_from_scientificName; family_WFO; order_majorGroup_WCVP [2026-03-11] | CoordinateCleaner QA applied without sea test (validity, equal, zeros, capitals, centroids, gbif, institutions) [2026-03-29]","standardized authors names in recordedBy","Colección","J.C.S. & A.R.G. & M.E.L.V. & A.E.","M.A.S.A."
"1662","HEM2025_1662","PreservedSpecimen","Coleccion",NA,"UNICACH","SPECIES","HEM","N.M.M.","225","G.A.S.","E","HEM2025",1,"Guarianthe hennisiana",15.8011111111111,-93.0177777777778,"2002-02-23","change1: Filled coordinateUncertaintyInMeters from decimal-place precision (conservative). | epi_taxo: acceptedName(match1); authorship_epig(match1); genus_from_scientificName; family_WFO; order_majorGroup_WCVP [2026-03-11] | CoordinateCleaner QA applied without sea test (validity, equal, zeros, capitals, centroids, gbif, institutions) [2026-03-29]","","Colección","N.M.M.","G.A.S."
"1663","HEM2025_1663","PreservedSpecimen","Coleccion",NA,"UNICACH","SPECIES","HEM","E.M.L.","236","O.F.S.","E","HEM2025",1,"Guarianthe hennisiana",16.0011111111111,-93.4072222222222,"2002-06-29","change1: Filled coordinateUncertaintyInMeters from decimal-place precision (conservative). | epi_taxo: acceptedName(match1); authorship_epig(match1); genus_from_scientificName; family_WFO; order_majorGroup_WCVP [2026-03-11] | CoordinateCleaner QA applied without sea test (validity, equal, zeros, capitals, centroids, gbif, institutions) [2026-03-29]","","Colección","E.M.L.","O.F.S."
"1664","HEM2025_1664","PreservedSpecimen","Coleccion",NA,"UNICACH","SPECIES","HEM","N.M.M.","191","G.A.S.","E","HEM2025",1,"Guarianthe hennisiana",15.7227777777778,-92.9436111111111,"2002-02-05","change1: Filled coordinateUncertaintyInMeters from decimal-place precision (conservative). | epi_taxo: acceptedName(match1); authorship_epig(match1); genus_from_scientificName; family_WFO; order_majorGroup_WCVP [2026-03-11] | CoordinateCleaner QA applied without sea test (validity, equal, zeros, capitals, centroids, gbif, institutions) [2026-03-29]","","Colección","N.M.M.","G.A.S."
"1665","HEM2025_1665","PreservedSpecimen","Coleccion",NA,"UNICACH","SPECIES","HEM","J.M.M.","32-bis","N.M.M.","E","HEM2025",1,"Guarianthe hennisiana",15.9836111111111,-93.2925,"2002-03-08","change1: Filled coordinateUncertaintyInMeters from decimal-place precision (conservative). | epi_taxo: acceptedName(match1); authorship_epig(match1); genus_from_scientificName; family_WFO; order_majorGroup_WCVP [2026-03-11] | CoordinateCleaner QA applied without sea test (validity, equal, zeros, capitals, centroids, gbif, institutions) [2026-03-29]","","Colección","J.M.M.","N.M.M."
"1666","HEM2025_1666","PreservedSpecimen","Coleccion",NA,"UNICACH","SPECIES","HEM","E.M.L.","165","O.F.S.","E","HEM2025",1,"Guarianthe hennisiana",16.0269444444444,-93.3058333333333,"2002-03-10","change1: Filled coordinateUncertaintyInMeters from decimal-place precision (conservative). | epi_taxo: acceptedName(match1); authorship_epig(match1); genus_from_scientificName; family_WFO; order_majorGroup_WCVP [2026-03-11] | CoordinateCleaner QA applied without sea test (validity, equal, zeros, capitals, centroids, gbif, institutions) [2026-03-29]","","Colección","E.M.L.","O.F.S."
"1667","HEM2025_1667","PreservedSpecimen","Coleccion",NA,"UNICACH","SPECIES","HEM","E.M.L.","236","O.F.S.","E","HEM2025",1,"Guarianthe hennisiana",16.0011111111111,-93.4072222222222,"2002-06-29","change1: Filled coordinateUncertaintyInMeters from decimal-place precision (conservative). | epi_taxo: acceptedName(match1); authorship_epig(match1); genus_from_scientificName; family_WFO; order_majorGroup_WCVP [2026-03-11] | CoordinateCleaner QA applied without sea test (validity, equal, zeros, capitals, centroids, gbif, institutions) [2026-03-29]","","Colección","E.M.L.","O.F.S."
"1668","HEM2025_1668","PreservedSpecimen","Coleccion",NA,"UNICACH","SPECIES","HEM","J.P.V.H.","199","J.P.V.H. | O.F.S.","E","HEM2025",1,"Guarianthe hennisiana",16.0463888888889,-93.4383333333333,"2003-01-17","change1: Filled coordinateUncertaintyInMeters from decimal-place precision (conservative). | epi_taxo: acceptedName(match1); authorship_epig(match1); genus_from_scientificName; family_WFO; order_majorGroup_WCVP [2026-03-11] | CoordinateCleaner QA applied without sea test (validity, equal, zeros, capitals, centroids, gbif, institutions) [2026-03-29]","standardized authors names in identifiedBy","Colección","J.P.V.H.","J.P.V.H. & O.F.S."
"1669","HEM2025_1669","PreservedSpecimen","Coleccion",NA,"UNICACH","SPECIES","HEM","E.M.L.","540","Najarro, F.H.","E","HEM2025",1,"Guarianthe hennisiana",16.0405555555556,-93.4191666666667,"2003-01-18","change1: Filled coordinateUncertaintyInMeters from decimal-place precision (conservative). | epi_taxo: acceptedName(match1); authorship_epig(match1); genus_from_scientificName; family_WFO; order_majorGroup_WCVP [2026-03-11] | CoordinateCleaner QA applied without sea test (validity, equal, zeros, capitals, centroids, gbif, institutions) [2026-03-29]","standardized authors names in identifiedBy","Colección","E.M.L.","F.H. Najarro"
"1670","HEM2025_1670","PreservedSpecimen","Coleccion",NA,"UNICACH","SPECIES","HEM","O.F.S.","3483","O.F.S.","E","HEM2025",1,"Guarianthe hennisiana",16.0336111111111,-93.3958333333333,"2003-02-26","change1: Filled coordinateUncertaintyInMeters from decimal-place precision (conservative). | epi_taxo: acceptedName(match1); authorship_epig(match1); genus_from_scientificName; family_WFO; order_majorGroup_WCVP [2026-03-11] | CoordinateCleaner QA applied without sea test (validity, equal, zeros, capitals, centroids, gbif, institutions) [2026-03-29]","","Colección","O.F.S.","O.F.S."
"1671","HEM2025_1671","PreservedSpecimen","Coleccion",NA,"UNICACH","SPECIES","HEM","Najarro, F.H. | C.M.M.","1639","O.F.S.","E","HEM2025",1,"Guarianthe hennisiana",16.0919444444444,-93.3222222222222,"2004-01-31","change1: Filled coordinateUncertaintyInMeters from decimal-place precision (conservative). | epi_taxo: acceptedName(match1); authorship_epig(match1); genus_from_scientificName; family_WFO; order_majorGroup_WCVP [2026-03-11] | CoordinateCleaner QA applied without sea test (validity, equal, zeros, capitals, centroids, gbif, institutions) [2026-03-29]","standardized authors names in recordedBy","Colección","F.H. Najarro & C.M.M.","O.F.S."
"1672","HEM2025_1672","PreservedSpecimen","Coleccion",NA,"UNICACH","SPECIES","HEM","N.M.M.","342","G.A.S.","E","HEM2025",1,"Guarianthe hennisiana",15.7555555555556,-93.0333333333333,"2002-03-16","change1: Filled coordinateUncertaintyInMeters from decimal-place precision (conservative). | epi_taxo: acceptedName(match1); authorship_epig(match1); genus_from_scientificName; family_WFO; order_majorGroup_WCVP [2026-03-11] | CoordinateCleaner QA applied without sea test (validity, equal, zeros, capitals, centroids, gbif, institutions) [2026-03-29]","","Colección","N.M.M.","G.A.S."
"1673","HEM2025_1673","PreservedSpecimen","Coleccion",NA,"UNICACH","SPECIES","HEM","O.F.S.","348","O.F.S.","E","HEM2025",1,"Guarianthe hennisiana",16.6,-93.55,"1994-01-23","change1: Filled coordinateUncertaintyInMeters from decimal-place precision (conservative). | epi_taxo: acceptedName(match1); authorship_epig(match1); genus_from_scientificName; family_WFO; order_majorGroup_WCVP [2026-03-11] | CoordinateCleaner QA applied without sea test (validity, equal, zeros, capitals, centroids, gbif, institutions) [2026-03-29]","","Colección","O.F.S.","O.F.S."
"1674","HEM2025_1674","PreservedSpecimen","Coleccion",NA,"UNICACH","SPECIES","HEM","O.F.S.","348","O.F.S.","E","HEM2025",1,"Guarianthe hennisiana",16.6,-93.55,"1994-01-23","change1: Filled coordinateUncertaintyInMeters from decimal-place precision (conservative). | epi_taxo: acceptedName(match1); authorship_epig(match1); genus_from_scientificName; family_WFO; order_majorGroup_WCVP [2026-03-11] | CoordinateCleaner QA applied without sea test (validity, equal, zeros, capitals, centroids, gbif, institutions) [2026-03-29]","","Colección","O.F.S.","O.F.S."
"1675","HEM2025_1675","PreservedSpecimen","Coleccion",NA,"UNICACH","FORM","HEM","A.M.G. | G.U. | E.M.S.","163-bis","G.A.S.","E","HEM2025",1,"Caularthron bilamellatum",16.8211111111111,-90.8877777777778,"1987-05-26","change1: Corrected taxonRank (SPECIES→FORM); kept scientificName as-is. | change2: Filled coordinateUncertaintyInMeters from decimal-place precision (conservative). | epi_taxo: acceptedName(match1); authorship_epig(match1); genus_from_scientificName; family_WFO; order_majorGroup_WCVP [2026-03-11] | CoordinateCleaner QA applied without sea test (validity, equal, zeros, capitals, centroids, gbif, institutions) [2026-03-29]","standardized authors names in recordedBy","Colección","A.M.G. & G.U. & E.M.S.","G.A.S."
"1676","HEM2025_1676","PreservedSpecimen","Coleccion",NA,"UNICACH","SPECIES","HEM","E.M.L.","19","O.F.S.","E","HEM2025",1,"Clowesia dodsoniana",16.0008333333333,-93.4616666666667,"2002-03-02","change1: Filled coordinateUncertaintyInMeters from decimal-place precision (conservative). | epi_taxo: acceptedName(match1); authorship_epig(match1); genus_from_scientificName; family_WFO; order_majorGroup_WCVP [2026-03-11] | CoordinateCleaner QA applied without sea test (validity, equal, zeros, capitals, centroids, gbif, institutions) [2026-03-29]","","Colección","E.M.L.","O.F.S."
"1677","HEM2025_1677","PreservedSpecimen","Coleccion",NA,"UNICACH","SPECIES","HEM","C.L.M.M.","4","C.L.M.M.","E","HEM2025",1,"Clowesia russelliana",16.6680555555556,-93.4152777777778,"1994-05-31","change1: Filled coordinateUncertaintyInMeters from decimal-place precision (conservative). | epi_taxo: acceptedName(match1); authorship_epig(match1); genus_from_scientificName; family_WFO; order_majorGroup_WCVP [2026-03-11] | CoordinateCleaner QA applied without sea test (validity, equal, zeros, capitals, centroids, gbif, institutions) [2026-03-29]","","Colección","C.L.M.M.","C.L.M.M."
"1678","HEM2025_1678","PreservedSpecimen","Coleccion",NA,"UNICACH","SPECIES","HEM","T.E.C.C.","80","N.M.M.","E","HEM2025",1,"Coelia macrostachya",16.7866111111111,-94.0265833333333,"2007-04-30","change1: Filled coordinateUncertaintyInMeters from decimal-place precision (conservative). | epi_taxo: acceptedName(match1); authorship_epig(match1); genus_from_scientificName; family_WFO; order_majorGroup_WCVP [2026-03-11] | CoordinateCleaner QA applied without sea test (validity, equal, zeros, capitals, centroids, gbif, institutions) [2026-03-29]","standardized authors names in recordedBy","Colección","T.E.C.C","N.M.M."
"1679","HEM2025_1679","PreservedSpecimen","Coleccion",NA,"UNICACH","GENUS","HEM","N.M.M.","2163","N.M.M.","E","HEM2025",NA,"",16.7866111111111,-94.0265833333333,"2007-11-14","change1: Genus placeholder (sp./spp.): moved to 'genus', set taxonRank=GENUS, cleared scientificName; kept original in verbatim. | change2: Filled coordinateUncertaintyInMeters from decimal-place precision (conservative). | epi_taxo: acceptedName(match1); authorship_epig(match1); genus_from_scientificName; family_WFO; order_majorGroup_WCVP [2026-03-11] | CoordinateCleaner QA applied without sea test (validity, equal, zeros, capitals, centroids, gbif, institutions) [2026-03-29]","","Colección","N.M.M.","N.M.M."
"1680","HEM2025_1680","PreservedSpecimen","Coleccion",NA,"UNICACH","SPECIES","HEM","H.G.D.","186","W.C.I.","E","HEM2025",1,"Trichocentrum ascendens",16.0402777777778,-93.3130555555556,"2003-02-21","change1: Filled coordinateUncertaintyInMeters from decimal-place precision (conservative). | epi_taxo: acceptedName(match1); authorship_epig(match1); genus_from_scientificName; family_WFO; order_majorGroup_WCVP [2026-03-11] | CoordinateCleaner QA applied without sea test (validity, equal, zeros, capitals, centroids, gbif, institutions) [2026-03-29]","","Colección","H.G.D.","W.C.I."
"1681","HEM2025_1681","PreservedSpecimen","Coleccion",NA,"UNICACH","SPECIES","HEM","A.L.C.","231","W.C.I.","E","HEM2025",1,"Trichocentrum ascendens",15.3772222222222,-92.6583333333333,"2006-01-12","change1: Filled coordinateUncertaintyInMeters from decimal-place precision (conservative). | epi_taxo: acceptedName(match1); authorship_epig(match1); genus_from_scientificName; family_WFO; order_majorGroup_WCVP [2026-03-11] | CoordinateCleaner QA applied without sea test (validity, equal, zeros, capitals, centroids, gbif, institutions) [2026-03-29]","","Colección","A.L.C.","W.C.I."
"1682","HEM2025_1682","PreservedSpecimen","Coleccion",NA,"UNICACH","SPECIES","HEM","M.M.M. | M.C.R.M.","3974","N.M.M.","E","HEM2025",1,"Trichocentrum ascendens",15.1085,-92.2040555555556,"2014-02-02","change1: Filled coordinateUncertaintyInMeters from decimal-place precision (conservative). | epi_taxo: acceptedName(match1); authorship_epig(match1); genus_from_scientificName; family_WFO; order_majorGroup_WCVP [2026-03-11] | CoordinateCleaner QA applied without sea test (validity, equal, zeros, capitals, centroids, gbif, institutions) [2026-03-29]","standardized authors names in recordedBy","Colección","M.M.M. & M.C.R.M.","N.M.M."
"1683","HEM2025_1683","PreservedSpecimen","Coleccion",NA,"UNICACH","SPECIES","HEM","H.G.D.","1046","C.R.B.B.","E","HEM2025",1,"Comparettia falcata",15.6212222222222,-92.6844166666667,"2005-06-14","change1: Filled coordinateUncertaintyInMeters from decimal-place precision (conservative). | epi_taxo: acceptedName(match1); authorship_epig(match1); genus_from_scientificName; family_WFO; order_majorGroup_WCVP [2026-03-11] | CoordinateCleaner QA applied without sea test (validity, equal, zeros, capitals, centroids, gbif, institutions) [2026-03-29]","","Colección","H.G.D.","C.R.B.B."
"1684","HEM2025_1684","PreservedSpecimen","Coleccion",NA,"UNICACH","SPECIES","HEM","M.M.M. | M.D.E.M.","651","N.M.M.","E","HEM2025",3,"Polystachya concreta",15.2559166666667,-92.2205,"2013-02-07","change1: Filled coordinateUncertaintyInMeters from decimal-place precision (conservative). | epi_taxo: acceptedName(match1); authorship_epig(match1); genus_from_scientificName; family_WFO; order_majorGroup_WCVP [2026-03-11] | CoordinateCleaner QA applied without sea test (validity, equal, zeros, capitals, centroids, gbif, institutions) [2026-03-29]","standardized authors names in recordedBy","Colección","M.M.M. & M.D.E.M.","N.M.M."
"1685","HEM2025_1685","PreservedSpecimen","Coleccion",NA,"UNICACH","SPECIES","HEM","M.D.R.S.","46-bis","C.R.B.B.","E","HEM2025",1,"Cuitlauzina pulchella",15.7697222222222,-92.9361111111111,"2005-04-21","change1: Filled coordinateUncertaintyInMeters from decimal-place precision (conservative). | epi_taxo: acceptedName(match1); authorship_epig(match1); genus_from_scientificName; family_WFO; order_majorGroup_WCVP [2026-03-11] | CoordinateCleaner QA applied without sea test (validity, equal, zeros, capitals, centroids, gbif, institutions) [2026-03-29]","","Colección","M.D.R.S.","C.R.B.B."
"1686","HEM2025_1686","PreservedSpecimen","Coleccion",NA,"UNICACH","SPECIES","HEM","J.M.M.","162","C.R.B.B.","E","HEM2025",1,"Cuitlauzina pulchella",16.0577777777778,-93.4494444444445,"2003-01-18","change1: Filled coordinateUncertaintyInMeters from decimal-place precision (conservative). | epi_taxo: acceptedName(match1); authorship_epig(match1); genus_from_scientificName; family_WFO; order_majorGroup_WCVP [2026-03-11] | CoordinateCleaner QA applied without sea test (validity, equal, zeros, capitals, centroids, gbif, institutions) [2026-03-29]","","Colección","J.M.M.","C.R.B.B."
"1687","HEM2025_1687","PreservedSpecimen","Coleccion",NA,"UNICACH","SPECIES","HEM","C.A.P.B.","172","C.R.B.B.","E","HEM2025",1,"Cuitlauzina pulchella",15.5756944444444,-92.5801388888889,"2006-08-17","change1: Filled coordinateUncertaintyInMeters from decimal-place precision (conservative). | epi_taxo: acceptedName(match1); authorship_epig(match1); genus_from_scientificName; family_WFO; order_majorGroup_WCVP [2026-03-11] | CoordinateCleaner QA applied without sea test (validity, equal, zeros, capitals, centroids, gbif, institutions) [2026-03-29]","","Colección","C.A.P.B.","C.R.B.B."
"1688","HEM2025_1688","PreservedSpecimen","Coleccion",NA,"UNICACH","SPECIES","HEM","Camilo, R.M. | R.V.H. | M.M.M.","2843","Camilo, R.M.","E","HEM2025",1,"Cuitlauzina pulchella",15.1296111111111,-92.1824444444444,"2015-03-24","change1: Filled coordinateUncertaintyInMeters from decimal-place precision (conservative). | epi_taxo: acceptedName(match1); authorship_epig(match1); genus_from_scientificName; family_WFO; order_majorGroup_WCVP [2026-03-11] | CoordinateCleaner QA applied without sea test (validity, equal, zeros, capitals, centroids, gbif, institutions) [2026-03-29]","standardized authors names in recordedBy / standardized authors names in identifiedBy","Colección","R.M. Camilo & R.V.H. & M.M.M.","R.M. Camilo"
"1689","HEM2025_1689","PreservedSpecimen","Coleccion",NA,"UNICACH","SPECIES","HEM","D.A.J.L. | M.M.M.","6","D.A.J.L. | N.M.M.","E","HEM2025",3,"Hapalorchis lineata",15.1481666666667,-92.1383055555556,"2014-01-18","change1: Filled coordinateUncertaintyInMeters from decimal-place precision (conservative). | epi_taxo: acceptedName(match1); authorship_epig(match1); genus_from_scientificName; family_WFO; order_majorGroup_WCVP [2026-03-11] | CoordinateCleaner QA applied without sea test (validity, equal, zeros, capitals, centroids, gbif, institutions) [2026-03-29]","standardized authors names in recordedBy / standardized authors names in identifiedBy","Colección","D.A.J.L. & M.M.M.","D.A.J.L. & N.M.M."
"1690","HEM2025_1690","PreservedSpecimen","Coleccion",NA,"UNICACH","SPECIES","HEM","D.A.J.L. | M.M.M.","6","D.A.J.L. | N.M.M.","E","HEM2025",3,"Hapalorchis lineata",15.1481666666667,-92.1383055555556,"2014-01-18","change1: Filled coordinateUncertaintyInMeters from decimal-place precision (conservative). | epi_taxo: acceptedName(match1); authorship_epig(match1); genus_from_scientificName; family_WFO; order_majorGroup_WCVP [2026-03-11] | CoordinateCleaner QA applied without sea test (validity, equal, zeros, capitals, centroids, gbif, institutions) [2026-03-29]","standardized authors names in recordedBy / standardized authors names in identifiedBy","Colección","D.A.J.L. & M.M.M.","D.A.J.L. & N.M.M."
"1691","HEM2025_1691","PreservedSpecimen","Coleccion",NA,"UNICACH","SPECIES","HEM","Najarro, F.H. | M N.M.G. | U.G.M.","1208","O.F.S. | Cachon, T.C.","E","HEM2025",3,"Hapalorchis lineata",15.9463888888889,-93.4036111111111,"2002-11-16","change1: Filled coordinateUncertaintyInMeters from decimal-place precision (conservative). | epi_taxo: acceptedName(match1); authorship_epig(match1); genus_from_scientificName; family_WFO; order_majorGroup_WCVP [2026-03-11] | CoordinateCleaner QA applied without sea test (validity, equal, zeros, capitals, centroids, gbif, institutions) [2026-03-29]","standardized authors names in recordedBy / standardized authors names in identifiedBy","Colección","F.H. Najarro & M N.M.G. & U.G.M.","O.F.S. & T.C. Cachón"
"1692","HEM2025_1692","PreservedSpecimen","Coleccion",NA,"UNICACH","SPECIES","HEM","M.M.M. | A.L.C.","4872","N.M.M.","E","HEM2025",1,"Cycnoches egertonianum",15.0942222222222,-92.1718611111111,"2014-08-15","change1: Filled coordinateUncertaintyInMeters from decimal-place precision (conservative). | epi_taxo: acceptedName(match1); authorship_epig(match1); genus_from_scientificName; family_WFO; order_majorGroup_WCVP [2026-03-11] | CoordinateCleaner QA applied without sea test (validity, equal, zeros, capitals, centroids, gbif, institutions) [2026-03-29]","standardized authors names in recordedBy","Colección","M.M.M. & A.L.C.","N.M.M."
"1693","HEM2025_1693","PreservedSpecimen","Coleccion",NA,"UNICACH","SPECIES","HEM","Camilo, R.M. | N.M.M.","2549","C.R.B.B.","E","HEM2025",1,"Cycnoches egertonianum",15.0969444444444,-92.1347222222222,"2014-08-15","change1: Filled coordinateUncertaintyInMeters from decimal-place precision (conservative). | epi_taxo: acceptedName(match1); authorship_epig(match1); genus_from_scientificName; family_WFO; order_majorGroup_WCVP [2026-03-11] | CoordinateCleaner QA applied without sea test (validity, equal, zeros, capitals, centroids, gbif, institutions) [2026-03-29]","standardized authors names in recordedBy","Colección","R.M. Camilo & N.M.M.","C.R.B.B."
"1694","HEM2025_1694","PreservedSpecimen","Coleccion",NA,"UNICACH","SPECIES","HEM","H.R.E.","56","C.R.B.B.","E","HEM2025",1,"Cycnoches ventricosum",15.5490833333333,-92.6077222222222,"2005-07-21","change1: Filled coordinateUncertaintyInMeters from decimal-place precision (conservative). | epi_taxo: acceptedName(match1); authorship_epig(match1); genus_from_scientificName; family_WFO; order_majorGroup_WCVP [2026-03-11] | CoordinateCleaner QA applied without sea test (validity, equal, zeros, capitals, centroids, gbif, institutions) [2026-03-29]","","Colección","H.R.E.","C.R.B.B."
"1695","HEM2025_1695","PreservedSpecimen","Coleccion",NA,"UNICACH","SPECIES","HEM","A.L.C.","121","A.L.C.L.","E","HEM2025",1,"Cycnoches ventricosum",15.3733333333333,-92.6611111111111,"2005-09-15","change1: Filled coordinateUncertaintyInMeters from decimal-place precision (conservative). | epi_taxo: acceptedName(match1); authorship_epig(match1); genus_from_scientificName; family_WFO; order_majorGroup_WCVP [2026-03-11] | CoordinateCleaner QA applied without sea test (validity, equal, zeros, capitals, centroids, gbif, institutions) [2026-03-29]","","Colección","A.L.C.","A.L.C.L."
"1696","HEM2025_1696","PreservedSpecimen","Coleccion",NA,"UNICACH","SPECIES","HEM","Perez-Farrera, M.A.","2908","G.L.V.","E","HEM2025",1,"Dichaea glauca",17.1441666666667,-92.8941666666667,"2003-03-18","change1: Filled coordinateUncertaintyInMeters from decimal-place precision (conservative). | epi_taxo: acceptedName(match1); authorship_epig(match1); genus_from_scientificName; family_WFO; order_majorGroup_WCVP [2026-03-11] | CoordinateCleaner QA applied without sea test (validity, equal, zeros, capitals, centroids, gbif, institutions) [2026-03-29]","standardized authors names in recordedBy","Colección","M.A. Pérez-Farrera","G.L.V."
"1697","HEM2025_1697","PreservedSpecimen","Coleccion",NA,"UNICACH","SPECIES","HEM","H.G.D.","2133","H.G.D.","E","HEM2025",1,"Dichaea glauca",16.5494166666667,-91.8734166666667,"2009-02-23","change1: Filled coordinateUncertaintyInMeters from decimal-place precision (conservative). | epi_taxo: acceptedName(match1); authorship_epig(match1); genus_from_scientificName; family_WFO; order_majorGroup_WCVP [2026-03-11] | CoordinateCleaner QA applied without sea test (validity, equal, zeros, capitals, centroids, gbif, institutions) [2026-03-29]","","Colección","H.G.D.","H.G.D."
"1698","HEM2025_1698","PreservedSpecimen","Coleccion",NA,"UNICACH","SPECIES","HEM","Najarro, F.H. | U.G.M.","862","O.F.S.","E","HEM2025",1,"Dichaea glauca",15.9752777777778,-93.4544444444444,"2002-04-27","change1: Filled coordinateUncertaintyInMeters from decimal-place precision (conservative). | epi_taxo: acceptedName(match1); authorship_epig(match1); genus_from_scientificName; family_WFO; order_majorGroup_WCVP [2026-03-11] | CoordinateCleaner QA applied without sea test (validity, equal, zeros, capitals, centroids, gbif, institutions) [2026-03-29]","standardized authors names in recordedBy","Colección","F.H. Najarro & U.G.M.","O.F.S."
"1699","HEM2025_1699","PreservedSpecimen","Coleccion",NA,"UNICACH","SPECIES","HEM","N.M.M. | M.M.M. | E.C.N.","3976","N.M.M. | Camilo, R.M.","E","HEM2025",1,"Dichaea glauca",15.1032777777778,-92.1645555555556,"2015-03-10","change1: Filled coordinateUncertaintyInMeters from decimal-place precision (conservative). | epi_taxo: acceptedName(match1); authorship_epig(match1); genus_from_scientificName; family_WFO; order_majorGroup_WCVP [2026-03-11] | CoordinateCleaner QA applied without sea test (validity, equal, zeros, capitals, centroids, gbif, institutions) [2026-03-29]","standardized authors names in recordedBy / standardized authors names in identifiedBy","Colección","N.M.M. & M.M.M. & E.C.N.","N.M.M. & R.M. Camilo"
"1700","HEM2025_1700","PreservedSpecimen","Coleccion",NA,"UNICACH","SPECIES","HEM","N.M.M.","405-bis","G.L.V.","E","HEM2025",1,"Dichaea glauca",15.7197222222222,-92.9361111111111,"2002-02-05","change1: Filled coordinateUncertaintyInMeters from decimal-place precision (conservative). | epi_taxo: acceptedName(match1); authorship_epig(match1); genus_from_scientificName; family_WFO; order_majorGroup_WCVP [2026-03-11] | CoordinateCleaner QA applied without sea test (validity, equal, zeros, capitals, centroids, gbif, institutions) [2026-03-29]","","Colección","N.M.M.","G.L.V."
"1701","HEM2025_1701","PreservedSpecimen","Coleccion",NA,"UNICACH","SPECIES","HEM","Camilo, R.M. | M.I.L.R. | N.A.F.R.","2300","Camilo, R.M.","E","HEM2025",1,"Dichaea graminoides",15.0928888888889,-92.1475,"2014-07-06","change1: Filled coordinateUncertaintyInMeters from decimal-place precision (conservative). | epi_taxo: acceptedName(match1); authorship_epig(match1); genus_from_scientificName; family_WFO; order_majorGroup_WCVP [2026-03-11] | CoordinateCleaner QA applied without sea test (validity, equal, zeros, capitals, centroids, gbif, institutions) [2026-03-29]","standardized authors names in recordedBy / standardized authors names in identifiedBy","Colección","R.M. Camilo & M.I.L.R. & N.A.F.R.","R.M. Camilo"
"1702","HEM2025_1702","PreservedSpecimen","Coleccion",NA,"UNICACH","SPECIES","HEM","M.G.D.","399","G.L.V.","E","HEM2025",1,"Dichaea muricatoides",15.0913888888889,-92.0994444444444,"2005-05-27","change1: Filled coordinateUncertaintyInMeters from decimal-place precision (conservative). | epi_taxo: acceptedName(match1); authorship_epig(match1); genus_from_scientificName; family_WFO; order_majorGroup_WCVP [2026-03-11] | CoordinateCleaner QA applied without sea test (validity, equal, zeros, capitals, centroids, gbif, institutions) [2026-03-29]","","Colección","M.G.D.","G.L.V."
"1703","HEM2025_1703","PreservedSpecimen","Coleccion",NA,"UNICACH","SPECIES","HEM","G.L.V.","211","G.L.V.","E","HEM2025",1,"Dichaea muricatoides",15.1027777777778,-92.0880555555556,"2005-11-23","change1: Filled coordinateUncertaintyInMeters from decimal-place precision (conservative). | epi_taxo: acceptedName(match1); authorship_epig(match1); genus_from_scientificName; family_WFO; order_majorGroup_WCVP [2026-03-11] | CoordinateCleaner QA applied without sea test (validity, equal, zeros, capitals, centroids, gbif, institutions) [2026-03-29]","","Colección","G.L.V.","G.L.V."
"1704","HEM2025_1704","PreservedSpecimen","Coleccion",NA,"UNICACH","SPECIES","HEM","N.M.M.","782","J.M.M.","E","HEM2025",1,"Dichaea muricatoides",15.7363888888889,-92.9361111111111,"2005-04-21","change1: Filled coordinateUncertaintyInMeters from decimal-place precision (conservative). | epi_taxo: acceptedName(match1); authorship_epig(match1); genus_from_scientificName; family_WFO; order_majorGroup_WCVP [2026-03-11] | CoordinateCleaner QA applied without sea test (validity, equal, zeros, capitals, centroids, gbif, institutions) [2026-03-29]","","Colección","N.M.M.","J.M.M."
"1705","HEM2025_1705","PreservedSpecimen","Coleccion",NA,"UNICACH","SPECIES","HEM","F.E.P.C.","213","Cachon, T.C.","E","HEM2025",1,"Dichaea muricatoides",15.8541666666667,-93.2180555555556,"1999-05-28","change1: Filled coordinateUncertaintyInMeters from decimal-place precision (conservative). | epi_taxo: acceptedName(match1); authorship_epig(match1); genus_from_scientificName; family_WFO; order_majorGroup_WCVP [2026-03-11] | CoordinateCleaner QA applied without sea test (validity, equal, zeros, capitals, centroids, gbif, institutions) [2026-03-29]","standardized authors names in identifiedBy","Colección","F.E.P.C.","T.C. Cachón"
"1706","HEM2025_1706","PreservedSpecimen","Coleccion",NA,"UNICACH","SPECIES","HEM","M.M.M. | N.M.M. | R.J.R.V. | E.C.N.","4351","N.M.M.","E","HEM2025",1,"Dichaea muricatoides",15.096,-92.1404722222222,"2014-06-18","change1: Filled coordinateUncertaintyInMeters from decimal-place precision (conservative). | epi_taxo: acceptedName(match1); authorship_epig(match1); genus_from_scientificName; family_WFO; order_majorGroup_WCVP [2026-03-11] | CoordinateCleaner QA applied without sea test (validity, equal, zeros, capitals, centroids, gbif, institutions) [2026-03-29]","standardized authors names in recordedBy","Colección","M.M.M. & N.M.M. & R.J.R.V. & E.C.N.","N.M.M."
"1707","HEM2025_1707","PreservedSpecimen","Coleccion",NA,"UNICACH","SPECIES","HEM","M.M.M. | Camilo, R.M. | E.A.M.A. | M.I.L.R. | N.A.F.R.","4769","N.M.M.","E","HEM2025",1,"Dichaea muricatoides",15.0926111111111,-92.1466944444444,"2014-07-07","change1: Filled coordinateUncertaintyInMeters from decimal-place precision (conservative). | epi_taxo: acceptedName(match1); authorship_epig(match1); genus_from_scientificName; family_WFO; order_majorGroup_WCVP [2026-03-11] | CoordinateCleaner QA applied without sea test (validity, equal, zeros, capitals, centroids, gbif, institutions) [2026-03-29]","standardized authors names in recordedBy","Colección","M.M.M. & R.M. Camilo & E.A.M.A. & M.I.L.R. & N.A.F.R.","N.M.M."
"1708","HEM2025_1708","PreservedSpecimen","Coleccion",NA,"UNICACH","SPECIES","HEM","M.M.M. | E.A.M.A.","4810","N.M.M.","E","HEM2025",1,"Dichaea muricatoides",15.0935,-92.1405,"2014-07-08","change1: Filled coordinateUncertaintyInMeters from decimal-place precision (conservative). | epi_taxo: acceptedName(match1); authorship_epig(match1); genus_from_scientificName; family_WFO; order_majorGroup_WCVP [2026-03-11] | CoordinateCleaner QA applied without sea test (validity, equal, zeros, capitals, centroids, gbif, institutions) [2026-03-29]","standardized authors names in recordedBy","Colección","M.M.M. & E.A.M.A.","N.M.M."
"1709","HEM2025_1709","PreservedSpecimen","Coleccion",NA,"UNICACH","SPECIES","HEM","M.M.M. | A.L.C.","4965","N.M.M.","E","HEM2025",1,"Dichaea muricatoides",15.1059166666667,-92.1953333333333,"2014-08-17","change1: Filled coordinateUncertaintyInMeters from decimal-place precision (conservative). | epi_taxo: acceptedName(match1); authorship_epig(match1); genus_from_scientificName; family_WFO; order_majorGroup_WCVP [2026-03-11] | CoordinateCleaner QA applied without sea test (validity, equal, zeros, capitals, centroids, gbif, institutions) [2026-03-29]","standardized authors names in recordedBy","Colección","M.M.M. & A.L.C.","N.M.M."
"1710","HEM2025_1710","PreservedSpecimen","Coleccion",NA,"UNICACH","SPECIES","HEM","Camilo, R.M. | M.I.L.R. | N.A.F.R.","2204","Camilo, R.M.","E","HEM2025",1,"Dichaea muricatoides",15.1024166666667,-92.1347222222222,"2014-07-04","change1: Filled coordinateUncertaintyInMeters from decimal-place precision (conservative). | epi_taxo: acceptedName(match1); authorship_epig(match1); genus_from_scientificName; family_WFO; order_majorGroup_WCVP [2026-03-11] | CoordinateCleaner QA applied without sea test (validity, equal, zeros, capitals, centroids, gbif, institutions) [2026-03-29]","standardized authors names in recordedBy / standardized authors names in identifiedBy","Colección","R.M. Camilo & M.I.L.R. & N.A.F.R.","R.M. Camilo"
"1711","HEM2025_1711","PreservedSpecimen","Coleccion",NA,"UNICACH","SPECIES","HEM","N.M.M. | M.M.M. | E.C.N.","3971","N.M.M. | Camilo, R.M.","E","HEM2025",1,"Dichaea muricatoides",15.1032777777778,-92.1645555555556,"2015-03-10","change1: Filled coordinateUncertaintyInMeters from decimal-place precision (conservative). | epi_taxo: acceptedName(match1); authorship_epig(match1); genus_from_scientificName; family_WFO; order_majorGroup_WCVP [2026-03-11] | CoordinateCleaner QA applied without sea test (validity, equal, zeros, capitals, centroids, gbif, institutions) [2026-03-29]","standardized authors names in recordedBy / standardized authors names in identifiedBy","Colección","N.M.M. & M.M.M. & E.C.N.","N.M.M. & R.M. Camilo"
"1712","HEM2025_1712","PreservedSpecimen","Coleccion",NA,"UNICACH","SPECIES","HEM","N.M.M. | M.M.M. | E.C.N.","4065","N.M.M. | Camilo, R.M.","E","HEM2025",1,"Dichaea muricatoides",15.1065277777778,-92.1586388888889,"2015-03-14","change1: Filled coordinateUncertaintyInMeters from decimal-place precision (conservative). | epi_taxo: acceptedName(match1); authorship_epig(match1); genus_from_scientificName; family_WFO; order_majorGroup_WCVP [2026-03-11] | CoordinateCleaner QA applied without sea test (validity, equal, zeros, capitals, centroids, gbif, institutions) [2026-03-29]","standardized authors names in recordedBy / standardized authors names in identifiedBy","Colección","N.M.M. & M.M.M. & E.C.N.","N.M.M. & R.M. Camilo"
"1713","HEM2025_1713","PreservedSpecimen","Coleccion",NA,"UNICACH","SPECIES","HEM","M.M.M. | D.A.J.L. | R.J.R.V.","5487","N.M.M.","E","HEM2025",1,"Dichaea muricatoides",15.1071944444444,-92.1756666666667,"2015-03-25","change1: Filled coordinateUncertaintyInMeters from decimal-place precision (conservative). | epi_taxo: acceptedName(match1); authorship_epig(match1); genus_from_scientificName; family_WFO; order_majorGroup_WCVP [2026-03-11] | CoordinateCleaner QA applied without sea test (validity, equal, zeros, capitals, centroids, gbif, institutions) [2026-03-29]","standardized authors names in recordedBy","Colección","M.M.M. & D.A.J.L. & R.J.R.V.","N.M.M."
"1714","HEM2025_1714","PreservedSpecimen","Coleccion",NA,"UNICACH","SPECIES","HEM","M.M.M. | S.H.J. | V.E.G.J.","6013","N.M.M.","E","HEM2025",1,"Dichaea muricatoides",15.2405277777778,-92.3088333333333,"2015-05-31","change1: Filled coordinateUncertaintyInMeters from decimal-place precision (conservative). | epi_taxo: acceptedName(match1); authorship_epig(match1); genus_from_scientificName; family_WFO; order_majorGroup_WCVP [2026-03-11] | CoordinateCleaner QA applied without sea test (validity, equal, zeros, capitals, centroids, gbif, institutions) [2026-03-29]","standardized authors names in recordedBy","Colección","M.M.M. & S.H.J. & V.E.G.J.","N.M.M."
"1715","HEM2025_1715","PreservedSpecimen","Coleccion",NA,"UNICACH","SPECIES","HEM","M.M.M. | D.A.J.L. | R.J.R.V.","5587","N.M.M.","E","HEM2025",1,"Dichaea muricatoides",15.0997777777778,-92.1679444444444,"2015-03-27","change1: Filled coordinateUncertaintyInMeters from decimal-place precision (conservative). | epi_taxo: acceptedName(match1); authorship_epig(match1); genus_from_scientificName; family_WFO; order_majorGroup_WCVP [2026-03-11] | CoordinateCleaner QA applied without sea test (validity, equal, zeros, capitals, centroids, gbif, institutions) [2026-03-29]","standardized authors names in recordedBy","Colección","M.M.M. & D.A.J.L. & R.J.R.V.","N.M.M."
"1716","HEM2025_1716","PreservedSpecimen","Coleccion",NA,"UNICACH","SPECIES","HEM","Perez-Farrera, M.A.","2325","G.L.V.","E","HEM2025",1,"Dichaea muricatoides",17.1916666666667,-92.2658333333333,"2000-04-10","change1: Filled coordinateUncertaintyInMeters from decimal-place precision (conservative). | epi_taxo: acceptedName(match1); authorship_epig(match1); genus_from_scientificName; family_WFO; order_majorGroup_WCVP [2026-03-11] | CoordinateCleaner QA applied without sea test (validity, equal, zeros, capitals, centroids, gbif, institutions) [2026-03-29]","standardized authors names in recordedBy","Colección","M.A. Pérez-Farrera","G.L.V."
"1717","HEM2025_1717","PreservedSpecimen","Coleccion",NA,"UNICACH","SPECIES","HEM","Perez-Farrera, M.A.","2325","G.L.V.","E","HEM2025",1,"Dichaea muricatoides",17.1916666666667,-92.2658333333333,"2000-04-10","change1: Filled coordinateUncertaintyInMeters from decimal-place precision (conservative). | epi_taxo: acceptedName(match1); authorship_epig(match1); genus_from_scientificName; family_WFO; order_majorGroup_WCVP [2026-03-11] | CoordinateCleaner QA applied without sea test (validity, equal, zeros, capitals, centroids, gbif, institutions) [2026-03-29]","standardized authors names in recordedBy","Colección","M.A. Pérez-Farrera","G.L.V."
"1718","HEM2025_1718","PreservedSpecimen","Coleccion",NA,"UNICACH","SPECIES","HEM","M.M.M. | S.H.J. | V.E.G.J.","6007","N.M.M.","E","HEM2025",1,"Dichaea neglecta",15.2405277777778,-92.3088333333333,"2015-05-31","change1: Filled coordinateUncertaintyInMeters from decimal-place precision (conservative). | epi_taxo: acceptedName(match1); authorship_epig(match1); genus_from_scientificName; family_WFO; order_majorGroup_WCVP [2026-03-11] | CoordinateCleaner QA applied without sea test (validity, equal, zeros, capitals, centroids, gbif, institutions) [2026-03-29]","standardized authors names in recordedBy","Colección","M.M.M. & S.H.J. & V.E.G.J.","N.M.M."
"1719","HEM2025_1719","PreservedSpecimen","Coleccion",NA,"UNICACH","SPECIES","HEM","E.M.S. | A.R.G.","20278-A","ND","E","HEM2025",1,"Dichaea squarrosa",15.0775,-92.0941666666667,"1987-04-26","change1: Filled coordinateUncertaintyInMeters from decimal-place precision (conservative). | epi_taxo: acceptedName(match1); authorship_epig(match1); genus_from_scientificName; family_WFO; order_majorGroup_WCVP [2026-03-11] | CoordinateCleaner QA applied without sea test (validity, equal, zeros, capitals, centroids, gbif, institutions) [2026-03-29]","standardized authors names in recordedBy","Colección","E.M.S. & A.R.G.","ND"
"1720","HEM2025_1720","PreservedSpecimen","Coleccion",NA,"UNICACH","SPECIES","HEM","E.M.S. | A.R.G.","20445","ND","E","HEM2025",1,"Dichaea squarrosa",15.0775,-92.0941666666667,"1987-04-28","change1: Filled coordinateUncertaintyInMeters from decimal-place precision (conservative). | epi_taxo: acceptedName(match1); authorship_epig(match1); genus_from_scientificName; family_WFO; order_majorGroup_WCVP [2026-03-11] | CoordinateCleaner QA applied without sea test (validity, equal, zeros, capitals, centroids, gbif, institutions) [2026-03-29]","standardized authors names in recordedBy","Colección","E.M.S. & A.R.G.","ND"
"1721","HEM2025_1721","PreservedSpecimen","Coleccion",NA,"UNICACH","SPECIES","HEM","F.E.P.C.","117","Cachon, T.C.","E","HEM2025",1,"Dichaea squarrosa",15.8244444444444,-93.0630555555556,"1999-02-11","change1: Filled coordinateUncertaintyInMeters from decimal-place precision (conservative). | epi_taxo: acceptedName(match1); authorship_epig(match1); genus_from_scientificName; family_WFO; order_majorGroup_WCVP [2026-03-11] | CoordinateCleaner QA applied without sea test (validity, equal, zeros, capitals, centroids, gbif, institutions) [2026-03-29]","standardized authors names in identifiedBy","Colección","F.E.P.C.","T.C. Cachón"
"1722","HEM2025_1722","PreservedSpecimen","Coleccion",NA,"UNICACH","SPECIES","HEM","M.D.R.S.","144","R.R.S.","E","HEM2025",1,"Dichaea squarrosa",15.5991388888889,-92.6927777777778,"2005-06-13","change1: Filled coordinateUncertaintyInMeters from decimal-place precision (conservative). | epi_taxo: acceptedName(match1); authorship_epig(match1); genus_from_scientificName; family_WFO; order_majorGroup_WCVP [2026-03-11] | CoordinateCleaner QA applied without sea test (validity, equal, zeros, capitals, centroids, gbif, institutions) [2026-03-29]","","Colección","M.D.R.S.","R.R.S."
"1723","HEM2025_1723","PreservedSpecimen","Coleccion",NA,"UNICACH","SPECIES","HEM","J.M.M.","809","J.M.M.","E","HEM2025",1,"Dichaea squarrosa",15.8213888888889,-93.0488888888889,"2005-04-22","change1: Filled coordinateUncertaintyInMeters from decimal-place precision (conservative). | epi_taxo: acceptedName(match1); authorship_epig(match1); genus_from_scientificName; family_WFO; order_majorGroup_WCVP [2026-03-11] | CoordinateCleaner QA applied without sea test (validity, equal, zeros, capitals, centroids, gbif, institutions) [2026-03-29]","","Colección","J.M.M.","J.M.M."
"1724","HEM2025_1724","PreservedSpecimen","Coleccion",NA,"UNICACH","SPECIES","HEM","N.M.M.","2538","N.M.M.","E","HEM2025",1,"Dichaea squarrosa",15.7344444444444,-92.9341666666667,"2001-03-23","change1: Filled coordinateUncertaintyInMeters from decimal-place precision (conservative). | epi_taxo: acceptedName(match1); authorship_epig(match1); genus_from_scientificName; family_WFO; order_majorGroup_WCVP [2026-03-11] | CoordinateCleaner QA applied without sea test (validity, equal, zeros, capitals, centroids, gbif, institutions) [2026-03-29]","","Colección","N.M.M.","N.M.M."
"1725","HEM2025_1725","PreservedSpecimen","Coleccion",NA,"UNICACH","SPECIES","HEM","N.M.M.","17","M.A.S.A.","E","HEM2025",1,"Dichaea squarrosa",15.7344444444444,-92.9341666666667,"2001-05-01","change1: Filled coordinateUncertaintyInMeters from decimal-place precision (conservative). | epi_taxo: acceptedName(match1); authorship_epig(match1); genus_from_scientificName; family_WFO; order_majorGroup_WCVP [2026-03-11] | CoordinateCleaner QA applied without sea test (validity, equal, zeros, capitals, centroids, gbif, institutions) [2026-03-29]","","Colección","N.M.M.","M.A.S.A."
"1726","HEM2025_1726","PreservedSpecimen","Coleccion",NA,"UNICACH","SPECIES","HEM","J.M.M.","1451","J.M.M.","E","HEM2025",1,"Dichaea squarrosa",15.5774166666667,-92.6695555555556,"2006-08-08","change1: Filled coordinateUncertaintyInMeters from decimal-place precision (conservative). | epi_taxo: acceptedName(match1); authorship_epig(match1); genus_from_scientificName; family_WFO; order_majorGroup_WCVP [2026-03-11] | CoordinateCleaner QA applied without sea test (validity, equal, zeros, capitals, centroids, gbif, institutions) [2026-03-29]","","Colección","J.M.M.","J.M.M."
"1727","HEM2025_1727","PreservedSpecimen","Coleccion",NA,"UNICACH","SPECIES","HEM","C.A.P.B.","215","C.A.P.B.","E","HEM2025",1,"Dichaea squarrosa",15.7441416666667,-93.0340888888889,"","change1: Filled coordinateUncertaintyInMeters from decimal-place precision (conservative). | epi_taxo: acceptedName(match1); authorship_epig(match1); genus_from_scientificName; family_WFO; order_majorGroup_WCVP [2026-03-11] | CoordinateCleaner QA applied without sea test (validity, equal, zeros, capitals, centroids, gbif, institutions) [2026-03-29]","","Colección","C.A.P.B.","C.A.P.B."
"1728","HEM2025_1728","PreservedSpecimen","Coleccion",NA,"UNICACH","SPECIES","HEM","J.M.M.","1788","J.M.M.","E","HEM2025",1,"Dichaea squarrosa",15.7610555555556,-93.0720277777778,"2007-03-11","change1: Filled coordinateUncertaintyInMeters from decimal-place precision (conservative). | epi_taxo: acceptedName(match1); authorship_epig(match1); genus_from_scientificName; family_WFO; order_majorGroup_WCVP [2026-03-11] | CoordinateCleaner QA applied without sea test (validity, equal, zeros, capitals, centroids, gbif, institutions) [2026-03-29]","","Colección","J.M.M.","J.M.M."
"1729","HEM2025_1729","PreservedSpecimen","Coleccion",NA,"UNICACH","SPECIES","HEM","M.M.M. | M.D.E.M.","1304","N.M.M. | J.M.M.","E","HEM2025",1,"Dichaea squarrosa",15.0864722222222,-92.0991666666667,"2013-04-27","change1: Filled coordinateUncertaintyInMeters from decimal-place precision (conservative). | epi_taxo: acceptedName(match1); authorship_epig(match1); genus_from_scientificName; family_WFO; order_majorGroup_WCVP [2026-03-11] | CoordinateCleaner QA applied without sea test (validity, equal, zeros, capitals, centroids, gbif, institutions) [2026-03-29]","standardized authors names in recordedBy / standardized authors names in identifiedBy","Colección","M.M.M. & M.D.E.M.","N.M.M. & J.M.M."
"1730","HEM2025_1730","PreservedSpecimen","Coleccion",NA,"UNICACH","SPECIES","HEM","M.M.M. | N.M.M. | R.J.R.V. | E.C.N.","4222","N.M.M.","E","HEM2025",1,"Dichaea squarrosa",15.0893888888889,-92.1465555555556,"2014-06-17","change1: Filled coordinateUncertaintyInMeters from decimal-place precision (conservative). | epi_taxo: acceptedName(match1); authorship_epig(match1); genus_from_scientificName; family_WFO; order_majorGroup_WCVP [2026-03-11] | CoordinateCleaner QA applied without sea test (validity, equal, zeros, capitals, centroids, gbif, institutions) [2026-03-29]","standardized authors names in recordedBy","Colección","M.M.M. & N.M.M. & R.J.R.V. & E.C.N.","N.M.M."
"1731","HEM2025_1731","PreservedSpecimen","Coleccion",NA,"UNICACH","SPECIES","HEM","Camilo, R.M. | N.M.M.","2594","Camilo, R.M.","E","HEM2025",1,"Dichaea squarrosa",15.0988611111111,-92.1681388888889,"2014-08-16","change1: Filled coordinateUncertaintyInMeters from decimal-place precision (conservative). | epi_taxo: acceptedName(match1); authorship_epig(match1); genus_from_scientificName; family_WFO; order_majorGroup_WCVP [2026-03-11] | CoordinateCleaner QA applied without sea test (validity, equal, zeros, capitals, centroids, gbif, institutions) [2026-03-29]","standardized authors names in recordedBy / standardized authors names in identifiedBy","Colección","R.M. Camilo & N.M.M.","R.M. Camilo"
"1732","HEM2025_1732","PreservedSpecimen","Coleccion",NA,"UNICACH","SPECIES","HEM","N.M.M. | R.V.H.","3833","N.M.M.","E","HEM2025",1,"Dichaea squarrosa",15.1259444444444,-92.18,"2014-09-23","change1: Filled coordinateUncertaintyInMeters from decimal-place precision (conservative). | epi_taxo: acceptedName(match1); authorship_epig(match1); genus_from_scientificName; family_WFO; order_majorGroup_WCVP [2026-03-11] | CoordinateCleaner QA applied without sea test (validity, equal, zeros, capitals, centroids, gbif, institutions) [2026-03-29]","standardized authors names in recordedBy","Colección","N.M.M. & R.V.H.","N.M.M."
"1733","HEM2025_1733","PreservedSpecimen","Coleccion",NA,"UNICACH","SPECIES","HEM","N.M.M. | R.V.H.","3853","N.M.M.","E","HEM2025",1,"Dichaea squarrosa",15.1259444444444,-92.18,"2014-09-23","change1: Filled coordinateUncertaintyInMeters from decimal-place precision (conservative). | epi_taxo: acceptedName(match1); authorship_epig(match1); genus_from_scientificName; family_WFO; order_majorGroup_WCVP [2026-03-11] | CoordinateCleaner QA applied without sea test (validity, equal, zeros, capitals, centroids, gbif, institutions) [2026-03-29]","standardized authors names in recordedBy","Colección","N.M.M. & R.V.H.","N.M.M."
"1734","HEM2025_1734","PreservedSpecimen","Coleccion",NA,"UNICACH","SPECIES","HEM","M.M.M. | D.A.J.L. | R.J.R.V.","5528","N.M.M.","E","HEM2025",1,"Dichaea squarrosa",15.1179722222222,-92.1553333333333,"2015-03-26","change1: Filled coordinateUncertaintyInMeters from decimal-place precision (conservative). | epi_taxo: acceptedName(match1); authorship_epig(match1); genus_from_scientificName; family_WFO; order_majorGroup_WCVP [2026-03-11] | CoordinateCleaner QA applied without sea test (validity, equal, zeros, capitals, centroids, gbif, institutions) [2026-03-29]","standardized authors names in recordedBy","Colección","M.M.M. & D.A.J.L. & R.J.R.V.","N.M.M."
"1735","HEM2025_1735","PreservedSpecimen","Coleccion",NA,"UNICACH","SPECIES","HEM","M.M.M. | S.H.J. | J.A.B.B.","5835","N.M.M.","E","HEM2025",1,"Dichaea squarrosa",15.2288611111111,-92.3057777777778,"2015-05-02","change1: Filled coordinateUncertaintyInMeters from decimal-place precision (conservative). | epi_taxo: acceptedName(match1); authorship_epig(match1); genus_from_scientificName; family_WFO; order_majorGroup_WCVP [2026-03-11] | CoordinateCleaner QA applied without sea test (validity, equal, zeros, capitals, centroids, gbif, institutions) [2026-03-29]","standardized authors names in recordedBy","Colección","M.M.M. & S.H.J. & J.A.B.B.","N.M.M."
"1736","HEM2025_1736","PreservedSpecimen","Coleccion",NA,"UNICACH","SPECIES","HEM","N.M.M.","16","G.A.S.","E","HEM2025",1,"Dichaea squarrosa",15.7344444444444,-92.9341666666667,"2001-03-23","change1: Filled coordinateUncertaintyInMeters from decimal-place precision (conservative). | epi_taxo: acceptedName(match1); authorship_epig(match1); genus_from_scientificName; family_WFO; order_majorGroup_WCVP [2026-03-11] | CoordinateCleaner QA applied without sea test (validity, equal, zeros, capitals, centroids, gbif, institutions) [2026-03-29]","","Colección","N.M.M.","G.A.S."
"1737","HEM2025_1737","PreservedSpecimen","Coleccion",NA,"UNICACH","SPECIES","HEM","Perez-Farrera, M.A.","2401","Perez-Farrera, M.A.","E","HEM2025",0,"",17.5041666666667,-92.8663888888889,"2000-07-25","change1: Filled coordinateUncertaintyInMeters from decimal-place precision (conservative). | epi_taxo: acceptedName(match1); authorship_epig(match1); genus_from_scientificName; family_WFO; order_majorGroup_WCVP [2026-03-11] | CoordinateCleaner QA applied without sea test (validity, equal, zeros, capitals, centroids, gbif, institutions) [2026-03-29]","standardized authors names in recordedBy / standardized authors names in identifiedBy","Colección","M.A. Pérez-Farrera","M.A. Pérez-Farrera"
"1738","HEM2025_1738","PreservedSpecimen","Coleccion",NA,"UNICACH","SPECIES","HEM","Perez-Farrera, M.A.","2401","Perez-Farrera, M.A.","E","HEM2025",0,"",17.5041666666667,-92.8663888888889,"2000-07-25","change1: Filled coordinateUncertaintyInMeters from decimal-place precision (conservative). | epi_taxo: acceptedName(match1); authorship_epig(match1); genus_from_scientificName; family_WFO; order_majorGroup_WCVP [2026-03-11] | CoordinateCleaner QA applied without sea test (validity, equal, zeros, capitals, centroids, gbif, institutions) [2026-03-29]","standardized authors names in recordedBy / standardized authors names in identifiedBy","Colección","M.A. Pérez-Farrera","M.A. Pérez-Farrera"
"1739","HEM2025_1739","PreservedSpecimen","Coleccion",NA,"UNICACH","SPECIES","HEM","Perez-Farrera, M.A.","1505","G.A.S.","E","HEM2025",1,"Dinema polybulbon",16.6416666666667,-94.0583333333333,"1996-12-06","change1: Filled coordinateUncertaintyInMeters from decimal-place precision (conservative). | epi_taxo: acceptedName(match1); authorship_epig(match1); genus_from_scientificName; family_WFO; order_majorGroup_WCVP [2026-03-11] | CoordinateCleaner QA applied without sea test (validity, equal, zeros, capitals, centroids, gbif, institutions) [2026-03-29]","standardized authors names in recordedBy","Colección","M.A. Pérez-Farrera","G.A.S."
"1740","HEM2025_1740","PreservedSpecimen","Coleccion",NA,"UNICACH","SPECIES","HEM","N.M.M.","2219","N.M.M.","E","HEM2025",1,"Dinema polybulbon",16.7866111111111,-94.0265833333333,"2007-12-14","change1: Filled coordinateUncertaintyInMeters from decimal-place precision (conservative). | epi_taxo: acceptedName(match1); authorship_epig(match1); genus_from_scientificName; family_WFO; order_majorGroup_WCVP [2026-03-11] | CoordinateCleaner QA applied without sea test (validity, equal, zeros, capitals, centroids, gbif, institutions) [2026-03-29]","","Colección","N.M.M.","N.M.M."
"1741","HEM2025_1741","PreservedSpecimen","Coleccion",NA,"UNICACH","SPECIES","HEM","J.A.E.J.","835","J.A.E.J.","E","HEM2025",1,"Domingoa purpurea",16.9297694444444,-93.0053138888889,"2009-05-21","change1: Filled coordinateUncertaintyInMeters from decimal-place precision (conservative). | epi_taxo: acceptedName(match1); authorship_epig(match1); genus_from_scientificName; family_WFO; order_majorGroup_WCVP [2026-03-11] | CoordinateCleaner QA applied without sea test (validity, equal, zeros, capitals, centroids, gbif, institutions) [2026-03-29]","","Colección","J.A.E.J.","J.A.E.J."
"1742","HEM2025_1742","PreservedSpecimen","Coleccion",NA,"UNICACH","SPECIES","HEM","N.M.M.","2671","N.M.M.","E","HEM2025",1,"Domingoa purpurea",16.9651555555556,-93.2305583333333,"2009-06-01","change1: Filled coordinateUncertaintyInMeters from decimal-place precision (conservative). | epi_taxo: acceptedName(match1); authorship_epig(match1); genus_from_scientificName; family_WFO; order_majorGroup_WCVP [2026-03-11] | CoordinateCleaner QA applied without sea test (validity, equal, zeros, capitals, centroids, gbif, institutions) [2026-03-29]","","Colección","N.M.M.","N.M.M."
"1743","HEM2025_1743","PreservedSpecimen","Coleccion",NA,"UNICACH","SPECIES","HEM","M.M.M.","134","M.M.M.","E","HEM2025",1,"Domingoa purpurea",16.7866111111111,-94.0265833333333,"2007-07-06","change1: Filled coordinateUncertaintyInMeters from decimal-place precision (conservative). | epi_taxo: acceptedName(match1); authorship_epig(match1); genus_from_scientificName; family_WFO; order_majorGroup_WCVP [2026-03-11] | CoordinateCleaner QA applied without sea test (validity, equal, zeros, capitals, centroids, gbif, institutions) [2026-03-29]","","Colección","M.M.M.","M.M.M."
"1744","HEM2025_1744","PreservedSpecimen","Coleccion",NA,"UNICACH","SPECIES","HEM","M.M.M.","353","N.M.M.","E","HEM2025",1,"Domingoa purpurea",17.0415,-93.2363611111111,"2009-10-21","change1: Filled coordinateUncertaintyInMeters from decimal-place precision (conservative). | epi_taxo: acceptedName(match1); authorship_epig(match1); genus_from_scientificName; family_WFO; order_majorGroup_WCVP [2026-03-11] | CoordinateCleaner QA applied without sea test (validity, equal, zeros, capitals, centroids, gbif, institutions) [2026-03-29]","","Colección","M.M.M.","N.M.M."
"1745","HEM2025_1745","PreservedSpecimen","Coleccion",NA,"UNICACH","SPECIES","HEM","M.M.M. | H.G.D.","221","M.M.M.","E","HEM2025",1,"Domingoa purpurea",16.9519472222222,-92.9529805555556,"2009-04-16","change1: Filled coordinateUncertaintyInMeters from decimal-place precision (conservative). | epi_taxo: acceptedName(match1); authorship_epig(match1); genus_from_scientificName; family_WFO; order_majorGroup_WCVP [2026-03-11] | CoordinateCleaner QA applied without sea test (validity, equal, zeros, capitals, centroids, gbif, institutions) [2026-03-29]","standardized authors names in recordedBy","Colección","M.M.M. & H.G.D.","M.M.M."
"1746","HEM2025_1746","PreservedSpecimen","Coleccion",NA,"UNICACH","FORM","HEM","C.A.P.B.","40","C.A.P.B.","E","HEM2025",1,"Elleanthus capitatus",16.1963888888889,-93.6077777777778,"2005-07-03","change1: Corrected taxonRank (SPECIES→FORM); kept scientificName as-is. | change2: Filled coordinateUncertaintyInMeters from decimal-place precision (conservative). | epi_taxo: acceptedName(match1); authorship_epig(match1); genus_from_scientificName; family_WFO; order_majorGroup_WCVP [2026-03-11] | CoordinateCleaner QA applied without sea test (validity, equal, zeros, capitals, centroids, gbif, institutions) [2026-03-29]","","Colección","C.A.P.B.","C.A.P.B."
"1747","HEM2025_1747","PreservedSpecimen","Coleccion",NA,"UNICACH","FORM","HEM","H.G.D.","1327","H.G.D.","E","HEM2025",1,"Elleanthus capitatus",15.7084444444444,-92.7269166666667,"2006-07-21","change1: Corrected taxonRank (SPECIES→FORM); kept scientificName as-is. | change2: Filled coordinateUncertaintyInMeters from decimal-place precision (conservative). | epi_taxo: acceptedName(match1); authorship_epig(match1); genus_from_scientificName; family_WFO; order_majorGroup_WCVP [2026-03-11] | CoordinateCleaner QA applied without sea test (validity, equal, zeros, capitals, centroids, gbif, institutions) [2026-03-29]","","Colección","H.G.D.","H.G.D."
"1748","HEM2025_1748","PreservedSpecimen","Coleccion",NA,"UNICACH","FORM","HEM","F.E.P.C.","125","Cachon, T.C.","E","HEM2025",1,"Elleanthus capitatus",15.8244444444444,-93.0630555555556,"1999-02-11","change1: Corrected taxonRank (SPECIES→FORM); kept scientificName as-is. | change2: Filled coordinateUncertaintyInMeters from decimal-place precision (conservative). | epi_taxo: acceptedName(match1); authorship_epig(match1); genus_from_scientificName; family_WFO; order_majorGroup_WCVP [2026-03-11] | CoordinateCleaner QA applied without sea test (validity, equal, zeros, capitals, centroids, gbif, institutions) [2026-03-29]","standardized authors names in identifiedBy","Colección","F.E.P.C.","T.C. Cachón"
"1749","HEM2025_1749","PreservedSpecimen","Coleccion",NA,"UNICACH","FORM","HEM","M.E.L.M.","406","Camilo, R.M.","E","HEM2025",1,"Elleanthus capitatus",15.4836111111111,-92.6005555555555,"1999-07-01","change1: Corrected taxonRank (SPECIES→FORM); kept scientificName as-is. | change2: Filled coordinateUncertaintyInMeters from decimal-place precision (conservative). | epi_taxo: acceptedName(match1); authorship_epig(match1); genus_from_scientificName; family_WFO; order_majorGroup_WCVP [2026-03-11] | CoordinateCleaner QA applied without sea test (validity, equal, zeros, capitals, centroids, gbif, institutions) [2026-03-29]","standardized authors names in identifiedBy","Colección","M.E.L.M.","R.M. Camilo"
"1750","HEM2025_1750","PreservedSpecimen","Coleccion",NA,"UNICACH","FORM","HEM","H.G.D.","1066","H.G.D.","E","HEM2025",1,"Elleanthus capitatus",15.6260555555556,-92.6291944444444,"2005-06-15","change1: Corrected taxonRank (SPECIES→FORM); kept scientificName as-is. | change2: Filled coordinateUncertaintyInMeters from decimal-place precision (conservative). | epi_taxo: acceptedName(match1); authorship_epig(match1); genus_from_scientificName; family_WFO; order_majorGroup_WCVP [2026-03-11] | CoordinateCleaner QA applied without sea test (validity, equal, zeros, capitals, centroids, gbif, institutions) [2026-03-29]","","Colección","H.G.D.","H.G.D."
"1751","HEM2025_1751","PreservedSpecimen","Coleccion",NA,"UNICACH","FORM","HEM","Chagala, J.L.","51","Chagala, J.L.","E","HEM2025",1,"Elleanthus capitatus",15.8220555555556,-93.0455555555556,"2005-07-17","change1: Corrected taxonRank (SPECIES→FORM); kept scientificName as-is. | change2: Filled coordinateUncertaintyInMeters from decimal-place precision (conservative). | epi_taxo: acceptedName(match1); authorship_epig(match1); genus_from_scientificName; family_WFO; order_majorGroup_WCVP [2026-03-11] | CoordinateCleaner QA applied without sea test (validity, equal, zeros, capitals, centroids, gbif, institutions) [2026-03-29]","standardized authors names in recordedBy / standardized authors names in identifiedBy","Colección","J.L. Chagala","J.L. Chagala"
"1752","HEM2025_1752","PreservedSpecimen","Coleccion",NA,"UNICACH","FORM","HEM","F.E.P.C.","125","Cachon, T.C.","E","HEM2025",1,"Elleanthus capitatus",15.8244444444444,-93.0630555555556,"1999-02-11","change1: Corrected taxonRank (SPECIES→FORM); kept scientificName as-is. | change2: Filled coordinateUncertaintyInMeters from decimal-place precision (conservative). | epi_taxo: acceptedName(match1); authorship_epig(match1); genus_from_scientificName; family_WFO; order_majorGroup_WCVP [2026-03-11] | CoordinateCleaner QA applied without sea test (validity, equal, zeros, capitals, centroids, gbif, institutions) [2026-03-29]","standardized authors names in identifiedBy","Colección","F.E.P.C.","T.C. Cachón"
"1753","HEM2025_1753","PreservedSpecimen","Coleccion",NA,"UNICACH","FORM","HEM","N.M.M.","1312","N.M.M.","E","HEM2025",1,"Elleanthus capitatus",16.9270555555556,-93.4764166666667,"2006-03-16","change1: Corrected taxonRank (SPECIES→FORM); kept scientificName as-is. | change2: Filled coordinateUncertaintyInMeters from decimal-place precision (conservative). | epi_taxo: acceptedName(match1); authorship_epig(match1); genus_from_scientificName; family_WFO; order_majorGroup_WCVP [2026-03-11] | CoordinateCleaner QA applied without sea test (validity, equal, zeros, capitals, centroids, gbif, institutions) [2026-03-29]","","Colección","N.M.M.","N.M.M."
"1754","HEM2025_1754","PreservedSpecimen","Coleccion",NA,"UNICACH","FORM","HEM","H.G.D.","1098-bis","H.G.D.","E","HEM2025",1,"Elleanthus capitatus",15.5977222222222,-92.6570277777778,"2005-07-21","change1: Corrected taxonRank (SPECIES→FORM); kept scientificName as-is. | change2: Filled coordinateUncertaintyInMeters from decimal-place precision (conservative). | epi_taxo: acceptedName(match1); authorship_epig(match1); genus_from_scientificName; family_WFO; order_majorGroup_WCVP [2026-03-11] | CoordinateCleaner QA applied without sea test (validity, equal, zeros, capitals, centroids, gbif, institutions) [2026-03-29]","","Colección","H.G.D.","H.G.D."
"1755","HEM2025_1755","PreservedSpecimen","Coleccion",NA,"UNICACH","FORM","HEM","N.M.M.","1776","N.M.M.","E","HEM2025",1,"Elleanthus capitatus",15.7441416666667,-93.0340888888889,"2006-10-13","change1: Corrected taxonRank (SPECIES→FORM); kept scientificName as-is. | change2: Filled coordinateUncertaintyInMeters from decimal-place precision (conservative). | epi_taxo: acceptedName(match1); authorship_epig(match1); genus_from_scientificName; family_WFO; order_majorGroup_WCVP [2026-03-11] | CoordinateCleaner QA applied without sea test (validity, equal, zeros, capitals, centroids, gbif, institutions) [2026-03-29]","","Colección","N.M.M.","N.M.M."
"1756","HEM2025_1756","PreservedSpecimen","Coleccion",NA,"UNICACH","FORM","HEM","J.M.M.","1869","J.M.M.","E","HEM2025",1,"Elleanthus capitatus",15.8340555555556,-93.0788055555555,"2007-07-18","change1: Corrected taxonRank (SPECIES→FORM); kept scientificName as-is. | change2: Filled coordinateUncertaintyInMeters from decimal-place precision (conservative). | epi_taxo: acceptedName(match1); authorship_epig(match1); genus_from_scientificName; family_WFO; order_majorGroup_WCVP [2026-03-11] | CoordinateCleaner QA applied without sea test (validity, equal, zeros, capitals, centroids, gbif, institutions) [2026-03-29]","","Colección","J.M.M.","J.M.M."
"1757","HEM2025_1757","PreservedSpecimen","Coleccion",NA,"UNICACH","FORM","HEM","M.M.M. | M.D.E.M.","1591","N.M.M. | J.M.M.","E","HEM2025",1,"Elleanthus capitatus",15.0990833333333,-92.0988333333333,"2013-05-03","change1: Corrected taxonRank (SPECIES→FORM); kept scientificName as-is. | change2: Filled coordinateUncertaintyInMeters from decimal-place precision (conservative). | epi_taxo: acceptedName(match1); authorship_epig(match1); genus_from_scientificName; family_WFO; order_majorGroup_WCVP [2026-03-11] | CoordinateCleaner QA applied without sea test (validity, equal, zeros, capitals, centroids, gbif, institutions) [2026-03-29]","standardized authors names in recordedBy / standardized authors names in identifiedBy","Colección","M.M.M. & M.D.E.M.","N.M.M. & J.M.M."
"1758","HEM2025_1758","PreservedSpecimen","Coleccion",NA,"UNICACH","FORM","HEM","M.M.M. | M.A.D.V.","1833","N.M.M. | J.M.M.","E","HEM2025",1,"Elleanthus capitatus",15.0820555555556,-92.1015277777778,"2013-05-30","change1: Corrected taxonRank (SPECIES→FORM); kept scientificName as-is. | change2: Filled coordinateUncertaintyInMeters from decimal-place precision (conservative). | epi_taxo: acceptedName(match1); authorship_epig(match1); genus_from_scientificName; family_WFO; order_majorGroup_WCVP [2026-03-11] | CoordinateCleaner QA applied without sea test (validity, equal, zeros, capitals, centroids, gbif, institutions) [2026-03-29]","standardized authors names in recordedBy / standardized authors names in identifiedBy","Colección","M.M.M. & M.A.D.V.","N.M.M. & J.M.M."
"1759","HEM2025_1759","PreservedSpecimen","Coleccion",NA,"UNICACH","FORM","HEM","M.M.M. | M.A.D.V.","2088","N.M.M. | J.M.M.","E","HEM2025",1,"Elleanthus capitatus",15.0969444444444,-92.0914444444444,"2013-06-28","change1: Corrected taxonRank (SPECIES→FORM); kept scientificName as-is. | change2: Filled coordinateUncertaintyInMeters from decimal-place precision (conservative). | epi_taxo: acceptedName(match1); authorship_epig(match1); genus_from_scientificName; family_WFO; order_majorGroup_WCVP [2026-03-11] | CoordinateCleaner QA applied without sea test (validity, equal, zeros, capitals, centroids, gbif, institutions) [2026-03-29]","standardized authors names in recordedBy / standardized authors names in identifiedBy","Colección","M.M.M. & M.A.D.V.","N.M.M. & J.M.M."
"1760","HEM2025_1760","PreservedSpecimen","Coleccion",NA,"UNICACH","FORM","HEM","M.M.M. | M.A.D.V.","2199","N.M.M. | J.M.M.","E","HEM2025",1,"Elleanthus capitatus",15.0979166666667,-92.0847777777778,"2013-07-02","change1: Corrected taxonRank (SPECIES→FORM); kept scientificName as-is. | change2: Filled coordinateUncertaintyInMeters from decimal-place precision (conservative). | epi_taxo: acceptedName(match1); authorship_epig(match1); genus_from_scientificName; family_WFO; order_majorGroup_WCVP [2026-03-11] | CoordinateCleaner QA applied without sea test (validity, equal, zeros, capitals, centroids, gbif, institutions) [2026-03-29]","standardized authors names in recordedBy / standardized authors names in identifiedBy","Colección","M.M.M. & M.A.D.V.","N.M.M. & J.M.M."
"1761","HEM2025_1761","PreservedSpecimen","Coleccion",NA,"UNICACH","FORM","HEM","M.M.M. | N.M.M. | R.J.R.V. | E.C.N.","4317","N.M.M.","E","HEM2025",1,"Elleanthus capitatus",15.096,-92.1404722222222,"2014-06-18","change1: Corrected taxonRank (SPECIES→FORM); kept scientificName as-is. | change2: Filled coordinateUncertaintyInMeters from decimal-place precision (conservative). | epi_taxo: acceptedName(match1); authorship_epig(match1); genus_from_scientificName; family_WFO; order_majorGroup_WCVP [2026-03-11] | CoordinateCleaner QA applied without sea test (validity, equal, zeros, capitals, centroids, gbif, institutions) [2026-03-29]","standardized authors names in recordedBy","Colección","M.M.M. & N.M.M. & R.J.R.V. & E.C.N.","N.M.M."
"1762","HEM2025_1762","PreservedSpecimen","Coleccion",NA,"UNICACH","FORM","HEM","M.M.M. | N.M.M. | R.J.R.V. | E.C.N.","4362","N.M.M.","E","HEM2025",1,"Elleanthus capitatus",15.0996666666667,-92.1376944444444,"2014-06-19","change1: Corrected taxonRank (SPECIES→FORM); kept scientificName as-is. | change2: Filled coordinateUncertaintyInMeters from decimal-place precision (conservative). | epi_taxo: acceptedName(match1); authorship_epig(match1); genus_from_scientificName; family_WFO; order_majorGroup_WCVP [2026-03-11] | CoordinateCleaner QA applied without sea test (validity, equal, zeros, capitals, centroids, gbif, institutions) [2026-03-29]","standardized authors names in recordedBy","Colección","M.M.M. & N.M.M. & R.J.R.V. & E.C.N.","N.M.M."
"1763","HEM2025_1763","PreservedSpecimen","Coleccion",NA,"UNICACH","FORM","HEM","M.M.M. | N.M.M. | R.J.R.V. | E.C.N.","4435","N.M.M.","E","HEM2025",1,"Elleanthus capitatus",15.0975833333333,-92.1434166666667,"2014-06-19","change1: Corrected taxonRank (SPECIES→FORM); kept scientificName as-is. | change2: Filled coordinateUncertaintyInMeters from decimal-place precision (conservative). | epi_taxo: acceptedName(match1); authorship_epig(match1); genus_from_scientificName; family_WFO; order_majorGroup_WCVP [2026-03-11] | CoordinateCleaner QA applied without sea test (validity, equal, zeros, capitals, centroids, gbif, institutions) [2026-03-29]","standardized authors names in recordedBy","Colección","M.M.M. & N.M.M. & R.J.R.V. & E.C.N.","N.M.M."
"1764","HEM2025_1764","PreservedSpecimen","Coleccion",NA,"UNICACH","FORM","HEM","M.M.M. | E.A.M.A.","4698","N.M.M.","E","HEM2025",1,"Elleanthus capitatus",15.0869166666667,-92.1446111111111,"2014-07-06","change1: Corrected taxonRank (SPECIES→FORM); kept scientificName as-is. | change2: Filled coordinateUncertaintyInMeters from decimal-place precision (conservative). | epi_taxo: acceptedName(match1); authorship_epig(match1); genus_from_scientificName; family_WFO; order_majorGroup_WCVP [2026-03-11] | CoordinateCleaner QA applied without sea test (validity, equal, zeros, capitals, centroids, gbif, institutions) [2026-03-29]","standardized authors names in recordedBy","Colección","M.M.M. & E.A.M.A.","N.M.M."
"1765","HEM2025_1765","PreservedSpecimen","Coleccion",NA,"UNICACH","FORM","HEM","M.M.M. | A.L.C.","4875","N.M.M.","E","HEM2025",1,"Elleanthus capitatus",15.0976111111111,-92.168,"2014-08-16","change1: Corrected taxonRank (SPECIES→FORM); kept scientificName as-is. | change2: Filled coordinateUncertaintyInMeters from decimal-place precision (conservative). | epi_taxo: acceptedName(match1); authorship_epig(match1); genus_from_scientificName; family_WFO; order_majorGroup_WCVP [2026-03-11] | CoordinateCleaner QA applied without sea test (validity, equal, zeros, capitals, centroids, gbif, institutions) [2026-03-29]","standardized authors names in recordedBy","Colección","M.M.M. & A.L.C.","N.M.M."
"1766","HEM2025_1766","PreservedSpecimen","Coleccion",NA,"UNICACH","FORM","HEM","N.M.M. | R.V.H.","3716","N.M.M.","E","HEM2025",1,"Elleanthus capitatus",15.1259444444444,-92.18,"2014-09-23","change1: Corrected taxonRank (SPECIES→FORM); kept scientificName as-is. | change2: Filled coordinateUncertaintyInMeters from decimal-place precision (conservative). | epi_taxo: acceptedName(match1); authorship_epig(match1); genus_from_scientificName; family_WFO; order_majorGroup_WCVP [2026-03-11] | CoordinateCleaner QA applied without sea test (validity, equal, zeros, capitals, centroids, gbif, institutions) [2026-03-29]","standardized authors names in recordedBy","Colección","N.M.M. & R.V.H.","N.M.M."
"1767","HEM2025_1767","PreservedSpecimen","Coleccion",NA,"UNICACH","FORM","HEM","N.M.M. | R.V.H.","3855","N.M.M.","E","HEM2025",1,"Elleanthus capitatus",15.1259444444444,-92.18,"2014-09-23","change1: Corrected taxonRank (SPECIES→FORM); kept scientificName as-is. | change2: Filled coordinateUncertaintyInMeters from decimal-place precision (conservative). | epi_taxo: acceptedName(match1); authorship_epig(match1); genus_from_scientificName; family_WFO; order_majorGroup_WCVP [2026-03-11] | CoordinateCleaner QA applied without sea test (validity, equal, zeros, capitals, centroids, gbif, institutions) [2026-03-29]","standardized authors names in recordedBy","Colección","N.M.M. & R.V.H.","N.M.M."
"1768","HEM2025_1768","PreservedSpecimen","Coleccion",NA,"UNICACH","FORM","HEM","N.M.M. | M.M.M. | R.V.H.","4284","N.M.M. | M.M.M.","E","HEM2025",1,"Elleanthus capitatus",15.1025277777778,-92.1054444444444,"2015-05-05","change1: Corrected taxonRank (SPECIES→FORM); kept scientificName as-is. | change2: Filled coordinateUncertaintyInMeters from decimal-place precision (conservative). | epi_taxo: acceptedName(match1); authorship_epig(match1); genus_from_scientificName; family_WFO; order_majorGroup_WCVP [2026-03-11] | CoordinateCleaner QA applied without sea test (validity, equal, zeros, capitals, centroids, gbif, institutions) [2026-03-29]","standardized authors names in recordedBy / standardized authors names in identifiedBy","Colección","N.M.M. & M.M.M. & R.V.H.","N.M.M. & M.M.M."
"1769","HEM2025_1769","PreservedSpecimen","Coleccion",NA,"UNICACH","SPECIES","HEM","A.L.C.","675","A.L.C.","E","HEM2025",1,"Encyclia adenocarpa",16.9859416666667,-93.1503055555556,"2009-04-22","change1: Filled coordinateUncertaintyInMeters from decimal-place precision (conservative). | epi_taxo: acceptedName(match1); authorship_epig(match1); genus_from_scientificName; family_WFO; order_majorGroup_WCVP [2026-03-11] | CoordinateCleaner QA applied without sea test (validity, equal, zeros, capitals, centroids, gbif, institutions) [2026-03-29]","","Colección","A.L.C.","A.L.C."
"1770","HEM2025_1770","PreservedSpecimen","Coleccion",NA,"UNICACH","SPECIES","HEM","D.Z.P.","9","D.Z.P.","E","HEM2025",1,"Prosthechea boothiana",17.18675,-93.1195,"2006-03-18","change1: Filled coordinateUncertaintyInMeters from decimal-place precision (conservative). | epi_taxo: acceptedName(match1); authorship_epig(match1); genus_from_scientificName; family_WFO; order_majorGroup_WCVP [2026-03-11] | CoordinateCleaner QA applied without sea test (validity, equal, zeros, capitals, centroids, gbif, institutions) [2026-03-29]","","Colección","D.Z.P.","D.Z.P."
"1771","HEM2025_1771","PreservedSpecimen","Coleccion",NA,"UNICACH","SPECIES","HEM","H.P.U.","59","G.A.S.","E","HEM2025",1,"Encyclia bractescens",16.6805555555556,-91.0536111111111,"1988-04-27","change1: Filled coordinateUncertaintyInMeters from decimal-place precision (conservative). | epi_taxo: acceptedName(match1); authorship_epig(match1); genus_from_scientificName; family_WFO; order_majorGroup_WCVP [2026-03-11] | CoordinateCleaner QA applied without sea test (validity, equal, zeros, capitals, centroids, gbif, institutions) [2026-03-29]","","Colección","H.P.U.","G.A.S."
"1772","HEM2025_1772","PreservedSpecimen","Coleccion",NA,"UNICACH","SPECIES","HEM","R.S.M.","28-bis","R.S.M.","E","HEM2025",1,"Encyclia bractescens",16.7478055555556,-93.3515555555555,"2006-04-25","change1: Filled coordinateUncertaintyInMeters from decimal-place precision (conservative). | epi_taxo: acceptedName(match1); authorship_epig(match1); genus_from_scientificName; family_WFO; order_majorGroup_WCVP [2026-03-11] | CoordinateCleaner QA applied without sea test (validity, equal, zeros, capitals, centroids, gbif, institutions) [2026-03-29]","","Colección","R.S.M.","R.S.M."
"1773","HEM2025_1773","PreservedSpecimen","Coleccion",NA,"UNICACH","SPECIES","HEM","N.M.M.","799","C.R.B.B.","E","HEM2025",1,"Encyclia bractescens",16.7925,-93.0783333333333,"2005-05-05","change1: Filled coordinateUncertaintyInMeters from decimal-place precision (conservative). | epi_taxo: acceptedName(match1); authorship_epig(match1); genus_from_scientificName; family_WFO; order_majorGroup_WCVP [2026-03-11] | CoordinateCleaner QA applied without sea test (validity, equal, zeros, capitals, centroids, gbif, institutions) [2026-03-29]","","Colección","N.M.M.","C.R.B.B."
"1774","HEM2025_1774","PreservedSpecimen","Coleccion",NA,"UNICACH","SPECIES","HEM","H.P.U.","59","G.A.S.","E","HEM2025",1,"Encyclia bractescens",16.6805555555556,-91.0536111111111,"1988-04-27","change1: Filled coordinateUncertaintyInMeters from decimal-place precision (conservative). | epi_taxo: acceptedName(match1); authorship_epig(match1); genus_from_scientificName; family_WFO; order_majorGroup_WCVP [2026-03-11] | CoordinateCleaner QA applied without sea test (validity, equal, zeros, capitals, centroids, gbif, institutions) [2026-03-29]","","Colección","H.P.U.","G.A.S."
"1775","HEM2025_1775","PreservedSpecimen","Coleccion",NA,"UNICACH","SPECIES","HEM","A.M.G. | G.U. | E.M.S.","118","I.A.O.","E","HEM2025",1,"Encyclia bractescens",16.6413888888889,-90.7902777777778,"1987-05-20","change1: Filled coordinateUncertaintyInMeters from decimal-place precision (conservative). | epi_taxo: acceptedName(match1); authorship_epig(match1); genus_from_scientificName; family_WFO; order_majorGroup_WCVP [2026-03-11] | CoordinateCleaner QA applied without sea test (validity, equal, zeros, capitals, centroids, gbif, institutions) [2026-03-29]","standardized authors names in recordedBy","Colección","A.M.G. & G.U. & E.M.S.","I.A.O."
"1776","HEM2025_1776","PreservedSpecimen","Coleccion",NA,"UNICACH","SPECIES","HEM","A.L.C.","18","C.R.B.B.","E","HEM2025",1,"Encyclia cordigera",15.3766666666667,-92.6313888888889,"2005-02-19","change1: Filled coordinateUncertaintyInMeters from decimal-place precision (conservative). | epi_taxo: acceptedName(match1); authorship_epig(match1); genus_from_scientificName; family_WFO; order_majorGroup_WCVP [2026-03-11] | CoordinateCleaner QA applied without sea test (validity, equal, zeros, capitals, centroids, gbif, institutions) [2026-03-29]","","Colección","A.L.C.","C.R.B.B."
"1777","HEM2025_1777","PreservedSpecimen","Coleccion",NA,"UNICACH","SPECIES","HEM","B.C.L.","18","B.C.L.","E","HEM2025",1,"Encyclia cordigera",16.3555555555556,-93.5708333333333,"2005-02-19","change1: Filled coordinateUncertaintyInMeters from decimal-place precision (conservative). | epi_taxo: acceptedName(match1); authorship_epig(match1); genus_from_scientificName; family_WFO; order_majorGroup_WCVP [2026-03-11] | CoordinateCleaner QA applied without sea test (validity, equal, zeros, capitals, centroids, gbif, institutions) [2026-03-29]","","Colección","B.C.L.","B.C.L."
"1778","HEM2025_1778","PreservedSpecimen","Coleccion",NA,"UNICACH","SPECIES","HEM","H.R.E.","33-bis","H.R.E.","E","HEM2025",1,"Encyclia cordigera",16.7671388888889,-93.1065,"2005-05-19","change1: Filled coordinateUncertaintyInMeters from decimal-place precision (conservative). | epi_taxo: acceptedName(match1); authorship_epig(match1); genus_from_scientificName; family_WFO; order_majorGroup_WCVP [2026-03-11] | CoordinateCleaner QA applied without sea test (validity, equal, zeros, capitals, centroids, gbif, institutions) [2026-03-29]","","Colección","H.R.E.","H.R.E."
"1779","HEM2025_1779","PreservedSpecimen","Coleccion",NA,"UNICACH","SPECIES","HEM","O.F.S.","3482","O.F.S. | Cachon, T.C.","E","HEM2025",1,"Encyclia cordigera",16.0336111111111,-93.3958333333333,"2003-02-26","change1: Filled coordinateUncertaintyInMeters from decimal-place precision (conservative). | epi_taxo: acceptedName(match1); authorship_epig(match1); genus_from_scientificName; family_WFO; order_majorGroup_WCVP [2026-03-11] | CoordinateCleaner QA applied without sea test (validity, equal, zeros, capitals, centroids, gbif, institutions) [2026-03-29]","standardized authors names in identifiedBy","Colección","O.F.S.","O.F.S. & T.C. Cachón"
"1780","HEM2025_1780","PreservedSpecimen","Coleccion",NA,"UNICACH","SPECIES","HEM","E.M.L.","180","O.F.S.","E","HEM2025",1,"Encyclia cordigera",16.0269444444444,-93.3058333333333,"2002-03-10","change1: Filled coordinateUncertaintyInMeters from decimal-place precision (conservative). | epi_taxo: acceptedName(match1); authorship_epig(match1); genus_from_scientificName; family_WFO; order_majorGroup_WCVP [2026-03-11] | CoordinateCleaner QA applied without sea test (validity, equal, zeros, capitals, centroids, gbif, institutions) [2026-03-29]","","Colección","E.M.L.","O.F.S."
"1781","HEM2025_1781","PreservedSpecimen","Coleccion",NA,"UNICACH","SPECIES","HEM","F.E.P.C.","40","G.A.S.","E","HEM2025",1,"Encyclia cordigera",15.0486111111111,-92.3805555555555,"2006-06-07","change1: Filled coordinateUncertaintyInMeters from decimal-place precision (conservative). | epi_taxo: acceptedName(match1); authorship_epig(match1); genus_from_scientificName; family_WFO; order_majorGroup_WCVP [2026-03-11] | CoordinateCleaner QA applied without sea test (validity, equal, zeros, capitals, centroids, gbif, institutions) [2026-03-29]","","Colección","F.E.P.C.","G.A.S."
"1782","HEM2025_1782","PreservedSpecimen","Coleccion",NA,"UNICACH","SPECIES","HEM","F.E.P.C.","40","G.A.S.","E","HEM2025",1,"Encyclia cordigera",15.0486111111111,-92.3805555555555,"2006-06-07","change1: Filled coordinateUncertaintyInMeters from decimal-place precision (conservative). | epi_taxo: acceptedName(match1); authorship_epig(match1); genus_from_scientificName; family_WFO; order_majorGroup_WCVP [2026-03-11] | CoordinateCleaner QA applied without sea test (validity, equal, zeros, capitals, centroids, gbif, institutions) [2026-03-29]","","Colección","F.E.P.C.","G.A.S."
"1783","HEM2025_1783","PreservedSpecimen","Coleccion",NA,"UNICACH","SPECIES","HEM","N.M.M.","468","N.M.M.","E","HEM2025",1,"Encyclia diota",16.5437222222222,-92.4456388888889,"2004-04-02","change1: Filled coordinateUncertaintyInMeters from decimal-place precision (conservative). | epi_taxo: acceptedName(match1); authorship_epig(match1); genus_from_scientificName; family_WFO; order_majorGroup_WCVP [2026-03-11] | CoordinateCleaner QA applied without sea test (validity, equal, zeros, capitals, centroids, gbif, institutions) [2026-03-29]","","Colección","N.M.M.","N.M.M."
"1784","HEM2025_1784","PreservedSpecimen","Coleccion",NA,"UNICACH","SPECIES","HEM","M.M.E.","2","M.M.E.","E","HEM2025",1,"Encyclia diota",16.7611111111111,-92.9416666666667,"2005-05-08","change1: Filled coordinateUncertaintyInMeters from decimal-place precision (conservative). | epi_taxo: acceptedName(match1); authorship_epig(match1); genus_from_scientificName; family_WFO; order_majorGroup_WCVP [2026-03-11] | CoordinateCleaner QA applied without sea test (validity, equal, zeros, capitals, centroids, gbif, institutions) [2026-03-29]","","Colección","M.M.E.","M.M.E."
"1785","HEM2025_1785","PreservedSpecimen","Coleccion",NA,"UNICACH","SPECIES","HEM","M.A.B.R.","133","J.M.M.","E","HEM2025",1,"Encyclia diota",17.0168333333333,-93.1320944444444,"2009-09-15","change1: Filled coordinateUncertaintyInMeters from decimal-place precision (conservative). | epi_taxo: acceptedName(match1); authorship_epig(match1); genus_from_scientificName; family_WFO; order_majorGroup_WCVP [2026-03-11] | CoordinateCleaner QA applied without sea test (validity, equal, zeros, capitals, centroids, gbif, institutions) [2026-03-29]","","Colección","M.A.B.R.","J.M.M."
"1786","HEM2025_1786","PreservedSpecimen","Coleccion",NA,"UNICACH","SPECIES","HEM","M.C.R.M.","1135","D.A.J.L.","E","HEM2025",1,"Encyclia diota",16.7657972222222,-92.9711194444444,"2015-06-30","change1: Filled coordinateUncertaintyInMeters from decimal-place precision (conservative). | epi_taxo: acceptedName(match1); authorship_epig(match1); genus_from_scientificName; family_WFO; order_majorGroup_WCVP [2026-03-11] | CoordinateCleaner QA applied without sea test (validity, equal, zeros, capitals, centroids, gbif, institutions) [2026-03-29]","","Colección","M.C.R.M.","D.A.J.L."
"1787","HEM2025_1787","PreservedSpecimen","Coleccion",NA,"UNICACH","SPECIES","HEM","H.R.E.","14-bis","H.R.E.","E","HEM2025",1,"Encyclia selligera",15.5441666666667,-92.4941666666667,"2005-07-10","change1: Filled coordinateUncertaintyInMeters from decimal-place precision (conservative). | epi_taxo: acceptedName(match1); authorship_epig(match1); genus_from_scientificName; family_WFO; order_majorGroup_WCVP [2026-03-11] | CoordinateCleaner QA applied without sea test (validity, equal, zeros, capitals, centroids, gbif, institutions) [2026-03-29]","","Colección","H.R.E.","H.R.E."
"1788","HEM2025_1788","PreservedSpecimen","Coleccion",NA,"UNICACH","SPECIES","HEM","J.M.M.","1354","J.M.M.","E","HEM2025",1,"Encyclia tuerckheimii",16.2145277777778,-93.7202777777778,"2006-06-04","change1: Filled coordinateUncertaintyInMeters from decimal-place precision (conservative). | epi_taxo: acceptedName(match1); authorship_epig(match1); genus_from_scientificName; family_WFO; order_majorGroup_WCVP [2026-03-11] | CoordinateCleaner QA applied without sea test (validity, equal, zeros, capitals, centroids, gbif, institutions) [2026-03-29]","","Colección","J.M.M.","J.M.M."
"1789","HEM2025_1789","PreservedSpecimen","Coleccion",NA,"UNICACH","SPECIES","HEM","J.S.M. | J.K.M. | E.M.S.","2644","ND","E","HEM2025",1,"Prosthechea varicosa",15.0775,-92.0941666666667,"1987-05-03","change1: Filled coordinateUncertaintyInMeters from decimal-place precision (conservative). | epi_taxo: acceptedName(match1); authorship_epig(match1); genus_from_scientificName; family_WFO; order_majorGroup_WCVP [2026-03-11] | CoordinateCleaner QA applied without sea test (validity, equal, zeros, capitals, centroids, gbif, institutions) [2026-03-29]","standardized authors names in recordedBy","Colección","J.S.M. & J.K.M. & E.M.S.","ND"
"1790","HEM2025_1790","PreservedSpecimen","Coleccion",NA,"UNICACH","SPECIES","HEM","M.A.S.A. | L.M.C. | G.A.S.","1875","ND","E","HEM2025",1,"Epidendrum alticola",15.0775,-92.0941666666667,"1985-09-15","change1: Filled coordinateUncertaintyInMeters from decimal-place precision (conservative). | epi_taxo: acceptedName(match1); authorship_epig(match1); genus_from_scientificName; family_WFO; order_majorGroup_WCVP [2026-03-11] | CoordinateCleaner QA applied without sea test (validity, equal, zeros, capitals, centroids, gbif, institutions) [2026-03-29]","standardized authors names in recordedBy","Colección","M.A.S.A. & L.M.C. & G.A.S.","ND"
"1791","HEM2025_1791","PreservedSpecimen","Coleccion",NA,"UNICACH","SPECIES","HEM","L.M.C. | G.A.S. | E.H.G.","8071","ND","E","HEM2025",1,"Epidendrum alticola",15.0775,-92.0941666666667,"","change1: Filled coordinateUncertaintyInMeters from decimal-place precision (conservative). | epi_taxo: acceptedName(match1); authorship_epig(match1); genus_from_scientificName; family_WFO; order_majorGroup_WCVP [2026-03-11] | CoordinateCleaner QA applied without sea test (validity, equal, zeros, capitals, centroids, gbif, institutions) [2026-03-29]","standardized authors names in recordedBy","Colección","L.M.C. & G.A.S. & E.H.G.","ND"
"1792","HEM2025_1792","PreservedSpecimen","Coleccion",NA,"UNICACH","SPECIES","HEM","L.M.C. | G.A.S.","1872","ND","E","HEM2025",1,"Epidendrum alticola",15.1113888888889,-92.1286111111111,"","change1: Filled coordinateUncertaintyInMeters from decimal-place precision (conservative). | epi_taxo: acceptedName(match1); authorship_epig(match1); genus_from_scientificName; family_WFO; order_majorGroup_WCVP [2026-03-11] | CoordinateCleaner QA applied without sea test (validity, equal, zeros, capitals, centroids, gbif, institutions) [2026-03-29]","standardized authors names in recordedBy","Colección","L.M.C. & G.A.S.","ND"
"1793","HEM2025_1793","PreservedSpecimen","Coleccion",NA,"UNICACH","SPECIES","HEM","M.A.S.A. | E.H.G.","8071","ND","E","HEM2025",1,"Epidendrum alticola",15.0775,-92.0941666666667,"1986-07-30","change1: Filled coordinateUncertaintyInMeters from decimal-place precision (conservative). | epi_taxo: acceptedName(match1); authorship_epig(match1); genus_from_scientificName; family_WFO; order_majorGroup_WCVP [2026-03-11] | CoordinateCleaner QA applied without sea test (validity, equal, zeros, capitals, centroids, gbif, institutions) [2026-03-29]","standardized authors names in recordedBy","Colección","M.A.S.A. & E.H.G.","ND"
"1794","HEM2025_1794","PreservedSpecimen","Coleccion",NA,"UNICACH","SPECIES","HEM","N.M.M.","2161","N.M.M.","E","HEM2025",1,"Epidendrum anceps",16.7866111111111,-94.0265833333333,"2007-11-14","change1: Filled coordinateUncertaintyInMeters from decimal-place precision (conservative). | epi_taxo: acceptedName(match1); authorship_epig(match1); genus_from_scientificName; family_WFO; order_majorGroup_WCVP [2026-03-11] | CoordinateCleaner QA applied without sea test (validity, equal, zeros, capitals, centroids, gbif, institutions) [2026-03-29]","","Colección","N.M.M.","N.M.M."
"1795","HEM2025_1795","PreservedSpecimen","Coleccion",NA,"UNICACH","SPECIES","HEM","M.M.M.","137","M.M.M.","E","HEM2025",1,"Epidendrum anceps",16.7866111111111,-94.0265833333333,"2007-07-07","change1: Filled coordinateUncertaintyInMeters from decimal-place precision (conservative). | epi_taxo: acceptedName(match1); authorship_epig(match1); genus_from_scientificName; family_WFO; order_majorGroup_WCVP [2026-03-11] | CoordinateCleaner QA applied without sea test (validity, equal, zeros, capitals, centroids, gbif, institutions) [2026-03-29]","","Colección","M.M.M.","M.M.M."
"1796","HEM2025_1796","PreservedSpecimen","Coleccion",NA,"UNICACH","SPECIES","HEM","C.A.P.B.","68","C.R.B.B.","E","HEM2025",1,"Epidendrum cardiophorum",15.8220555555556,-93.0455555555556,"2005-07-17","change1: Filled coordinateUncertaintyInMeters from decimal-place precision (conservative). | epi_taxo: acceptedName(match1); authorship_epig(match1); genus_from_scientificName; family_WFO; order_majorGroup_WCVP [2026-03-11] | CoordinateCleaner QA applied without sea test (validity, equal, zeros, capitals, centroids, gbif, institutions) [2026-03-29]","","Colección","C.A.P.B.","C.R.B.B."
"1797","HEM2025_1797","PreservedSpecimen","Coleccion",NA,"UNICACH","SPECIES","HEM","N.J.M.G.","57","N.J.M.G.","E","HEM2025",1,"Epidendrum cardiophorum",15.7304444444444,-92.9659722222222,"2006-07-19","change1: Filled coordinateUncertaintyInMeters from decimal-place precision (conservative). | epi_taxo: acceptedName(match1); authorship_epig(match1); genus_from_scientificName; family_WFO; order_majorGroup_WCVP [2026-03-11] | CoordinateCleaner QA applied without sea test (validity, equal, zeros, capitals, centroids, gbif, institutions) [2026-03-29]","","Colección","N.J.M.G.","N.J.M.G."
"1798","HEM2025_1798","PreservedSpecimen","Coleccion",NA,"UNICACH","SPECIES","HEM","A.L.C.","131","C.R.B.B.","E","HEM2025",1,"Epidendrum cardiophorum",16.7758333333333,-93.7155555555556,"2005-11-30","change1: Filled coordinateUncertaintyInMeters from decimal-place precision (conservative). | epi_taxo: acceptedName(match1); authorship_epig(match1); genus_from_scientificName; family_WFO; order_majorGroup_WCVP [2026-03-11] | CoordinateCleaner QA applied without sea test (validity, equal, zeros, capitals, centroids, gbif, institutions) [2026-03-29]","","Colección","A.L.C.","C.R.B.B."
"1799","HEM2025_1799","PreservedSpecimen","Coleccion",NA,"UNICACH","SPECIES","HEM","J.M.M.","1846","J.M.M.","E","HEM2025",1,"Epidendrum cardiophorum",15.7746388888889,-93.0119444444444,"2007-06-07","change1: Filled coordinateUncertaintyInMeters from decimal-place precision (conservative). | epi_taxo: acceptedName(match1); authorship_epig(match1); genus_from_scientificName; family_WFO; order_majorGroup_WCVP [2026-03-11] | CoordinateCleaner QA applied without sea test (validity, equal, zeros, capitals, centroids, gbif, institutions) [2026-03-29]","","Colección","J.M.M.","J.M.M."
"1800","HEM2025_1800","PreservedSpecimen","Coleccion",NA,"UNICACH","SPECIES","HEM","D.H.B.","36","Carnevali, G.","E","HEM2025",1,"Epidendrum cardiophorum",16.9058333333333,-92.0936111111111,"2002-05-06","change1: Filled coordinateUncertaintyInMeters from decimal-place precision (conservative). | epi_taxo: acceptedName(match1); authorship_epig(match1); genus_from_scientificName; family_WFO; order_majorGroup_WCVP [2026-03-11] | CoordinateCleaner QA applied without sea test (validity, equal, zeros, capitals, centroids, gbif, institutions) [2026-03-29]","standardized authors names in identifiedBy","Colección","D.H.B.","G. Carnevali"
"1801","HEM2025_1801","PreservedSpecimen","Coleccion",NA,"UNICACH","SPECIES","HEM","D.H.B.","36","Carnevali, G.","E","HEM2025",1,"Epidendrum cardiophorum",16.9058333333333,-92.0936111111111,"2002-05-06","change1: Filled coordinateUncertaintyInMeters from decimal-place precision (conservative). | epi_taxo: acceptedName(match1); authorship_epig(match1); genus_from_scientificName; family_WFO; order_majorGroup_WCVP [2026-03-11] | CoordinateCleaner QA applied without sea test (validity, equal, zeros, capitals, centroids, gbif, institutions) [2026-03-29]","standardized authors names in identifiedBy","Colección","D.H.B.","G. Carnevali"
"1802","HEM2025_1802","PreservedSpecimen","Coleccion",NA,"UNICACH","SPECIES","HEM","Camilo, R.M.","740","Carnevali, G.","E","HEM2025",1,"Epidendrum cardiophorum",16.9477777777778,-93.2244444444444,"2002-10-23","change1: Filled coordinateUncertaintyInMeters from decimal-place precision (conservative). | epi_taxo: acceptedName(match1); authorship_epig(match1); genus_from_scientificName; family_WFO; order_majorGroup_WCVP [2026-03-11] | CoordinateCleaner QA applied without sea test (validity, equal, zeros, capitals, centroids, gbif, institutions) [2026-03-29]","standardized authors names in recordedBy / standardized authors names in identifiedBy","Colección","R.M. Camilo","G. Carnevali"
"1803","HEM2025_1803","PreservedSpecimen","Coleccion",NA,"UNICACH","SPECIES","HEM","J.M.M.","807","C.R.B.B.","E","HEM2025",1,"Epidendrum cerinum",15.8213333333333,-93.0480277777778,"2005-04-22","change1: Filled coordinateUncertaintyInMeters from decimal-place precision (conservative). | epi_taxo: acceptedName(match1); authorship_epig(match1); genus_from_scientificName; family_WFO; order_majorGroup_WCVP [2026-03-11] | CoordinateCleaner QA applied without sea test (validity, equal, zeros, capitals, centroids, gbif, institutions) [2026-03-29]","","Colección","J.M.M.","C.R.B.B."
"1804","HEM2025_1804","PreservedSpecimen","Coleccion",NA,"UNICACH","FORM","HEM","D.E.B.","68900","D.E.B.","E","HEM2025",1,"Epidendrum chloe",15.2941666666667,-92.2775,"1988-01-06","change1: Corrected taxonRank (SPECIES→FORM); kept scientificName as-is. | change2: Filled coordinateUncertaintyInMeters from decimal-place precision (conservative). | epi_taxo: acceptedName(match1); authorship_epig(match1); genus_from_scientificName; family_WFO; order_majorGroup_WCVP [2026-03-11] | CoordinateCleaner QA applied without sea test (validity, equal, zeros, capitals, centroids, gbif, institutions) [2026-03-29]","","Colección","D.E.B.","D.E.B."
"1805","HEM2025_1805","PreservedSpecimen","Coleccion",NA,"UNICACH","SPECIES","HEM","D.E.B.","69135","ND","E","HEM2025",1,"Epidendrum ciliare",15.3275,-92.2608333333333,"1988-06-10","change1: Filled coordinateUncertaintyInMeters from decimal-place precision (conservative). | epi_taxo: acceptedName(match1); authorship_epig(match1); genus_from_scientificName; family_WFO; order_majorGroup_WCVP [2026-03-11] | CoordinateCleaner QA applied without sea test (validity, equal, zeros, capitals, centroids, gbif, institutions) [2026-03-29]","","Colección","D.E.B.","ND"
"1806","HEM2025_1806","PreservedSpecimen","Coleccion",NA,"UNICACH","SPECIES","HEM","J.M.M.","1038","J.M.M.","E","HEM2025",1,"Epidendrum ciliare",15.8063333333333,-92.9828333333333,"2005-07-18","change1: Filled coordinateUncertaintyInMeters from decimal-place precision (conservative). | epi_taxo: acceptedName(match1); authorship_epig(match1); genus_from_scientificName; family_WFO; order_majorGroup_WCVP [2026-03-11] | CoordinateCleaner QA applied without sea test (validity, equal, zeros, capitals, centroids, gbif, institutions) [2026-03-29]","","Colección","J.M.M.","J.M.M."
"1807","HEM2025_1807","PreservedSpecimen","Coleccion",NA,"UNICACH","SPECIES","HEM","A.M.G. | G.U. | E.M.S.","196","Carnevali, G.","E","HEM2025",1,"Epidendrum ciliare",16.7772222222222,-93.2741666666667,"1987-05-31","change1: Filled coordinateUncertaintyInMeters from decimal-place precision (conservative). | epi_taxo: acceptedName(match1); authorship_epig(match1); genus_from_scientificName; family_WFO; order_majorGroup_WCVP [2026-03-11] | CoordinateCleaner QA applied without sea test (validity, equal, zeros, capitals, centroids, gbif, institutions) [2026-03-29]","standardized authors names in recordedBy / standardized authors names in identifiedBy","Colección","A.M.G. & G.U. & E.M.S.","G. Carnevali"
"1808","HEM2025_1808","PreservedSpecimen","Coleccion",NA,"UNICACH","SPECIES","HEM","A.M.G. | G.U. | E.M.S.","196","Carnevali, G.","E","HEM2025",1,"Epidendrum ciliare",16.7772222222222,-93.2741666666667,"1987-05-31","change1: Filled coordinateUncertaintyInMeters from decimal-place precision (conservative). | epi_taxo: acceptedName(match1); authorship_epig(match1); genus_from_scientificName; family_WFO; order_majorGroup_WCVP [2026-03-11] | CoordinateCleaner QA applied without sea test (validity, equal, zeros, capitals, centroids, gbif, institutions) [2026-03-29]","standardized authors names in recordedBy / standardized authors names in identifiedBy","Colección","A.M.G. & G.U. & E.M.S.","G. Carnevali"
"1809","HEM2025_1809","PreservedSpecimen","Coleccion",NA,"UNICACH","SPECIES","HEM","M.M.M. | N.M.M. | R.J.R.V. | E.C.N.","4181","N.M.M.","E","HEM2025",1,"Epidendrum ciliare",15.1571111111111,-92.1808055555556,"2014-06-17","change1: Filled coordinateUncertaintyInMeters from decimal-place precision (conservative). | epi_taxo: acceptedName(match1); authorship_epig(match1); genus_from_scientificName; family_WFO; order_majorGroup_WCVP [2026-03-11] | CoordinateCleaner QA applied without sea test (validity, equal, zeros, capitals, centroids, gbif, institutions) [2026-03-29]","standardized authors names in recordedBy","Colección","M.M.M. & N.M.M. & R.J.R.V. & E.C.N.","N.M.M."
"1810","HEM2025_1810","PreservedSpecimen","Coleccion",NA,"UNICACH","SPECIES","HEM","A.M.G. | G.U. | E.M.S.","196-bis","Carnevali, G.","E","HEM2025",1,"Epidendrum ciliare",16.7772222222222,-93.2741666666667,"1986-05-31","change1: Filled coordinateUncertaintyInMeters from decimal-place precision (conservative). | epi_taxo: acceptedName(match1); authorship_epig(match1); genus_from_scientificName; family_WFO; order_majorGroup_WCVP [2026-03-11] | CoordinateCleaner QA applied without sea test (validity, equal, zeros, capitals, centroids, gbif, institutions) [2026-03-29]","standardized authors names in recordedBy / standardized authors names in identifiedBy","Colección","A.M.G. & G.U. & E.M.S.","G. Carnevali"
"1811","HEM2025_1811","PreservedSpecimen","Coleccion",NA,"UNICACH","SPECIES","HEM","A.M.G. | G.U. | E.M.S.","196-bis","Carnevali, G.","E","HEM2025",1,"Epidendrum ciliare",16.7772222222222,-93.2741666666667,"1986-05-31","change1: Filled coordinateUncertaintyInMeters from decimal-place precision (conservative). | epi_taxo: acceptedName(match1); authorship_epig(match1); genus_from_scientificName; family_WFO; order_majorGroup_WCVP [2026-03-11] | CoordinateCleaner QA applied without sea test (validity, equal, zeros, capitals, centroids, gbif, institutions) [2026-03-29]","standardized authors names in recordedBy / standardized authors names in identifiedBy","Colección","A.M.G. & G.U. & E.M.S.","G. Carnevali"
"1812","HEM2025_1812","PreservedSpecimen","Coleccion",NA,"UNICACH","SPECIES","HEM","P.C. | V.M.","1168","Carnevali, G.","E","HEM2025",1,"Epidendrum ciliare",15.6055555555556,-92.5652777777778,"1998-08-21","change1: Filled coordinateUncertaintyInMeters from decimal-place precision (conservative). | epi_taxo: acceptedName(match1); authorship_epig(match1); genus_from_scientificName; family_WFO; order_majorGroup_WCVP [2026-03-11] | CoordinateCleaner QA applied without sea test (validity, equal, zeros, capitals, centroids, gbif, institutions) [2026-03-29]","standardized authors names in recordedBy / standardized authors names in identifiedBy","Colección","P.C. & V.M.","G. Carnevali"
"1813","HEM2025_1813","PreservedSpecimen","Coleccion",NA,"UNICACH","SPECIES","HEM","P.C. | V.M.","1168","Carnevali, G.","E","HEM2025",1,"Epidendrum ciliare",15.6055555555556,-92.5652777777778,"1998-08-21","change1: Filled coordinateUncertaintyInMeters from decimal-place precision (conservative). | epi_taxo: acceptedName(match1); authorship_epig(match1); genus_from_scientificName; family_WFO; order_majorGroup_WCVP [2026-03-11] | CoordinateCleaner QA applied without sea test (validity, equal, zeros, capitals, centroids, gbif, institutions) [2026-03-29]","standardized authors names in recordedBy / standardized authors names in identifiedBy","Colección","P.C. & V.M.","G. Carnevali"
"1814","HEM2025_1814","PreservedSpecimen","Coleccion",NA,"UNICACH","SPECIES","HEM","Camilo, R.M.","617","Carnevali, G.","E","HEM2025",1,"Epidendrum ciliare",17.1097222222222,-93.625,"2002-08-13","change1: Filled coordinateUncertaintyInMeters from decimal-place precision (conservative). | epi_taxo: acceptedName(match1); authorship_epig(match1); genus_from_scientificName; family_WFO; order_majorGroup_WCVP [2026-03-11] | CoordinateCleaner QA applied without sea test (validity, equal, zeros, capitals, centroids, gbif, institutions) [2026-03-29]","standardized authors names in recordedBy / standardized authors names in identifiedBy","Colección","R.M. Camilo","G. Carnevali"
"1815","HEM2025_1815","PreservedSpecimen","Coleccion",NA,"UNICACH","SPECIES","HEM","R.P.M.","2","G.A.S.","E","HEM2025",1,"Epidendrum ciliare",15.9836111111111,-93.3063888888889,"2002-03-07","change1: Filled coordinateUncertaintyInMeters from decimal-place precision (conservative). | epi_taxo: acceptedName(match1); authorship_epig(match1); genus_from_scientificName; family_WFO; order_majorGroup_WCVP [2026-03-11] | CoordinateCleaner QA applied without sea test (validity, equal, zeros, capitals, centroids, gbif, institutions) [2026-03-29]","","Colección","R.P.M.","G.A.S."
"1816","HEM2025_1816","PreservedSpecimen","Coleccion",NA,"UNICACH","SPECIES","HEM","R.P.M.","2","G.A.S.","E","HEM2025",1,"Epidendrum ciliare",15.9836111111111,-93.3063888888889,"2002-03-07","change1: Filled coordinateUncertaintyInMeters from decimal-place precision (conservative). | epi_taxo: acceptedName(match1); authorship_epig(match1); genus_from_scientificName; family_WFO; order_majorGroup_WCVP [2026-03-11] | CoordinateCleaner QA applied without sea test (validity, equal, zeros, capitals, centroids, gbif, institutions) [2026-03-29]","","Colección","R.P.M.","G.A.S."
"1817","HEM2025_1817","PreservedSpecimen","Coleccion",NA,"UNICACH","SPECIES","HEM","M.D.R.S.","309","H.R.E.","E","HEM2025",1,"Epidendrum citrosmum",15.5976388888889,-92.6570277777778,"2005-07-22","change1: Filled coordinateUncertaintyInMeters from decimal-place precision (conservative). | epi_taxo: acceptedName(match1); authorship_epig(match1); genus_from_scientificName; family_WFO; order_majorGroup_WCVP [2026-03-11] | CoordinateCleaner QA applied without sea test (validity, equal, zeros, capitals, centroids, gbif, institutions) [2026-03-29]","","Colección","M.D.R.S.","H.R.E."
"1818","HEM2025_1818","PreservedSpecimen","Coleccion",NA,"UNICACH","SPECIES","HEM","M.M.M. | D.A.J.L.","3342","N.M.M.","E","HEM2025",1,"Epidendrum clowesii",15.1348888888889,-92.1380555555556,"2013-12-15","change1: Filled coordinateUncertaintyInMeters from decimal-place precision (conservative). | epi_taxo: acceptedName(match1); authorship_epig(match1); genus_from_scientificName; family_WFO; order_majorGroup_WCVP [2026-03-11] | CoordinateCleaner QA applied without sea test (validity, equal, zeros, capitals, centroids, gbif, institutions) [2026-03-29]","standardized authors names in recordedBy","Colección","M.M.M. & D.A.J.L.","N.M.M."
"1819","HEM2025_1819","PreservedSpecimen","Coleccion",NA,"UNICACH","SPECIES","HEM","D.A.J.L. | M.M.M.","13","D.A.J.L. | N.M.M.","E","HEM2025",1,"Epidendrum clowesii",15.1571111111111,-92.1808055555556,"2014-01-20","change1: Filled coordinateUncertaintyInMeters from decimal-place precision (conservative). | epi_taxo: acceptedName(match1); authorship_epig(match1); genus_from_scientificName; family_WFO; order_majorGroup_WCVP [2026-03-11] | CoordinateCleaner QA applied without sea test (validity, equal, zeros, capitals, centroids, gbif, institutions) [2026-03-29]","standardized authors names in recordedBy / standardized authors names in identifiedBy","Colección","D.A.J.L. & M.M.M.","D.A.J.L. & N.M.M."
"1820","HEM2025_1820","PreservedSpecimen","Coleccion",NA,"UNICACH","SPECIES","HEM","E.M.S. | A.R.G.","20412","ND","E","HEM2025",1,"Epidendrum cnemidophorum",15.0775,-92.0941666666667,"1987-04-28","change1: Filled coordinateUncertaintyInMeters from decimal-place precision (conservative). | epi_taxo: acceptedName(match1); authorship_epig(match1); genus_from_scientificName; family_WFO; order_majorGroup_WCVP [2026-03-11] | CoordinateCleaner QA applied without sea test (validity, equal, zeros, capitals, centroids, gbif, institutions) [2026-03-29]","standardized authors names in recordedBy","Colección","E.M.S. & A.R.G.","ND"
"1821","HEM2025_1821","PreservedSpecimen","Coleccion",NA,"UNICACH","SPECIES","HEM","M.M.M. | M.D.E.M.","1319","N.M.M. | J.M.M.","E","HEM2025",1,"Epidendrum cnemidophorum",15.0864722222222,-92.0991666666667,"2013-04-27","change1: Filled coordinateUncertaintyInMeters from decimal-place precision (conservative). | epi_taxo: acceptedName(match1); authorship_epig(match1); genus_from_scientificName; family_WFO; order_majorGroup_WCVP [2026-03-11] | CoordinateCleaner QA applied without sea test (validity, equal, zeros, capitals, centroids, gbif, institutions) [2026-03-29]","standardized authors names in recordedBy / standardized authors names in identifiedBy","Colección","M.M.M. & M.D.E.M.","N.M.M. & J.M.M."
"1822","HEM2025_1822","PreservedSpecimen","Coleccion",NA,"UNICACH","SPECIES","HEM","M.M.M. | M.A.D.V.","1646","N.M.M. | J.M.M.","E","HEM2025",1,"Epidendrum cnemidophorum",15.0858333333333,-92.0971111111111,"2013-05-23","change1: Filled coordinateUncertaintyInMeters from decimal-place precision (conservative). | epi_taxo: acceptedName(match1); authorship_epig(match1); genus_from_scientificName; family_WFO; order_majorGroup_WCVP [2026-03-11] | CoordinateCleaner QA applied without sea test (validity, equal, zeros, capitals, centroids, gbif, institutions) [2026-03-29]","standardized authors names in recordedBy / standardized authors names in identifiedBy","Colección","M.M.M. & M.A.D.V.","N.M.M. & J.M.M."
"1823","HEM2025_1823","PreservedSpecimen","Coleccion",NA,"UNICACH","SPECIES","HEM","M.M.M. | M.A.D.V.","1716","N.M.M. | J.M.M.","E","HEM2025",1,"Epidendrum cnemidophorum",15.0828333333333,-92.0994444444444,"2013-05-25","change1: Filled coordinateUncertaintyInMeters from decimal-place precision (conservative). | epi_taxo: acceptedName(match1); authorship_epig(match1); genus_from_scientificName; family_WFO; order_majorGroup_WCVP [2026-03-11] | CoordinateCleaner QA applied without sea test (validity, equal, zeros, capitals, centroids, gbif, institutions) [2026-03-29]","standardized authors names in recordedBy / standardized authors names in identifiedBy","Colección","M.M.M. & M.A.D.V.","N.M.M. & J.M.M."
"1824","HEM2025_1824","PreservedSpecimen","Coleccion",NA,"UNICACH","SPECIES","HEM","Camilo, R.M. | R.V.H. | M.M.M.","2943","N.M.M.","E","HEM2025",1,"Epidendrum cnemidophorum",15.1284444444444,-92.1809444444444,"2015-03-26","change1: Filled coordinateUncertaintyInMeters from decimal-place precision (conservative). | epi_taxo: acceptedName(match1); authorship_epig(match1); genus_from_scientificName; family_WFO; order_majorGroup_WCVP [2026-03-11] | CoordinateCleaner QA applied without sea test (validity, equal, zeros, capitals, centroids, gbif, institutions) [2026-03-29]","standardized authors names in recordedBy","Colección","R.M. Camilo & R.V.H. & M.M.M.","N.M.M."
"1825","HEM2025_1825","PreservedSpecimen","Coleccion",NA,"UNICACH","SPECIES","HEM","M.M.M. | D.A.J.L. | R.J.R.V.","5578","N.M.M.","E","HEM2025",1,"Epidendrum cnemidophorum",15.1179722222222,-92.1553333333333,"2015-03-26","change1: Filled coordinateUncertaintyInMeters from decimal-place precision (conservative). | epi_taxo: acceptedName(match1); authorship_epig(match1); genus_from_scientificName; family_WFO; order_majorGroup_WCVP [2026-03-11] | CoordinateCleaner QA applied without sea test (validity, equal, zeros, capitals, centroids, gbif, institutions) [2026-03-29]","standardized authors names in recordedBy","Colección","M.M.M. & D.A.J.L. & R.J.R.V.","N.M.M."
"1826","HEM2025_1826","PreservedSpecimen","Coleccion",NA,"UNICACH","SPECIES","HEM","M.M.M. | D.A.J.L. | R.J.R.V.","5614","N.M.M.","E","HEM2025",1,"Epidendrum cnemidophorum",15.0997777777778,-92.1679444444444,"2015-03-27","change1: Filled coordinateUncertaintyInMeters from decimal-place precision (conservative). | epi_taxo: acceptedName(match1); authorship_epig(match1); genus_from_scientificName; family_WFO; order_majorGroup_WCVP [2026-03-11] | CoordinateCleaner QA applied without sea test (validity, equal, zeros, capitals, centroids, gbif, institutions) [2026-03-29]","standardized authors names in recordedBy","Colección","M.M.M. & D.A.J.L. & R.J.R.V.","N.M.M."
"1827","HEM2025_1827","PreservedSpecimen","Coleccion",NA,"UNICACH","SPECIES","HEM","R.H.N.","3540","ND","E","HEM2025",1,"Epidendrum cnemidophorum",15.0775,-92.0941666666667,"1986-08-09","change1: Filled coordinateUncertaintyInMeters from decimal-place precision (conservative). | epi_taxo: acceptedName(match1); authorship_epig(match1); genus_from_scientificName; family_WFO; order_majorGroup_WCVP [2026-03-11] | CoordinateCleaner QA applied without sea test (validity, equal, zeros, capitals, centroids, gbif, institutions) [2026-03-29]","","Colección","R.H.N.","ND"
"1828","HEM2025_1828","PreservedSpecimen","Coleccion",NA,"UNICACH","SPECIES","HEM","M.M.M.","155","N.M.M.","E","HEM2025",1,"Epidendrum diffusum",16.7866111111111,-94.0265833333333,"2007-08-10","change1: Filled coordinateUncertaintyInMeters from decimal-place precision (conservative). | epi_taxo: acceptedName(match1); authorship_epig(match1); genus_from_scientificName; family_WFO; order_majorGroup_WCVP [2026-03-11] | CoordinateCleaner QA applied without sea test (validity, equal, zeros, capitals, centroids, gbif, institutions) [2026-03-29]","","Colección","M.M.M.","N.M.M."
"1829","HEM2025_1829","PreservedSpecimen","Coleccion",NA,"UNICACH","SPECIES","HEM","M.M.M.","340","J.M.M.","E","HEM2025",1,"Epidendrum diffusum",17.0415,-93.2363611111111,"2009-10-21","change1: Filled coordinateUncertaintyInMeters from decimal-place precision (conservative). | epi_taxo: acceptedName(match1); authorship_epig(match1); genus_from_scientificName; family_WFO; order_majorGroup_WCVP [2026-03-11] | CoordinateCleaner QA applied without sea test (validity, equal, zeros, capitals, centroids, gbif, institutions) [2026-03-29]","","Colección","M.M.M.","J.M.M."
"1830","HEM2025_1830","PreservedSpecimen","Coleccion",NA,"UNICACH","SPECIES","HEM","M.A.B.R.","117","M.A.B.R.","E","HEM2025",1,"Epidendrum diffusum",17.0402833333333,-93.1313388888889,"2009-09-15","change1: Filled coordinateUncertaintyInMeters from decimal-place precision (conservative). | epi_taxo: acceptedName(match1); authorship_epig(match1); genus_from_scientificName; family_WFO; order_majorGroup_WCVP [2026-03-11] | CoordinateCleaner QA applied without sea test (validity, equal, zeros, capitals, centroids, gbif, institutions) [2026-03-29]","","Colección","M.A.B.R.","M.A.B.R."
"1831","HEM2025_1831","PreservedSpecimen","Coleccion",NA,"UNICACH","FORM","HEM","G.U. | E.M.S. | A.M.G.","57","G.A.S.","E","HEM2025",1,"Epidendrum eustirum",16.7944444444444,-93.1008333333333,"1987-02-18","change1: Corrected taxonRank (SPECIES→FORM); kept scientificName as-is. | change2: Filled coordinateUncertaintyInMeters from decimal-place precision (conservative). | epi_taxo: acceptedName(match1); authorship_epig(match1); genus_from_scientificName; family_WFO; order_majorGroup_WCVP [2026-03-11] | CoordinateCleaner QA applied without sea test (validity, equal, zeros, capitals, centroids, gbif, institutions) [2026-03-29]","standardized authors names in recordedBy","Colección","G.U. & E.M.S. & A.M.G.","G.A.S."
"1832","HEM2025_1832","PreservedSpecimen","Coleccion",NA,"UNICACH","FORM","HEM","G.U. | E.M.S. | A.M.G.","57","G.A.S.","E","HEM2025",1,"Epidendrum eustirum",16.7944444444444,-93.1008333333333,"1987-02-18","change1: Corrected taxonRank (SPECIES→FORM); kept scientificName as-is. | change2: Filled coordinateUncertaintyInMeters from decimal-place precision (conservative). | epi_taxo: acceptedName(match1); authorship_epig(match1); genus_from_scientificName; family_WFO; order_majorGroup_WCVP [2026-03-11] | CoordinateCleaner QA applied without sea test (validity, equal, zeros, capitals, centroids, gbif, institutions) [2026-03-29]","standardized authors names in recordedBy","Colección","G.U. & E.M.S. & A.M.G.","G.A.S."
"1833","HEM2025_1833","PreservedSpecimen","Coleccion",NA,"UNICACH","SPECIES","HEM","N.M.M.","22","Dressler, R.L.","E","HEM2025",1,"Epidendrum eximium",15.7344444444444,-92.9341666666667,"2001-03-23","change1: Filled coordinateUncertaintyInMeters from decimal-place precision (conservative). | epi_taxo: acceptedName(match1); authorship_epig(match1); genus_from_scientificName; family_WFO; order_majorGroup_WCVP [2026-03-11] | CoordinateCleaner QA applied without sea test (validity, equal, zeros, capitals, centroids, gbif, institutions) [2026-03-29]","standardized authors names in identifiedBy","Colección","N.M.M.","R.L. Dressler"
"1834","HEM2025_1834","PreservedSpecimen","Coleccion",NA,"UNICACH","SPECIES","HEM","Camilo, R.M.","1152","Camilo, R.M.","E","HEM2025",1,"Epidendrum eximium",16.7013888888889,-92.6097222222222,"2007-06-07","change1: Filled coordinateUncertaintyInMeters from decimal-place precision (conservative). | epi_taxo: acceptedName(match1); authorship_epig(match1); genus_from_scientificName; family_WFO; order_majorGroup_WCVP [2026-03-11] | CoordinateCleaner QA applied without sea test (validity, equal, zeros, capitals, centroids, gbif, institutions) [2026-03-29]","standardized authors names in recordedBy / standardized authors names in identifiedBy","Colección","R.M. Camilo","R.M. Camilo"
"1835","HEM2025_1835","PreservedSpecimen","Coleccion",NA,"UNICACH","SPECIES","HEM","Camilo, R.M.","1152","Camilo, R.M.","E","HEM2025",1,"Epidendrum eximium",16.7013888888889,-92.6097222222222,"2007-06-07","change1: Filled coordinateUncertaintyInMeters from decimal-place precision (conservative). | epi_taxo: acceptedName(match1); authorship_epig(match1); genus_from_scientificName; family_WFO; order_majorGroup_WCVP [2026-03-11] | CoordinateCleaner QA applied without sea test (validity, equal, zeros, capitals, centroids, gbif, institutions) [2026-03-29]","standardized authors names in recordedBy / standardized authors names in identifiedBy","Colección","R.M. Camilo","R.M. Camilo"
"1836","HEM2025_1836","PreservedSpecimen","Coleccion",NA,"UNICACH","SPECIES","HEM","M.M.M. | Camilo, R.M.","1120","N.M.M.","E","HEM2025",1,"Epidendrum eximium",15.1126388888889,-92.0980555555555,"2013-04-04","change1: Filled coordinateUncertaintyInMeters from decimal-place precision (conservative). | epi_taxo: acceptedName(match1); authorship_epig(match1); genus_from_scientificName; family_WFO; order_majorGroup_WCVP [2026-03-11] | CoordinateCleaner QA applied without sea test (validity, equal, zeros, capitals, centroids, gbif, institutions) [2026-03-29]","standardized authors names in recordedBy","Colección","M.M.M. & R.M. Camilo","N.M.M."
"1837","HEM2025_1837","PreservedSpecimen","Coleccion",NA,"UNICACH","SPECIES","HEM","M.M.M. | S.H.J. | J.A.B.B.","5727","N.M.M.","E","HEM2025",1,"Epidendrum eximium",15.2408055555556,-92.3045555555556,"2015-04-30","change1: Filled coordinateUncertaintyInMeters from decimal-place precision (conservative). | epi_taxo: acceptedName(match1); authorship_epig(match1); genus_from_scientificName; family_WFO; order_majorGroup_WCVP [2026-03-11] | CoordinateCleaner QA applied without sea test (validity, equal, zeros, capitals, centroids, gbif, institutions) [2026-03-29]","standardized authors names in recordedBy","Colección","M.M.M. & S.H.J. & J.A.B.B.","N.M.M."
"1838","HEM2025_1838","PreservedSpecimen","Coleccion",NA,"UNICACH","SPECIES","HEM","N.M.M. | M.M.M. | R.V.H.","4076","N.M.M. | M.M.M.","E","HEM2025",1,"Epidendrum eximium",15.1103333333333,-92.1109444444444,"2015-05-04","change1: Filled coordinateUncertaintyInMeters from decimal-place precision (conservative). | epi_taxo: acceptedName(match1); authorship_epig(match1); genus_from_scientificName; family_WFO; order_majorGroup_WCVP [2026-03-11] | CoordinateCleaner QA applied without sea test (validity, equal, zeros, capitals, centroids, gbif, institutions) [2026-03-29]","standardized authors names in recordedBy / standardized authors names in identifiedBy","Colección","N.M.M. & M.M.M. & R.V.H.","N.M.M. & M.M.M."
"1839","HEM2025_1839","PreservedSpecimen","Coleccion",NA,"UNICACH","SPECIES","HEM","M.M.M. | Camilo, R.M. | E.A.M.A. | M.I.L.R. | N.A.F.R.","4752","N.M.M.","E","HEM2025",1,"Epidendrum isomerum",15.0926111111111,-92.1466944444444,"2014-07-07","change1: Filled coordinateUncertaintyInMeters from decimal-place precision (conservative). | epi_taxo: acceptedName(match1); authorship_epig(match1); genus_from_scientificName; family_WFO; order_majorGroup_WCVP [2026-03-11] | CoordinateCleaner QA applied without sea test (validity, equal, zeros, capitals, centroids, gbif, institutions) [2026-03-29]","standardized authors names in recordedBy","Colección","M.M.M. & R.M. Camilo & E.A.M.A. & M.I.L.R. & N.A.F.R.","N.M.M."
"1840","HEM2025_1840","PreservedSpecimen","Coleccion",NA,"UNICACH","SPECIES","HEM","Camilo, R.M. | N.M.M.","2579","Camilo, R.M.","E","HEM2025",1,"Epidendrum isomerum",15.0969444444444,-92.1347222222222,"2014-08-15","change1: Filled coordinateUncertaintyInMeters from decimal-place precision (conservative). | epi_taxo: acceptedName(match1); authorship_epig(match1); genus_from_scientificName; family_WFO; order_majorGroup_WCVP [2026-03-11] | CoordinateCleaner QA applied without sea test (validity, equal, zeros, capitals, centroids, gbif, institutions) [2026-03-29]","standardized authors names in recordedBy / standardized authors names in identifiedBy","Colección","R.M. Camilo & N.M.M.","R.M. Camilo"
"1841","HEM2025_1841","PreservedSpecimen","Coleccion",NA,"UNICACH","SPECIES","HEM","M.M.M. | S.H.J. | J.A.B.B.","5735","N.M.M.","E","HEM2025",1,"Epidendrum isomerum",15.2408055555556,-92.3045555555556,"2015-04-30","change1: Filled coordinateUncertaintyInMeters from decimal-place precision (conservative). | epi_taxo: acceptedName(match1); authorship_epig(match1); genus_from_scientificName; family_WFO; order_majorGroup_WCVP [2026-03-11] | CoordinateCleaner QA applied without sea test (validity, equal, zeros, capitals, centroids, gbif, institutions) [2026-03-29]","standardized authors names in recordedBy","Colección","M.M.M. & S.H.J. & J.A.B.B.","N.M.M."
"1842","HEM2025_1842","PreservedSpecimen","Coleccion",NA,"UNICACH","SPECIES","HEM","F.M.A.","4586","F.R.M.","E","HEM2025",1,"Epidendrum isomerum",16.7597222222222,-91.1211111111111,"1994-09-07","change1: Filled coordinateUncertaintyInMeters from decimal-place precision (conservative). | epi_taxo: acceptedName(match1); authorship_epig(match1); genus_from_scientificName; family_WFO; order_majorGroup_WCVP [2026-03-11] | CoordinateCleaner QA applied without sea test (validity, equal, zeros, capitals, centroids, gbif, institutions) [2026-03-29]","","Colección","F.M.A.","F.R.M."
"1843","HEM2025_1843","PreservedSpecimen","Coleccion",NA,"UNICACH","SPECIES","HEM","M.G.D.","398","G.L.V.","E","HEM2025",1,"Epidendrum laucheanum",15.0913888888889,-92.0994444444444,"2005-07-27","change1: Filled coordinateUncertaintyInMeters from decimal-place precision (conservative). | epi_taxo: acceptedName(match1); authorship_epig(match1); genus_from_scientificName; family_WFO; order_majorGroup_WCVP [2026-03-11] | CoordinateCleaner QA applied without sea test (validity, equal, zeros, capitals, centroids, gbif, institutions) [2026-03-29]","","Colección","M.G.D.","G.L.V."
"1844","HEM2025_1844","PreservedSpecimen","Coleccion",NA,"UNICACH","SPECIES","HEM","J.M.M.","1150","C.R.B.B.","E","HEM2025",1,"Epidendrum laucheanum",15.8220555555556,-93.0455555555556,"2005-08-27","change1: Filled coordinateUncertaintyInMeters from decimal-place precision (conservative). | epi_taxo: acceptedName(match1); authorship_epig(match1); genus_from_scientificName; family_WFO; order_majorGroup_WCVP [2026-03-11] | CoordinateCleaner QA applied without sea test (validity, equal, zeros, capitals, centroids, gbif, institutions) [2026-03-29]","","Colección","J.M.M.","C.R.B.B."
"1845","HEM2025_1845","PreservedSpecimen","Coleccion",NA,"UNICACH","SPECIES","HEM","C.A.P.B.","204","C.A.P.B.","E","HEM2025",1,"Epidendrum laucheanum",15.7441388888889,-93.0340888888889,"","change1: Filled coordinateUncertaintyInMeters from decimal-place precision (conservative). | epi_taxo: acceptedName(match1); authorship_epig(match1); genus_from_scientificName; family_WFO; order_majorGroup_WCVP [2026-03-11] | CoordinateCleaner QA applied without sea test (validity, equal, zeros, capitals, centroids, gbif, institutions) [2026-03-29]","","Colección","C.A.P.B.","C.A.P.B."
"1846","HEM2025_1846","PreservedSpecimen","Coleccion",NA,"UNICACH","SPECIES","HEM","N.M.M.","1155","C.R.B.B.","E","HEM2025",1,"Epidendrum martinezii",15.6641666666667,-92.8136111111111,"2005-08-06","change1: Filled coordinateUncertaintyInMeters from decimal-place precision (conservative). | epi_taxo: acceptedName(match1); authorship_epig(match1); genus_from_scientificName; family_WFO; order_majorGroup_WCVP [2026-03-11] | CoordinateCleaner QA applied without sea test (validity, equal, zeros, capitals, centroids, gbif, institutions) [2026-03-29]","","Colección","N.M.M.","C.R.B.B."
"1847","HEM2025_1847","PreservedSpecimen","Coleccion",NA,"UNICACH","SPECIES","HEM","J.M.M.","992","J.M.M.","E","HEM2025",1,"Epidendrum martinezii",15.8123888888889,-93.0741666666667,"2005-07-13","change1: Filled coordinateUncertaintyInMeters from decimal-place precision (conservative). | epi_taxo: acceptedName(match1); authorship_epig(match1); genus_from_scientificName; family_WFO; order_majorGroup_WCVP [2026-03-11] | CoordinateCleaner QA applied without sea test (validity, equal, zeros, capitals, centroids, gbif, institutions) [2026-03-29]","","Colección","J.M.M.","J.M.M."
"1848","HEM2025_1848","PreservedSpecimen","Coleccion",NA,"UNICACH","SPECIES","HEM","F.J.S.G.","23","F.J.S.G.","E","HEM2025",1,"Epidendrum martinezii",16.5982333333333,-93.3672888888889,"2006-04-27","change1: Filled coordinateUncertaintyInMeters from decimal-place precision (conservative). | epi_taxo: acceptedName(match1); authorship_epig(match1); genus_from_scientificName; family_WFO; order_majorGroup_WCVP [2026-03-11] | CoordinateCleaner QA applied without sea test (validity, equal, zeros, capitals, centroids, gbif, institutions) [2026-03-29]","","Colección","F.J.S.G.","F.J.S.G."
"1849","HEM2025_1849","PreservedSpecimen","Coleccion",NA,"UNICACH","SPECIES","HEM","M.M.M. | M.D.E.M.","1409","Camilo, R.M.","E","HEM2025",1,"Epidendrum martinezii",15.0858333333333,-92.0996111111111,"2013-04-30","change1: Filled coordinateUncertaintyInMeters from decimal-place precision (conservative). | epi_taxo: acceptedName(match1); authorship_epig(match1); genus_from_scientificName; family_WFO; order_majorGroup_WCVP [2026-03-11] | CoordinateCleaner QA applied without sea test (validity, equal, zeros, capitals, centroids, gbif, institutions) [2026-03-29]","standardized authors names in recordedBy / standardized authors names in identifiedBy","Colección","M.M.M. & M.D.E.M.","R.M. Camilo"
"1850","HEM2025_1850","PreservedSpecimen","Coleccion",NA,"UNICACH","SPECIES","HEM","M.M.M. | M.D.E.M.","1539","N.M.M.","E","HEM2025",1,"Epidendrum martinezii",15.0990833333333,-92.0988333333333,"2013-05-02","change1: Filled coordinateUncertaintyInMeters from decimal-place precision (conservative). | epi_taxo: acceptedName(match1); authorship_epig(match1); genus_from_scientificName; family_WFO; order_majorGroup_WCVP [2026-03-11] | CoordinateCleaner QA applied without sea test (validity, equal, zeros, capitals, centroids, gbif, institutions) [2026-03-29]","standardized authors names in recordedBy","Colección","M.M.M. & M.D.E.M.","N.M.M."
"1851","HEM2025_1851","PreservedSpecimen","Coleccion",NA,"UNICACH","SPECIES","HEM","M.D.R.S.","157","R.R.S.","E","HEM2025",1,"Epidendrum melistagum",15.5991388888889,-92.6927777777778,"2005-06-13","change1: Filled coordinateUncertaintyInMeters from decimal-place precision (conservative). | epi_taxo: acceptedName(match1); authorship_epig(match1); genus_from_scientificName; family_WFO; order_majorGroup_WCVP [2026-03-11] | CoordinateCleaner QA applied without sea test (validity, equal, zeros, capitals, centroids, gbif, institutions) [2026-03-29]","","Colección","M.D.R.S.","R.R.S."
"1852","HEM2025_1852","PreservedSpecimen","Coleccion",NA,"UNICACH","SPECIES","HEM","Chagala, J.L.","48","C.R.B.B.","E","HEM2025",1,"Epidendrum melistagum",15.8220555555556,-93.0455555555556,"2005-07-17","change1: Filled coordinateUncertaintyInMeters from decimal-place precision (conservative). | epi_taxo: acceptedName(match1); authorship_epig(match1); genus_from_scientificName; family_WFO; order_majorGroup_WCVP [2026-03-11] | CoordinateCleaner QA applied without sea test (validity, equal, zeros, capitals, centroids, gbif, institutions) [2026-03-29]","standardized authors names in recordedBy","Colección","J.L. Chagala","C.R.B.B."
"1853","HEM2025_1853","PreservedSpecimen","Coleccion",NA,"UNICACH","SPECIES","HEM","N.M.M.","2153","N.M.M.","E","HEM2025",1,"Epidendrum melistagum",16.7866111111111,-94.0265833333333,"2007-11-14","change1: Filled coordinateUncertaintyInMeters from decimal-place precision (conservative). | epi_taxo: acceptedName(match1); authorship_epig(match1); genus_from_scientificName; family_WFO; order_majorGroup_WCVP [2026-03-11] | CoordinateCleaner QA applied without sea test (validity, equal, zeros, capitals, centroids, gbif, institutions) [2026-03-29]","","Colección","N.M.M.","N.M.M."
"1854","HEM2025_1854","PreservedSpecimen","Coleccion",NA,"UNICACH","SPECIES","HEM","N.M.M.","84","Carnevali, G.","E","HEM2025",1,"Epidendrum melistagum",15.7727777777778,-93.09,"2001-07-17","change1: Filled coordinateUncertaintyInMeters from decimal-place precision (conservative). | epi_taxo: acceptedName(match1); authorship_epig(match1); genus_from_scientificName; family_WFO; order_majorGroup_WCVP [2026-03-11] | CoordinateCleaner QA applied without sea test (validity, equal, zeros, capitals, centroids, gbif, institutions) [2026-03-29]","standardized authors names in identifiedBy","Colección","N.M.M.","G. Carnevali"
"1855","HEM2025_1855","PreservedSpecimen","Coleccion",NA,"UNICACH","SPECIES","HEM","P.C. | R.O. | M.V.M.","38","Carnevali, G.","E","HEM2025",1,"Epidendrum melistagum",15.5847222222222,-92.5375,"1998-08-24","change1: Filled coordinateUncertaintyInMeters from decimal-place precision (conservative). | epi_taxo: acceptedName(match1); authorship_epig(match1); genus_from_scientificName; family_WFO; order_majorGroup_WCVP [2026-03-11] | CoordinateCleaner QA applied without sea test (validity, equal, zeros, capitals, centroids, gbif, institutions) [2026-03-29]","standardized authors names in recordedBy / standardized authors names in identifiedBy","Colección","P.C. & R.O. & M.V.M.","G. Carnevali"
"1856","HEM2025_1856","PreservedSpecimen","Coleccion",NA,"UNICACH","SPECIES","HEM","P.C. | R.O. | M.V.M.","38","Carnevali, G.","E","HEM2025",1,"Epidendrum melistagum",15.5847222222222,-92.5375,"1998-08-24","change1: Filled coordinateUncertaintyInMeters from decimal-place precision (conservative). | epi_taxo: acceptedName(match1); authorship_epig(match1); genus_from_scientificName; family_WFO; order_majorGroup_WCVP [2026-03-11] | CoordinateCleaner QA applied without sea test (validity, equal, zeros, capitals, centroids, gbif, institutions) [2026-03-29]","standardized authors names in recordedBy / standardized authors names in identifiedBy","Colección","P.C. & R.O. & M.V.M.","G. Carnevali"
"1857","HEM2025_1857","PreservedSpecimen","Coleccion",NA,"UNICACH","SPECIES","HEM","M.M.M. | M.C.R.M.","5086","N.M.M.","E","HEM2025",1,"Epidendrum mixtum",15.0993611111111,-92.1659722222222,"2014-09-16","change1: Filled coordinateUncertaintyInMeters from decimal-place precision (conservative). | epi_taxo: acceptedName(match1); authorship_epig(match1); genus_from_scientificName; family_WFO; order_majorGroup_WCVP [2026-03-11] | CoordinateCleaner QA applied without sea test (validity, equal, zeros, capitals, centroids, gbif, institutions) [2026-03-29]","standardized authors names in recordedBy","Colección","M.M.M. & M.C.R.M.","N.M.M."
"1858","HEM2025_1858","PreservedSpecimen","Coleccion",NA,"UNICACH","SPECIES","HEM","M.M.M. | M.C.R.M.","5141","N.M.M.","E","HEM2025",1,"Epidendrum mixtum",15.1046944444444,-92.1807222222222,"2014-09-17","change1: Filled coordinateUncertaintyInMeters from decimal-place precision (conservative). | epi_taxo: acceptedName(match1); authorship_epig(match1); genus_from_scientificName; family_WFO; order_majorGroup_WCVP [2026-03-11] | CoordinateCleaner QA applied without sea test (validity, equal, zeros, capitals, centroids, gbif, institutions) [2026-03-29]","standardized authors names in recordedBy","Colección","M.M.M. & M.C.R.M.","N.M.M."
"1859","HEM2025_1859","PreservedSpecimen","Coleccion",NA,"UNICACH","SPECIES","HEM","M.M.M. | M.C.R.M.","5210","N.M.M.","E","HEM2025",1,"Epidendrum mixtum",15.1063611111111,-92.1741944444445,"2014-09-18","change1: Filled coordinateUncertaintyInMeters from decimal-place precision (conservative). | epi_taxo: acceptedName(match1); authorship_epig(match1); genus_from_scientificName; family_WFO; order_majorGroup_WCVP [2026-03-11] | CoordinateCleaner QA applied without sea test (validity, equal, zeros, capitals, centroids, gbif, institutions) [2026-03-29]","standardized authors names in recordedBy","Colección","M.M.M. & M.C.R.M.","N.M.M."
"1860","HEM2025_1860","PreservedSpecimen","Coleccion",NA,"UNICACH","SPECIES","HEM","M.M.M. | M.C.R.M.","5249","N.M.M.","E","HEM2025",1,"Epidendrum mixtum",15.1086388888889,-92.1911666666667,"2014-09-20","change1: Filled coordinateUncertaintyInMeters from decimal-place precision (conservative). | epi_taxo: acceptedName(match1); authorship_epig(match1); genus_from_scientificName; family_WFO; order_majorGroup_WCVP [2026-03-11] | CoordinateCleaner QA applied without sea test (validity, equal, zeros, capitals, centroids, gbif, institutions) [2026-03-29]","standardized authors names in recordedBy","Colección","M.M.M. & M.C.R.M.","N.M.M."
"1861","HEM2025_1861","PreservedSpecimen","Coleccion",NA,"UNICACH","SPECIES","HEM","A.R.A.","302","C.R.B.B.","E","HEM2025",1,"Epidendrum myrianthum",15.8213888888889,-93.0488888888889,"2005-04-22","change1: Filled coordinateUncertaintyInMeters from decimal-place precision (conservative). | epi_taxo: acceptedName(match1); authorship_epig(match1); genus_from_scientificName; family_WFO; order_majorGroup_WCVP [2026-03-11] | CoordinateCleaner QA applied without sea test (validity, equal, zeros, capitals, centroids, gbif, institutions) [2026-03-29]","","Colección","A.R.A.","C.R.B.B."
"1862","HEM2025_1862","PreservedSpecimen","Coleccion",NA,"UNICACH","SPECIES","HEM","Chagala, J.L.","60","C.R.B.B.","E","HEM2025",1,"Epidendrum myrianthum",15.8213888888889,-93.0488888888889,"2005-07-17","change1: Filled coordinateUncertaintyInMeters from decimal-place precision (conservative). | epi_taxo: acceptedName(match1); authorship_epig(match1); genus_from_scientificName; family_WFO; order_majorGroup_WCVP [2026-03-11] | CoordinateCleaner QA applied without sea test (validity, equal, zeros, capitals, centroids, gbif, institutions) [2026-03-29]","standardized authors names in recordedBy","Colección","J.L. Chagala","C.R.B.B."
"1863","HEM2025_1863","PreservedSpecimen","Coleccion",NA,"UNICACH","SPECIES","HEM","J.M.M.","1174","J.M.M.","E","HEM2025",1,"Epidendrum myrianthum",16.2086111111111,-93.7144444444445,"2006-03-11","change1: Filled coordinateUncertaintyInMeters from decimal-place precision (conservative). | epi_taxo: acceptedName(match1); authorship_epig(match1); genus_from_scientificName; family_WFO; order_majorGroup_WCVP [2026-03-11] | CoordinateCleaner QA applied without sea test (validity, equal, zeros, capitals, centroids, gbif, institutions) [2026-03-29]","","Colección","J.M.M.","J.M.M."
"1864","HEM2025_1864","PreservedSpecimen","Coleccion",NA,"UNICACH","SPECIES","HEM","A.L.C.","796","A.L.C.","E","HEM2025",1,"Epidendrum nocturnum",16.9183861111111,-92.9952222222222,"2009-07-10","change1: Filled coordinateUncertaintyInMeters from decimal-place precision (conservative). | epi_taxo: acceptedName(match1); authorship_epig(match1); genus_from_scientificName; family_WFO; order_majorGroup_WCVP [2026-03-11] | CoordinateCleaner QA applied without sea test (validity, equal, zeros, capitals, centroids, gbif, institutions) [2026-03-29]","","Colección","A.L.C.","A.L.C."
"1865","HEM2025_1865","PreservedSpecimen","Coleccion",NA,"UNICACH","FORM","HEM","N.M.M.","2160","N.M.M.","E","HEM2025",2,"Epidendrum paranthicum",16.7866111111111,-94.0265833333333,"2007-11-14","change1: Corrected taxonRank (SPECIES→FORM); kept scientificName as-is. | change2: Filled coordinateUncertaintyInMeters from decimal-place precision (conservative). | epi_taxo: acceptedName(match1); authorship_epig(match1); genus_from_scientificName; family_WFO; order_majorGroup_WCVP [2026-03-11] | CoordinateCleaner QA applied without sea test (validity, equal, zeros, capitals, centroids, gbif, institutions) [2026-03-29]","","Colección","N.M.M.","N.M.M."
"1866","HEM2025_1866","PreservedSpecimen","Coleccion",NA,"UNICACH","SPECIES","HEM","Najarro, F.H. | U.G.M.","858","O.F.S.","E","HEM2025",1,"Epidendrum parkinsonianum",15.9752777777778,-93.4544444444444,"2002-04-27","change1: Filled coordinateUncertaintyInMeters from decimal-place precision (conservative). | epi_taxo: acceptedName(match1); authorship_epig(match1); genus_from_scientificName; family_WFO; order_majorGroup_WCVP [2026-03-11] | CoordinateCleaner QA applied without sea test (validity, equal, zeros, capitals, centroids, gbif, institutions) [2026-03-29]","standardized authors names in recordedBy","Colección","F.H. Najarro & U.G.M.","O.F.S."
"1867","HEM2025_1867","PreservedSpecimen","Coleccion",NA,"UNICACH","SPECIES","HEM","J.C.S. | A.R.G. | M.E.L.V. | A.E.","22977","M.A.S.A.","E","HEM2025",1,"Epidendrum parkinsonianum",16.4366666666667,-93.9269444444444,"2002-04-25","change1: Filled coordinateUncertaintyInMeters from decimal-place precision (conservative). | epi_taxo: acceptedName(match1); authorship_epig(match1); genus_from_scientificName; family_WFO; order_majorGroup_WCVP [2026-03-11] | CoordinateCleaner QA applied without sea test (validity, equal, zeros, capitals, centroids, gbif, institutions) [2026-03-29]","standardized authors names in recordedBy","Colección","J.C.S. & A.R.G. & M.E.L.V. & A.E.","M.A.S.A."
"1868","HEM2025_1868","PreservedSpecimen","Coleccion",NA,"UNICACH","SPECIES","HEM","G.L.V.","28","G.L.V.","E","HEM2025",1,"Epidendrum polyanthum",15.085,-92.0847222222222,"2005-06-22","change1: Filled coordinateUncertaintyInMeters from decimal-place precision (conservative). | epi_taxo: acceptedName(match1); authorship_epig(match1); genus_from_scientificName; family_WFO; order_majorGroup_WCVP [2026-03-11] | CoordinateCleaner QA applied without sea test (validity, equal, zeros, capitals, centroids, gbif, institutions) [2026-03-29]","","Colección","G.L.V.","G.L.V."
"1869","HEM2025_1869","PreservedSpecimen","Coleccion",NA,"UNICACH","SPECIES","HEM","M.D.R.S.","311","F.J.B.J.","E","HEM2025",1,"Epidendrum polyanthum",15.5976388888889,-92.6570277777778,"2005-07-22","change1: Filled coordinateUncertaintyInMeters from decimal-place precision (conservative). | epi_taxo: acceptedName(match1); authorship_epig(match1); genus_from_scientificName; family_WFO; order_majorGroup_WCVP [2026-03-11] | CoordinateCleaner QA applied without sea test (validity, equal, zeros, capitals, centroids, gbif, institutions) [2026-03-29]","","Colección","M.D.R.S.","F.J.B.J."
"1870","HEM2025_1870","PreservedSpecimen","Coleccion",NA,"UNICACH","SPECIES","HEM","N.M.M.","549","N.M.M.","E","HEM2025",1,"Epidendrum pseudoramosum",15.6608333333333,-92.8275,"2004-11-11","change1: Filled coordinateUncertaintyInMeters from decimal-place precision (conservative). | epi_taxo: acceptedName(match1); authorship_epig(match1); genus_from_scientificName; family_WFO; order_majorGroup_WCVP [2026-03-11] | CoordinateCleaner QA applied without sea test (validity, equal, zeros, capitals, centroids, gbif, institutions) [2026-03-29]","","Colección","N.M.M.","N.M.M."
"1871","HEM2025_1871","PreservedSpecimen","Coleccion",NA,"UNICACH","SPECIES","HEM","Camilo, R.M. | N.M.M.","2669","N.M.M.","E","HEM2025",1,"Epidendrum pseudoramosum",15.0988611111111,-92.1681388888889,"2014-08-17","change1: Filled coordinateUncertaintyInMeters from decimal-place precision (conservative). | epi_taxo: acceptedName(match1); authorship_epig(match1); genus_from_scientificName; family_WFO; order_majorGroup_WCVP [2026-03-11] | CoordinateCleaner QA applied without sea test (validity, equal, zeros, capitals, centroids, gbif, institutions) [2026-03-29]","standardized authors names in recordedBy","Colección","R.M. Camilo & N.M.M.","N.M.M."
"1872","HEM2025_1872","PreservedSpecimen","Coleccion",NA,"UNICACH","SPECIES","HEM","N.M.M.","558","N.M.M.","E","HEM2025",1,"Epidendrum pseudoramosum",15.6608333333333,-92.8275,"2004-11-11","change1: Filled coordinateUncertaintyInMeters from decimal-place precision (conservative). | epi_taxo: acceptedName(match1); authorship_epig(match1); genus_from_scientificName; family_WFO; order_majorGroup_WCVP [2026-03-11] | CoordinateCleaner QA applied without sea test (validity, equal, zeros, capitals, centroids, gbif, institutions) [2026-03-29]","","Colección","N.M.M.","N.M.M."
"1873","HEM2025_1873","PreservedSpecimen","Coleccion",NA,"UNICACH","SPECIES","HEM","H.G.D.","2131","H.G.D.","E","HEM2025",2,"Epidendrum antillanum",16.5494166666667,-91.8734166666667,"2009-02-23","change1: Filled coordinateUncertaintyInMeters from decimal-place precision (conservative). | epi_taxo: acceptedName(match1); authorship_epig(match1); genus_from_scientificName; family_WFO; order_majorGroup_WCVP [2026-03-11] | CoordinateCleaner QA applied without sea test (validity, equal, zeros, capitals, centroids, gbif, institutions) [2026-03-29]","","Colección","H.G.D.","H.G.D."
"1874","HEM2025_1874","PreservedSpecimen","Coleccion",NA,"UNICACH","SPECIES","HEM","M.A.B.R.","142","M.M.M.","E","HEM2025",2,"Epidendrum antillanum",17.0168333333333,-93.1320944444444,"2009-09-15","change1: Filled coordinateUncertaintyInMeters from decimal-place precision (conservative). | epi_taxo: acceptedName(match1); authorship_epig(match1); genus_from_scientificName; family_WFO; order_majorGroup_WCVP [2026-03-11] | CoordinateCleaner QA applied without sea test (validity, equal, zeros, capitals, centroids, gbif, institutions) [2026-03-29]","","Colección","M.A.B.R.","M.M.M."
"1875","HEM2025_1875","PreservedSpecimen","Coleccion",NA,"UNICACH","SPECIES","HEM","T.E.C.C.","89","T.E.C.C","E","HEM2025",2,"Epidendrum antillanum",16.7866111111111,-94.0265833333333,"2007-07-06","change1: Filled coordinateUncertaintyInMeters from decimal-place precision (conservative). | epi_taxo: acceptedName(match1); authorship_epig(match1); genus_from_scientificName; family_WFO; order_majorGroup_WCVP [2026-03-11] | CoordinateCleaner QA applied without sea test (validity, equal, zeros, capitals, centroids, gbif, institutions) [2026-03-29]","standardized authors names in recordedBy","Colección","T.E.C.C","T.E.C.C"
"1876","HEM2025_1876","PreservedSpecimen","Coleccion",NA,"UNICACH","SPECIES","HEM","G.L.V.","35","G.L.V.","E","HEM2025",3,"Epidendrum cardenasii",15.0591666666667,-92.0961111111111,"2005-08-04","change1: Filled coordinateUncertaintyInMeters from decimal-place precision (conservative). | epi_taxo: acceptedName(match1); authorship_epig(match1); genus_from_scientificName; family_WFO; order_majorGroup_WCVP [2026-03-11] | CoordinateCleaner QA applied without sea test (validity, equal, zeros, capitals, centroids, gbif, institutions) [2026-03-29]","","Colección","G.L.V.","G.L.V."
"1877","HEM2025_1877","PreservedSpecimen","Coleccion",NA,"UNICACH","SPECIES","HEM","B.C.L.","22","B.C.L.","E","HEM2025",3,"Epidendrum cardenasii",16.1402777777778,-93.5691666666667,"2005-03-04","change1: Filled coordinateUncertaintyInMeters from decimal-place precision (conservative). | epi_taxo: acceptedName(match1); authorship_epig(match1); genus_from_scientificName; family_WFO; order_majorGroup_WCVP [2026-03-11] | CoordinateCleaner QA applied without sea test (validity, equal, zeros, capitals, centroids, gbif, institutions) [2026-03-29]","","Colección","B.C.L.","B.C.L."
"1878","HEM2025_1878","PreservedSpecimen","Coleccion",NA,"UNICACH","SPECIES","HEM","N.M.M.","1653","N.M.M.","E","HEM2025",3,"Epidendrum cardenasii",16.0831944444444,-90.9930277777778,"2005-03-03","change1: Filled coordinateUncertaintyInMeters from decimal-place precision (conservative). | epi_taxo: acceptedName(match1); authorship_epig(match1); genus_from_scientificName; family_WFO; order_majorGroup_WCVP [2026-03-11] | CoordinateCleaner QA applied without sea test (validity, equal, zeros, capitals, centroids, gbif, institutions) [2026-03-29]","","Colección","N.M.M.","N.M.M."
"1879","HEM2025_1879","PreservedSpecimen","Coleccion",NA,"UNICACH","SPECIES","HEM","G.L.M.","9","G.L.M.","E","HEM2025",3,"Epidendrum cardenasii",17.1302777777778,-92.9347222222222,"2005-03-19","change1: Filled coordinateUncertaintyInMeters from decimal-place precision (conservative). | epi_taxo: acceptedName(match1); authorship_epig(match1); genus_from_scientificName; family_WFO; order_majorGroup_WCVP [2026-03-11] | CoordinateCleaner QA applied without sea test (validity, equal, zeros, capitals, centroids, gbif, institutions) [2026-03-29]","","Colección","G.L.M.","G.L.M."
"1880","HEM2025_1880","PreservedSpecimen","Coleccion",NA,"UNICACH","SPECIES","HEM","J.R.V.","24","J.R.V.","E","HEM2025",3,"Epidendrum cardenasii",16.9042777777778,-93.2330555555556,"2005-11-15","change1: Filled coordinateUncertaintyInMeters from decimal-place precision (conservative). | epi_taxo: acceptedName(match1); authorship_epig(match1); genus_from_scientificName; family_WFO; order_majorGroup_WCVP [2026-03-11] | CoordinateCleaner QA applied without sea test (validity, equal, zeros, capitals, centroids, gbif, institutions) [2026-03-29]","","Colección","J.R.V.","J.R.V."
"1881","HEM2025_1881","PreservedSpecimen","Coleccion",NA,"UNICACH","SPECIES","HEM","A.M.G. | G.U. | E.M.S.","123","I.A.O.","E","HEM2025",3,"Epidendrum cardenasii",16.6608333333333,-90.8108333333333,"1987-05-20","change1: Filled coordinateUncertaintyInMeters from decimal-place precision (conservative). | epi_taxo: acceptedName(match1); authorship_epig(match1); genus_from_scientificName; family_WFO; order_majorGroup_WCVP [2026-03-11] | CoordinateCleaner QA applied without sea test (validity, equal, zeros, capitals, centroids, gbif, institutions) [2026-03-29]","standardized authors names in recordedBy","Colección","A.M.G. & G.U. & E.M.S.","I.A.O."
"1882","HEM2025_1882","PreservedSpecimen","Coleccion",NA,"UNICACH","SPECIES","HEM","L.E.L.","1","Carnevali, G.","E","HEM2025",3,"Epidendrum cardenasii",16.0791666666667,-91.6708333333333,"1986-05-24","change1: Filled coordinateUncertaintyInMeters from decimal-place precision (conservative). | epi_taxo: acceptedName(match1); authorship_epig(match1); genus_from_scientificName; family_WFO; order_majorGroup_WCVP [2026-03-11] | CoordinateCleaner QA applied without sea test (validity, equal, zeros, capitals, centroids, gbif, institutions) [2026-03-29]","standardized authors names in identifiedBy","Colección","L.E.L.","G. Carnevali"
"1883","HEM2025_1883","PreservedSpecimen","Coleccion",NA,"UNICACH","SPECIES","HEM","A.M.G.","123","Carnevali, G.","E","HEM2025",3,"Epidendrum cardenasii",16.6413888888889,-90.7902777777778,"1987-05-20","change1: Filled coordinateUncertaintyInMeters from decimal-place precision (conservative). | epi_taxo: acceptedName(match1); authorship_epig(match1); genus_from_scientificName; family_WFO; order_majorGroup_WCVP [2026-03-11] | CoordinateCleaner QA applied without sea test (validity, equal, zeros, capitals, centroids, gbif, institutions) [2026-03-29]","standardized authors names in identifiedBy","Colección","A.M.G.","G. Carnevali"
"1884","HEM2025_1884","PreservedSpecimen","Coleccion",NA,"UNICACH","SPECIES","HEM","Gomez, A.G.","34","C.R.B.B.","E","HEM2025",3,"Epidendrum cardenasii",16.0791666666667,-91.6708333333333,"2002-03-23","change1: Filled coordinateUncertaintyInMeters from decimal-place precision (conservative). | epi_taxo: acceptedName(match1); authorship_epig(match1); genus_from_scientificName; family_WFO; order_majorGroup_WCVP [2026-03-11] | CoordinateCleaner QA applied without sea test (validity, equal, zeros, capitals, centroids, gbif, institutions) [2026-03-29]","standardized authors names in recordedBy","Colección","A.G. Gómez","C.R.B.B."
"1885","HEM2025_1885","PreservedSpecimen","Coleccion",NA,"UNICACH","SPECIES","HEM","F.E.P.C.","210-BIS","Cachon, T.C.","E","HEM2025",1,"Epidendrum ramosum",15.8275,-93.0441666666667,"1999-05-28","change1: Filled coordinateUncertaintyInMeters from decimal-place precision (conservative). | epi_taxo: acceptedName(match1); authorship_epig(match1); genus_from_scientificName; family_WFO; order_majorGroup_WCVP [2026-03-11] | CoordinateCleaner QA applied without sea test (validity, equal, zeros, capitals, centroids, gbif, institutions) [2026-03-29]","standardized authors names in identifiedBy","Colección","F.E.P.C.","T.C. Cachón"
"1886","HEM2025_1886","PreservedSpecimen","Coleccion",NA,"UNICACH","SPECIES","HEM","H.R.E.","42","H.R.E.","E","HEM2025",1,"Epidendrum ramosum",15.5490833333333,-92.6077222222222,"2005-07-21","change1: Filled coordinateUncertaintyInMeters from decimal-place precision (conservative). | epi_taxo: acceptedName(match1); authorship_epig(match1); genus_from_scientificName; family_WFO; order_majorGroup_WCVP [2026-03-11] | CoordinateCleaner QA applied without sea test (validity, equal, zeros, capitals, centroids, gbif, institutions) [2026-03-29]","","Colección","H.R.E.","H.R.E."
"1887","HEM2025_1887","PreservedSpecimen","Coleccion",NA,"UNICACH","SPECIES","HEM","N.M.M.","1774","N.M.M.","E","HEM2025",1,"Epidendrum ramosum",15.7230555555556,-93.0013888888889,"2006-10-13","change1: Filled coordinateUncertaintyInMeters from decimal-place precision (conservative). | epi_taxo: acceptedName(match1); authorship_epig(match1); genus_from_scientificName; family_WFO; order_majorGroup_WCVP [2026-03-11] | CoordinateCleaner QA applied without sea test (validity, equal, zeros, capitals, centroids, gbif, institutions) [2026-03-29]","","Colección","N.M.M.","N.M.M."
"1888","HEM2025_1888","PreservedSpecimen","Coleccion",NA,"UNICACH","SPECIES","HEM","J.M.M.","1893","J.M.M.","E","HEM2025",1,"Epidendrum repens",15.5142777777778,-92.6808333333333,"2007-10-09","change1: Filled coordinateUncertaintyInMeters from decimal-place precision (conservative). | epi_taxo: acceptedName(match1); authorship_epig(match1); genus_from_scientificName; family_WFO; order_majorGroup_WCVP [2026-03-11] | CoordinateCleaner QA applied without sea test (validity, equal, zeros, capitals, centroids, gbif, institutions) [2026-03-29]","","Colección","J.M.M.","J.M.M."
"1889","HEM2025_1889","PreservedSpecimen","Coleccion",NA,"UNICACH","SPECIES","HEM","N.M.M.","536","N.M.M.","E","HEM2025",1,"Epidendrum repens",15.6608333333333,-92.8275,"2004-11-11","change1: Filled coordinateUncertaintyInMeters from decimal-place precision (conservative). | epi_taxo: acceptedName(match1); authorship_epig(match1); genus_from_scientificName; family_WFO; order_majorGroup_WCVP [2026-03-11] | CoordinateCleaner QA applied without sea test (validity, equal, zeros, capitals, centroids, gbif, institutions) [2026-03-29]","","Colección","N.M.M.","N.M.M."
"1890","HEM2025_1890","PreservedSpecimen","Coleccion",NA,"UNICACH","SPECIES","HEM","N.M.M.","2218","N.M.M.","E","HEM2025",1,"Epidendrum rigidum",16.7866111111111,-94.0265833333333,"2007-12-14","change1: Filled coordinateUncertaintyInMeters from decimal-place precision (conservative). | epi_taxo: acceptedName(match1); authorship_epig(match1); genus_from_scientificName; family_WFO; order_majorGroup_WCVP [2026-03-11] | CoordinateCleaner QA applied without sea test (validity, equal, zeros, capitals, centroids, gbif, institutions) [2026-03-29]","","Colección","N.M.M.","N.M.M."
"1891","HEM2025_1891","PreservedSpecimen","Coleccion",NA,"UNICACH","SPECIES","HEM","C.A.P.B.","38","C.R.B.B.","E","HEM2025",1,"Epidendrum santaclarense",16.1963888888889,-93.6077777777778,"2005-07-03","change1: Filled coordinateUncertaintyInMeters from decimal-place precision (conservative). | epi_taxo: acceptedName(match1); authorship_epig(match1); genus_from_scientificName; family_WFO; order_majorGroup_WCVP [2026-03-11] | CoordinateCleaner QA applied without sea test (validity, equal, zeros, capitals, centroids, gbif, institutions) [2026-03-29]","","Colección","C.A.P.B.","C.R.B.B."
"1892","HEM2025_1892","PreservedSpecimen","Coleccion",NA,"UNICACH","SPECIES","HEM","N.M.M.","79","M.A.S.A.","E","HEM2025",1,"Epidendrum santaclarense",15.7197222222222,-92.9361111111111,"2001-06-30","change1: Filled coordinateUncertaintyInMeters from decimal-place precision (conservative). | epi_taxo: acceptedName(match1); authorship_epig(match1); genus_from_scientificName; family_WFO; order_majorGroup_WCVP [2026-03-11] | CoordinateCleaner QA applied without sea test (validity, equal, zeros, capitals, centroids, gbif, institutions) [2026-03-29]","","Colección","N.M.M.","M.A.S.A."
"1893","HEM2025_1893","PreservedSpecimen","Coleccion",NA,"UNICACH","SPECIES","HEM","M.M.M. | M.D.E.M.","759","N.M.M. | J.M.M.","E","HEM2025",1,"Encyclia selligera",15.2596666666667,-92.2186388888889,"2013-02-10","change1: Filled coordinateUncertaintyInMeters from decimal-place precision (conservative). | epi_taxo: acceptedName(match1); authorship_epig(match1); genus_from_scientificName; family_WFO; order_majorGroup_WCVP [2026-03-11] | CoordinateCleaner QA applied without sea test (validity, equal, zeros, capitals, centroids, gbif, institutions) [2026-03-29]","standardized authors names in recordedBy / standardized authors names in identifiedBy","Colección","M.M.M. & M.D.E.M.","N.M.M. & J.M.M."
"1894","HEM2025_1894","PreservedSpecimen","Coleccion",NA,"UNICACH","SPECIES","HEM","N.M.M.","701","N.M.M.","E","HEM2025",1,"Epidendrum sobralioides",15.6396388888889,-92.6553611111111,"2005-01-17","change1: Filled coordinateUncertaintyInMeters from decimal-place precision (conservative). | epi_taxo: acceptedName(match1); authorship_epig(match1); genus_from_scientificName; family_WFO; order_majorGroup_WCVP [2026-03-11] | CoordinateCleaner QA applied without sea test (validity, equal, zeros, capitals, centroids, gbif, institutions) [2026-03-29]","","Colección","N.M.M.","N.M.M."
"1895","HEM2025_1895","PreservedSpecimen","Coleccion",NA,"UNICACH","SPECIES","HEM","M.M.M. | Camilo, R.M.","1076","N.M.M.","E","HEM2025",1,"Epidendrum sobralioides",15.1126388888889,-92.0980555555555,"2013-04-02","change1: Filled coordinateUncertaintyInMeters from decimal-place precision (conservative). | epi_taxo: acceptedName(match1); authorship_epig(match1); genus_from_scientificName; family_WFO; order_majorGroup_WCVP [2026-03-11] | CoordinateCleaner QA applied without sea test (validity, equal, zeros, capitals, centroids, gbif, institutions) [2026-03-29]","standardized authors names in recordedBy","Colección","M.M.M. & R.M. Camilo","N.M.M."
"1896","HEM2025_1896","PreservedSpecimen","Coleccion",NA,"UNICACH","GENUS","HEM","Perez-Farrera, M.A.","1587-16","Perez-Farrera, M.A.","E","HEM2025",NA,"",15.6641666666667,-92.8136111111111,"1997-02-18","change1: Genus placeholder (sp./spp.): moved to 'genus', set taxonRank=GENUS, cleared scientificName; kept original in verbatim. | change2: Filled coordinateUncertaintyInMeters from decimal-place precision (conservative). | epi_taxo: acceptedName(match1); authorship_epig(match1); genus_from_scientificName; family_WFO; order_majorGroup_WCVP [2026-03-11] | CoordinateCleaner QA applied without sea test (validity, equal, zeros, capitals, centroids, gbif, institutions) [2026-03-29]","standardized authors names in recordedBy / standardized authors names in identifiedBy","Colección","M.A. Pérez-Farrera","M.A. Pérez-Farrera"
"1897","HEM2025_1897","PreservedSpecimen","Coleccion",NA,"UNICACH","GENUS","HEM","E.M.S. | A.M.G. | G.U. | M.R.","19997","C.R.B.B.","E","HEM2025",NA,"",15.4027777777778,-92.2469444444445,"1987-02-11","change1: Genus placeholder (sp./spp.): moved to 'genus', set taxonRank=GENUS, cleared scientificName; kept original in verbatim. | change2: Filled coordinateUncertaintyInMeters from decimal-place precision (conservative). | epi_taxo: acceptedName(match1); authorship_epig(match1); genus_from_scientificName; family_WFO; order_majorGroup_WCVP [2026-03-11] | CoordinateCleaner QA applied without sea test (validity, equal, zeros, capitals, centroids, gbif, institutions) [2026-03-29]","standardized authors names in recordedBy","Colección","E.M.S. & A.M.G. & G.U. & M.R.","C.R.B.B."
"1898","HEM2025_1898","PreservedSpecimen","Coleccion",NA,"UNICACH","GENUS","HEM","Camilo, R.M.","891","Camilo, R.M.","E","HEM2025",NA,"",15.6441666666667,-92.8275,"2005-12-09","change1: Genus placeholder (sp./spp.): moved to 'genus', set taxonRank=GENUS, cleared scientificName; kept original in verbatim. | change2: Filled coordinateUncertaintyInMeters from decimal-place precision (conservative). | epi_taxo: acceptedName(match1); authorship_epig(match1); genus_from_scientificName; family_WFO; order_majorGroup_WCVP [2026-03-11] | CoordinateCleaner QA applied without sea test (validity, equal, zeros, capitals, centroids, gbif, institutions) [2026-03-29]","standardized authors names in recordedBy / standardized authors names in identifiedBy","Colección","R.M. Camilo","R.M. Camilo"
"1899","HEM2025_1899","PreservedSpecimen","Coleccion",NA,"UNICACH","GENUS","HEM","Camilo, R.M.","901","N.M.M.","E","HEM2025",NA,"",15.7227777777778,-92.9436111111111,"2004-09-28","change1: Genus placeholder (sp./spp.): moved to 'genus', set taxonRank=GENUS, cleared scientificName; kept original in verbatim. | change2: Filled coordinateUncertaintyInMeters from decimal-place precision (conservative). | epi_taxo: acceptedName(match1); authorship_epig(match1); genus_from_scientificName; family_WFO; order_majorGroup_WCVP [2026-03-11] | CoordinateCleaner QA applied without sea test (validity, equal, zeros, capitals, centroids, gbif, institutions) [2026-03-29]","standardized authors names in recordedBy","Colección","R.M. Camilo","N.M.M."
"1900","HEM2025_1900","PreservedSpecimen","Coleccion",NA,"UNICACH","GENUS","HEM","C.A.P.B.","143","N.M.M.","E","HEM2025",NA,"",16.1958333333333,-93.6125,"2005-12-14","change1: Genus placeholder (sp./spp.): moved to 'genus', set taxonRank=GENUS, cleared scientificName; kept original in verbatim. | change2: Filled coordinateUncertaintyInMeters from decimal-place precision (conservative). | epi_taxo: acceptedName(match1); authorship_epig(match1); genus_from_scientificName; family_WFO; order_majorGroup_WCVP [2026-03-11] | CoordinateCleaner QA applied without sea test (validity, equal, zeros, capitals, centroids, gbif, institutions) [2026-03-29]","","Colección","C.A.P.B.","N.M.M."
"1901","HEM2025_1901","PreservedSpecimen","Coleccion",NA,"UNICACH","GENUS","HEM","H.G.D.","1296","H.G.D.","E","HEM2025",NA,"",15.688,-92.7426944444444,"2006-07-21","change1: Genus placeholder (sp./spp.): moved to 'genus', set taxonRank=GENUS, cleared scientificName; kept original in verbatim. | change2: Filled coordinateUncertaintyInMeters from decimal-place precision (conservative). | epi_taxo: acceptedName(match1); authorship_epig(match1); genus_from_scientificName; family_WFO; order_majorGroup_WCVP [2026-03-11] | CoordinateCleaner QA applied without sea test (validity, equal, zeros, capitals, centroids, gbif, institutions) [2026-03-29]","","Colección","H.G.D.","H.G.D."
"1902","HEM2025_1902","PreservedSpecimen","Coleccion",NA,"UNICACH","GENUS","HEM","N.M.M.","1332","N.M.M.","E","HEM2025",NA,"",15.46,-92.65825,"2006-03-22","change1: Genus placeholder (sp./spp.): moved to 'genus', set taxonRank=GENUS, cleared scientificName; kept original in verbatim. | change2: Filled coordinateUncertaintyInMeters from decimal-place precision (conservative). | epi_taxo: acceptedName(match1); authorship_epig(match1); genus_from_scientificName; family_WFO; order_majorGroup_WCVP [2026-03-11] | CoordinateCleaner QA applied without sea test (validity, equal, zeros, capitals, centroids, gbif, institutions) [2026-03-29]","","Colección","N.M.M.","N.M.M."
"1903","HEM2025_1903","PreservedSpecimen","Coleccion",NA,"UNICACH","GENUS","HEM","N.M.M.","477","N.M.M.","E","HEM2025",NA,"",17.0658333333333,-93.5716666666667,"2001-08-24","change1: Genus placeholder (sp./spp.): moved to 'genus', set taxonRank=GENUS, cleared scientificName; kept original in verbatim. | change2: Filled coordinateUncertaintyInMeters from decimal-place precision (conservative). | epi_taxo: acceptedName(match1); authorship_epig(match1); genus_from_scientificName; family_WFO; order_majorGroup_WCVP [2026-03-11] | CoordinateCleaner QA applied without sea test (validity, equal, zeros, capitals, centroids, gbif, institutions) [2026-03-29]","","Colección","N.M.M.","N.M.M."
"1904","HEM2025_1904","PreservedSpecimen","Coleccion",NA,"UNICACH","GENUS","HEM","M.M.M. | M.D.E.M.","739","N.M.M. | J.M.M.","E","HEM2025",NA,"",15.2596666666667,-92.2186388888889,"2013-02-10","change1: Genus placeholder (sp./spp.): moved to 'genus', set taxonRank=GENUS, cleared scientificName; kept original in verbatim. | change2: Filled coordinateUncertaintyInMeters from decimal-place precision (conservative). | epi_taxo: acceptedName(match1); authorship_epig(match1); genus_from_scientificName; family_WFO; order_majorGroup_WCVP [2026-03-11] | CoordinateCleaner QA applied without sea test (validity, equal, zeros, capitals, centroids, gbif, institutions) [2026-03-29]","standardized authors names in recordedBy / standardized authors names in identifiedBy","Colección","M.M.M. & M.D.E.M.","N.M.M. & J.M.M."
"1905","HEM2025_1905","PreservedSpecimen","Coleccion",NA,"UNICACH","GENUS","HEM","M.M.M. | M.D.E.M.","756","N.M.M. | J.M.M.","E","HEM2025",NA,"",15.2596666666667,-92.2186388888889,"2013-02-10","change1: Genus placeholder (sp./spp.): moved to 'genus', set taxonRank=GENUS, cleared scientificName; kept original in verbatim. | change2: Filled coordinateUncertaintyInMeters from decimal-place precision (conservative). | epi_taxo: acceptedName(match1); authorship_epig(match1); genus_from_scientificName; family_WFO; order_majorGroup_WCVP [2026-03-11] | CoordinateCleaner QA applied without sea test (validity, equal, zeros, capitals, centroids, gbif, institutions) [2026-03-29]","standardized authors names in recordedBy / standardized authors names in identifiedBy","Colección","M.M.M. & M.D.E.M.","N.M.M. & J.M.M."
"1906","HEM2025_1906","PreservedSpecimen","Coleccion",NA,"UNICACH","GENUS","HEM","N.M.M.","183","Carnevali, G.","E","HEM2025",NA,"",15.7227777777778,-92.9436111111111,"2002-02-05","change1: Genus placeholder (sp./spp.): moved to 'genus', set taxonRank=GENUS, cleared scientificName; kept original in verbatim. | change2: Filled coordinateUncertaintyInMeters from decimal-place precision (conservative). | epi_taxo: acceptedName(match1); authorship_epig(match1); genus_from_scientificName; family_WFO; order_majorGroup_WCVP [2026-03-11] | CoordinateCleaner QA applied without sea test (validity, equal, zeros, capitals, centroids, gbif, institutions) [2026-03-29]","standardized authors names in identifiedBy","Colección","N.M.M.","G. Carnevali"
"1907","HEM2025_1907","PreservedSpecimen","Coleccion",NA,"UNICACH","GENUS","HEM","M.M.M. | N.M.M. | R.J.R.V. | E.C.N.","4198","N.M.M.","E","HEM2025",NA,"",15.0893888888889,-92.1465555555556,"2014-06-17","change1: Genus placeholder (sp./spp.): moved to 'genus', set taxonRank=GENUS, cleared scientificName; kept original in verbatim. | change2: Filled coordinateUncertaintyInMeters from decimal-place precision (conservative). | epi_taxo: acceptedName(match1); authorship_epig(match1); genus_from_scientificName; family_WFO; order_majorGroup_WCVP [2026-03-11] | CoordinateCleaner QA applied without sea test (validity, equal, zeros, capitals, centroids, gbif, institutions) [2026-03-29]","standardized authors names in recordedBy","Colección","M.M.M. & N.M.M. & R.J.R.V. & E.C.N.","N.M.M."
"1908","HEM2025_1908","PreservedSpecimen","Coleccion",NA,"UNICACH","GENUS","HEM","M.M.M. | A.L.C.","4830","N.M.M.","E","HEM2025",NA,"",15.0942222222222,-92.1718611111111,"2014-08-15","change1: Genus placeholder (sp./spp.): moved to 'genus', set taxonRank=GENUS, cleared scientificName; kept original in verbatim. | change2: Filled coordinateUncertaintyInMeters from decimal-place precision (conservative). | epi_taxo: acceptedName(match1); authorship_epig(match1); genus_from_scientificName; family_WFO; order_majorGroup_WCVP [2026-03-11] | CoordinateCleaner QA applied without sea test (validity, equal, zeros, capitals, centroids, gbif, institutions) [2026-03-29]","standardized authors names in recordedBy","Colección","M.M.M. & A.L.C.","N.M.M."
"1909","HEM2025_1909","PreservedSpecimen","Coleccion",NA,"UNICACH","GENUS","HEM","M.M.M. | M.C.R.M.","5150","N.M.M.","E","HEM2025",NA,"",15.1046944444444,-92.1807222222222,"2014-09-17","change1: Genus placeholder (sp./spp.): moved to 'genus', set taxonRank=GENUS, cleared scientificName; kept original in verbatim. | change2: Filled coordinateUncertaintyInMeters from decimal-place precision (conservative). | epi_taxo: acceptedName(match1); authorship_epig(match1); genus_from_scientificName; family_WFO; order_majorGroup_WCVP [2026-03-11] | CoordinateCleaner QA applied without sea test (validity, equal, zeros, capitals, centroids, gbif, institutions) [2026-03-29]","standardized authors names in recordedBy","Colección","M.M.M. & M.C.R.M.","N.M.M."
"1910","HEM2025_1910","PreservedSpecimen","Coleccion",NA,"UNICACH","GENUS","HEM","M.M.M. | M.C.R.M.","5311","N.M.M.","E","HEM2025",NA,"",15.0847222222222,-92.175,"2014-09-22","change1: Genus placeholder (sp./spp.): moved to 'genus', set taxonRank=GENUS, cleared scientificName; kept original in verbatim. | change2: Filled coordinateUncertaintyInMeters from decimal-place precision (conservative). | epi_taxo: acceptedName(match1); authorship_epig(match1); genus_from_scientificName; family_WFO; order_majorGroup_WCVP [2026-03-11] | CoordinateCleaner QA applied without sea test (validity, equal, zeros, capitals, centroids, gbif, institutions) [2026-03-29]","standardized authors names in recordedBy","Colección","M.M.M. & M.C.R.M.","N.M.M."
"1911","HEM2025_1911","PreservedSpecimen","Coleccion",NA,"UNICACH","GENUS","HEM","F.E.P.C.","1187","C.L.M.M.","E","HEM2025",NA,"",15.5708333333333,-92.5347222222222,"1999-01-28","change1: Genus placeholder (sp./spp.): moved to 'genus', set taxonRank=GENUS, cleared scientificName; kept original in verbatim. | change2: Filled coordinateUncertaintyInMeters from decimal-place precision (conservative). | epi_taxo: acceptedName(match1); authorship_epig(match1); genus_from_scientificName; family_WFO; order_majorGroup_WCVP [2026-03-11] | CoordinateCleaner QA applied without sea test (validity, equal, zeros, capitals, centroids, gbif, institutions) [2026-03-29]","","Colección","F.E.P.C.","C.L.M.M."
"1912","HEM2025_1912","PreservedSpecimen","Coleccion",NA,"UNICACH","GENUS","HEM","F.E.P.C.","1187","C.L.M.M.","E","HEM2025",NA,"",15.5708333333333,-92.5347222222222,"1999-01-28","change1: Genus placeholder (sp./spp.): moved to 'genus', set taxonRank=GENUS, cleared scientificName; kept original in verbatim. | change2: Filled coordinateUncertaintyInMeters from decimal-place precision (conservative). | epi_taxo: acceptedName(match1); authorship_epig(match1); genus_from_scientificName; family_WFO; order_majorGroup_WCVP [2026-03-11] | CoordinateCleaner QA applied without sea test (validity, equal, zeros, capitals, centroids, gbif, institutions) [2026-03-29]","","Colección","F.E.P.C.","C.L.M.M."
"1913","HEM2025_1913","PreservedSpecimen","Coleccion",NA,"UNICACH","GENUS","HEM","P.C. | V.M.","62","C.L.M.M.","E","HEM2025",NA,"",15.3944444444444,-92.6166666666667,"1998-11-26","change1: Genus placeholder (sp./spp.): moved to 'genus', set taxonRank=GENUS, cleared scientificName; kept original in verbatim. | change2: Filled coordinateUncertaintyInMeters from decimal-place precision (conservative). | epi_taxo: acceptedName(match1); authorship_epig(match1); genus_from_scientificName; family_WFO; order_majorGroup_WCVP [2026-03-11] | CoordinateCleaner QA applied without sea test (validity, equal, zeros, capitals, centroids, gbif, institutions) [2026-03-29]","standardized authors names in recordedBy","Colección","P.C. & V.M.","C.L.M.M."
"1914","HEM2025_1914","PreservedSpecimen","Coleccion",NA,"UNICACH","GENUS","HEM","P.C. | V.M.","25","Carnevali, G.","E","HEM2025",NA,"",15.6055555555556,-92.5652777777778,"1998-10-28","change1: Genus placeholder (sp./spp.): moved to 'genus', set taxonRank=GENUS, cleared scientificName; kept original in verbatim. | change2: Filled coordinateUncertaintyInMeters from decimal-place precision (conservative). | epi_taxo: acceptedName(match1); authorship_epig(match1); genus_from_scientificName; family_WFO; order_majorGroup_WCVP [2026-03-11] | CoordinateCleaner QA applied without sea test (validity, equal, zeros, capitals, centroids, gbif, institutions) [2026-03-29]","standardized authors names in recordedBy / standardized authors names in identifiedBy","Colección","P.C. & V.M.","G. Carnevali"
"1915","HEM2025_1915","PreservedSpecimen","Coleccion",NA,"UNICACH","GENUS","HEM","P.C. | V.M.","25","Carnevali, G.","E","HEM2025",NA,"",15.6055555555556,-92.5652777777778,"1998-10-28","change1: Genus placeholder (sp./spp.): moved to 'genus', set taxonRank=GENUS, cleared scientificName; kept original in verbatim. | change2: Filled coordinateUncertaintyInMeters from decimal-place precision (conservative). | epi_taxo: acceptedName(match1); authorship_epig(match1); genus_from_scientificName; family_WFO; order_majorGroup_WCVP [2026-03-11] | CoordinateCleaner QA applied without sea test (validity, equal, zeros, capitals, centroids, gbif, institutions) [2026-03-29]","standardized authors names in recordedBy / standardized authors names in identifiedBy","Colección","P.C. & V.M.","G. Carnevali"
"1916","HEM2025_1916","PreservedSpecimen","Coleccion",NA,"UNICACH","GENUS","HEM","P.C. | V.M.","59","Carnevali, G.","E","HEM2025",NA,"",15.3944444444444,-92.6166666666667,"1998-11-27","change1: Genus placeholder (sp./spp.): moved to 'genus', set taxonRank=GENUS, cleared scientificName; kept original in verbatim. | change2: Filled coordinateUncertaintyInMeters from decimal-place precision (conservative). | epi_taxo: acceptedName(match1); authorship_epig(match1); genus_from_scientificName; family_WFO; order_majorGroup_WCVP [2026-03-11] | CoordinateCleaner QA applied without sea test (validity, equal, zeros, capitals, centroids, gbif, institutions) [2026-03-29]","standardized authors names in recordedBy / standardized authors names in identifiedBy","Colección","P.C. & V.M.","G. Carnevali"
"1917","HEM2025_1917","PreservedSpecimen","Coleccion",NA,"UNICACH","GENUS","HEM","P.C. | V.M.","20","Carnevali, G.","E","HEM2025",NA,"",15.6055555555556,-92.5652777777778,"1998-08-21","change1: Genus placeholder (sp./spp.): moved to 'genus', set taxonRank=GENUS, cleared scientificName; kept original in verbatim. | change2: Filled coordinateUncertaintyInMeters from decimal-place precision (conservative). | epi_taxo: acceptedName(match1); authorship_epig(match1); genus_from_scientificName; family_WFO; order_majorGroup_WCVP [2026-03-11] | CoordinateCleaner QA applied without sea test (validity, equal, zeros, capitals, centroids, gbif, institutions) [2026-03-29]","standardized authors names in recordedBy / standardized authors names in identifiedBy","Colección","P.C. & V.M.","G. Carnevali"
"1918","HEM2025_1918","PreservedSpecimen","Coleccion",NA,"UNICACH","GENUS","HEM","P.C. | V.M.","20","Carnevali, G.","E","HEM2025",NA,"",15.6055555555556,-92.5652777777778,"1998-08-21","change1: Genus placeholder (sp./spp.): moved to 'genus', set taxonRank=GENUS, cleared scientificName; kept original in verbatim. | change2: Filled coordinateUncertaintyInMeters from decimal-place precision (conservative). | epi_taxo: acceptedName(match1); authorship_epig(match1); genus_from_scientificName; family_WFO; order_majorGroup_WCVP [2026-03-11] | CoordinateCleaner QA applied without sea test (validity, equal, zeros, capitals, centroids, gbif, institutions) [2026-03-29]","standardized authors names in recordedBy / standardized authors names in identifiedBy","Colección","P.C. & V.M.","G. Carnevali"
"1919","HEM2025_1919","PreservedSpecimen","Coleccion",NA,"UNICACH","GENUS","HEM","A.S.N.V.","14","Carnevali, G.","E","HEM2025",NA,"",16.6430555555556,-93.3997222222222,"2002-05-04","change1: Genus placeholder (sp./spp.): moved to 'genus', set taxonRank=GENUS, cleared scientificName; kept original in verbatim. | change2: Filled coordinateUncertaintyInMeters from decimal-place precision (conservative). | epi_taxo: acceptedName(match1); authorship_epig(match1); genus_from_scientificName; family_WFO; order_majorGroup_WCVP [2026-03-11] | CoordinateCleaner QA applied without sea test (validity, equal, zeros, capitals, centroids, gbif, institutions) [2026-03-29]","standardized authors names in identifiedBy","Colección","A.S.N.V.","G. Carnevali"
"1920","HEM2025_1920","PreservedSpecimen","Coleccion",NA,"UNICACH","GENUS","HEM","A.S.N.V.","14","Carnevali, G.","E","HEM2025",NA,"",16.6430555555556,-93.3997222222222,"2002-05-04","change1: Genus placeholder (sp./spp.): moved to 'genus', set taxonRank=GENUS, cleared scientificName; kept original in verbatim. | change2: Filled coordinateUncertaintyInMeters from decimal-place precision (conservative). | epi_taxo: acceptedName(match1); authorship_epig(match1); genus_from_scientificName; family_WFO; order_majorGroup_WCVP [2026-03-11] | CoordinateCleaner QA applied without sea test (validity, equal, zeros, capitals, centroids, gbif, institutions) [2026-03-29]","standardized authors names in identifiedBy","Colección","A.S.N.V.","G. Carnevali"
"1921","HEM2025_1921","PreservedSpecimen","Coleccion",NA,"UNICACH","GENUS","HEM","B.A.P.E.","33","Carnevali, G.","E","HEM2025",NA,"",16.6430555555556,-93.3997222222222,"2002-05-04","change1: Genus placeholder (sp./spp.): moved to 'genus', set taxonRank=GENUS, cleared scientificName; kept original in verbatim. | change2: Filled coordinateUncertaintyInMeters from decimal-place precision (conservative). | epi_taxo: acceptedName(match1); authorship_epig(match1); genus_from_scientificName; family_WFO; order_majorGroup_WCVP [2026-03-11] | CoordinateCleaner QA applied without sea test (validity, equal, zeros, capitals, centroids, gbif, institutions) [2026-03-29]","standardized authors names in identifiedBy","Colección","B.A.P.E.","G. Carnevali"
"1922","HEM2025_1922","PreservedSpecimen","Coleccion",NA,"UNICACH","GENUS","HEM","B.A.P.E.","33","Carnevali, G.","E","HEM2025",NA,"",16.6430555555556,-93.3997222222222,"2002-05-04","change1: Genus placeholder (sp./spp.): moved to 'genus', set taxonRank=GENUS, cleared scientificName; kept original in verbatim. | change2: Filled coordinateUncertaintyInMeters from decimal-place precision (conservative). | epi_taxo: acceptedName(match1); authorship_epig(match1); genus_from_scientificName; family_WFO; order_majorGroup_WCVP [2026-03-11] | CoordinateCleaner QA applied without sea test (validity, equal, zeros, capitals, centroids, gbif, institutions) [2026-03-29]","standardized authors names in identifiedBy","Colección","B.A.P.E.","G. Carnevali"
"1923","HEM2025_1923","PreservedSpecimen","Coleccion",NA,"UNICACH","SPECIES","HEM","F.G.G.G.","25","F.G.G.G.","E","HEM2025",1,"Epidendrum stamfordianum",17.0227777777778,-93.2058333333333,"2005-03-31","change1: Filled coordinateUncertaintyInMeters from decimal-place precision (conservative). | epi_taxo: acceptedName(match1); authorship_epig(match1); genus_from_scientificName; family_WFO; order_majorGroup_WCVP [2026-03-11] | CoordinateCleaner QA applied without sea test (validity, equal, zeros, capitals, centroids, gbif, institutions) [2026-03-29]","","Colección","F.G.G.G.","F.G.G.G."
"1924","HEM2025_1924","PreservedSpecimen","Coleccion",NA,"UNICACH","SPECIES","HEM","A.L.C.","303","A.L.C.","E","HEM2025",1,"Epidendrum stamfordianum",15.3797222222222,-92.6541666666667,"2006-10-20","change1: Filled coordinateUncertaintyInMeters from decimal-place precision (conservative). | epi_taxo: acceptedName(match1); authorship_epig(match1); genus_from_scientificName; family_WFO; order_majorGroup_WCVP [2026-03-11] | CoordinateCleaner QA applied without sea test (validity, equal, zeros, capitals, centroids, gbif, institutions) [2026-03-29]","","Colección","A.L.C.","A.L.C."
"1925","HEM2025_1925","PreservedSpecimen","Coleccion",NA,"UNICACH","SPECIES","HEM","A.L.C.","265","A.L.C.","E","HEM2025",1,"Epidendrum stamfordianum",15.3833333333333,-92.6475,"2006-02-25","change1: Filled coordinateUncertaintyInMeters from decimal-place precision (conservative). | epi_taxo: acceptedName(match1); authorship_epig(match1); genus_from_scientificName; family_WFO; order_majorGroup_WCVP [2026-03-11] | CoordinateCleaner QA applied without sea test (validity, equal, zeros, capitals, centroids, gbif, institutions) [2026-03-29]","","Colección","A.L.C.","A.L.C."
"1926","HEM2025_1926","PreservedSpecimen","Coleccion",NA,"UNICACH","SPECIES","HEM","H.R.E.","41","H.R.E.","E","HEM2025",1,"Epidendrum succulentum",15.5490833333333,-92.6077222222222,"2005-07-21","change1: Filled coordinateUncertaintyInMeters from decimal-place precision (conservative). | epi_taxo: acceptedName(match1); authorship_epig(match1); genus_from_scientificName; family_WFO; order_majorGroup_WCVP [2026-03-11] | CoordinateCleaner QA applied without sea test (validity, equal, zeros, capitals, centroids, gbif, institutions) [2026-03-29]","","Colección","H.R.E.","H.R.E."
"1927","HEM2025_1927","PreservedSpecimen","Coleccion",NA,"UNICACH","SPECIES","HEM","H.G.D.","1239","C.R.B.B.","E","HEM2025",1,"Epidendrum tacanaense",15.4841388888889,-92.6805277777778,"2006-03-23","change1: Filled coordinateUncertaintyInMeters from decimal-place precision (conservative). | epi_taxo: acceptedName(match1); authorship_epig(match1); genus_from_scientificName; family_WFO; order_majorGroup_WCVP [2026-03-11] | CoordinateCleaner QA applied without sea test (validity, equal, zeros, capitals, centroids, gbif, institutions) [2026-03-29]","","Colección","H.G.D.","C.R.B.B."
"1928","HEM2025_1928","PreservedSpecimen","Coleccion",NA,"UNICACH","SPECIES","HEM","M.A.S.A. | I.A. | R.J.M.","3443","ND","E","HEM2025",1,"Epidendrum tacanaense",15.0775,-92.0941666666667,"1987-07-16","change1: Filled coordinateUncertaintyInMeters from decimal-place precision (conservative). | epi_taxo: acceptedName(match1); authorship_epig(match1); genus_from_scientificName; family_WFO; order_majorGroup_WCVP [2026-03-11] | CoordinateCleaner QA applied without sea test (validity, equal, zeros, capitals, centroids, gbif, institutions) [2026-03-29]","standardized authors names in recordedBy","Colección","M.A.S.A. & I.A. & R.J.M.","ND"
"1929","HEM2025_1929","PreservedSpecimen","Coleccion",NA,"UNICACH","SPECIES","HEM","M.M.M. | M.A.D.V.","2065","N.M.M. | J.M.M.","E","HEM2025",1,"Epidendrum verrucosum",15.0969444444444,-92.0914444444444,"2013-06-28","change1: Filled coordinateUncertaintyInMeters from decimal-place precision (conservative). | epi_taxo: acceptedName(match1); authorship_epig(match1); genus_from_scientificName; family_WFO; order_majorGroup_WCVP [2026-03-11] | CoordinateCleaner QA applied without sea test (validity, equal, zeros, capitals, centroids, gbif, institutions) [2026-03-29]","standardized authors names in recordedBy / standardized authors names in identifiedBy","Colección","M.M.M. & M.A.D.V.","N.M.M. & J.M.M."
"1930","HEM2025_1930","PreservedSpecimen","Coleccion",NA,"UNICACH","SPECIES","HEM","M.M.M. | M.A.D.V.","2066","N.M.M. | J.M.M.","E","HEM2025",1,"Epidendrum verrucosum",15.0969444444444,-92.0914444444444,"2013-06-28","change1: Filled coordinateUncertaintyInMeters from decimal-place precision (conservative). | epi_taxo: acceptedName(match1); authorship_epig(match1); genus_from_scientificName; family_WFO; order_majorGroup_WCVP [2026-03-11] | CoordinateCleaner QA applied without sea test (validity, equal, zeros, capitals, centroids, gbif, institutions) [2026-03-29]","standardized authors names in recordedBy / standardized authors names in identifiedBy","Colección","M.M.M. & M.A.D.V.","N.M.M. & J.M.M."
"1931","HEM2025_1931","PreservedSpecimen","Coleccion",NA,"UNICACH","SPECIES","HEM","M.M.M. | M.A.D.V.","2067-BIS","N.M.M.","E","HEM2025",1,"Epidendrum verrucosum",15.0969444444444,-92.0914444444444,"2013-06-28","change1: Filled coordinateUncertaintyInMeters from decimal-place precision (conservative). | epi_taxo: acceptedName(match1); authorship_epig(match1); genus_from_scientificName; family_WFO; order_majorGroup_WCVP [2026-03-11] | CoordinateCleaner QA applied without sea test (validity, equal, zeros, capitals, centroids, gbif, institutions) [2026-03-29]","standardized authors names in recordedBy","Colección","M.M.M. & M.A.D.V.","N.M.M."
"1932","HEM2025_1932","PreservedSpecimen","Coleccion",NA,"UNICACH","FORM","HEM","N.M.M.","1000","C.R.B.B.","E","HEM2025",1,"Erycina crista-galli",15.4593333333333,-92.6576111111111,"2005-07-23","change1: Corrected taxonRank (SPECIES→FORM); kept scientificName as-is. | change2: Filled coordinateUncertaintyInMeters from decimal-place precision (conservative). | epi_taxo: acceptedName(match1); authorship_epig(match1); genus_from_scientificName; family_WFO; order_majorGroup_WCVP [2026-03-11] | CoordinateCleaner QA applied without sea test (validity, equal, zeros, capitals, centroids, gbif, institutions) [2026-03-29]","","Colección","N.M.M.","C.R.B.B."
"1933","HEM2025_1933","PreservedSpecimen","Coleccion",NA,"UNICACH","FORM","HEM","H.R.E.","52","R.J.M.","E","HEM2025",1,"Erycina crista-galli",15.5490833333333,-92.6077222222222,"2005-07-22","change1: Corrected taxonRank (SPECIES→FORM); kept scientificName as-is. | change2: Filled coordinateUncertaintyInMeters from decimal-place precision (conservative). | epi_taxo: acceptedName(match1); authorship_epig(match1); genus_from_scientificName; family_WFO; order_majorGroup_WCVP [2026-03-11] | CoordinateCleaner QA applied without sea test (validity, equal, zeros, capitals, centroids, gbif, institutions) [2026-03-29]","","Colección","H.R.E.","R.J.M."
"1934","HEM2025_1934","PreservedSpecimen","Coleccion",NA,"UNICACH","FORM","HEM","C.A.P.B.","203","R.J.M.","E","HEM2025",1,"Erycina crista-galli",15.7540305555556,-92.9674833333333,"","change1: Corrected taxonRank (SPECIES→FORM); kept scientificName as-is. | change2: Filled coordinateUncertaintyInMeters from decimal-place precision (conservative). | epi_taxo: acceptedName(match1); authorship_epig(match1); genus_from_scientificName; family_WFO; order_majorGroup_WCVP [2026-03-11] | CoordinateCleaner QA applied without sea test (validity, equal, zeros, capitals, centroids, gbif, institutions) [2026-03-29]","","Colección","C.A.P.B.","R.J.M."
"1935","HEM2025_1935","PreservedSpecimen","Coleccion",NA,"UNICACH","SPECIES","HEM","Camilo, R.M. | N.M.M.","2670","N.M.M.","E","HEM2025",1,"Aspidogyne venustula",15.0988611111111,-92.1681388888889,"2014-08-17","change1: Filled coordinateUncertaintyInMeters from decimal-place precision (conservative). | epi_taxo: acceptedName(match1); authorship_epig(match1); genus_from_scientificName; family_WFO; order_majorGroup_WCVP [2026-03-11] | CoordinateCleaner QA applied without sea test (validity, equal, zeros, capitals, centroids, gbif, institutions) [2026-03-29]","standardized authors names in recordedBy","Colección","R.M. Camilo & N.M.M.","N.M.M."
"1936","HEM2025_1936","PreservedSpecimen","Coleccion",NA,"UNICACH","FORM","HEM","C.A.P.B.","37","C.A.P.B.","E","HEM2025",1,"Gongora galeata",16.2094444444444,-93.5922222222222,"2005-07-03","change1: Corrected taxonRank (SPECIES→FORM); kept scientificName as-is. | change2: Filled coordinateUncertaintyInMeters from decimal-place precision (conservative). | epi_taxo: acceptedName(match1); authorship_epig(match1); genus_from_scientificName; family_WFO; order_majorGroup_WCVP [2026-03-11] | CoordinateCleaner QA applied without sea test (validity, equal, zeros, capitals, centroids, gbif, institutions) [2026-03-29]","","Colección","C.A.P.B.","C.A.P.B."
"1937","HEM2025_1937","PreservedSpecimen","Coleccion",NA,"UNICACH","FORM","HEM","N.M.M.","498","N.M.M.","E","HEM2025",1,"Gongora galeata",16.8926972222222,-93.3419222222222,"2004-10-15","change1: Corrected taxonRank (SPECIES→FORM); kept scientificName as-is. | change2: Filled coordinateUncertaintyInMeters from decimal-place precision (conservative). | epi_taxo: acceptedName(match1); authorship_epig(match1); genus_from_scientificName; family_WFO; order_majorGroup_WCVP [2026-03-11] | CoordinateCleaner QA applied without sea test (validity, equal, zeros, capitals, centroids, gbif, institutions) [2026-03-29]","","Colección","N.M.M.","N.M.M."
"1938","HEM2025_1938","PreservedSpecimen","Coleccion",NA,"UNICACH","FORM","HEM","J.M.M.","1383","C.A.P.B.","E","HEM2025",1,"Gongora galeata",16.2086111111111,-93.7144444444445,"2006-06-04","change1: Corrected taxonRank (SPECIES→FORM); kept scientificName as-is. | change2: Filled coordinateUncertaintyInMeters from decimal-place precision (conservative). | epi_taxo: acceptedName(match1); authorship_epig(match1); genus_from_scientificName; family_WFO; order_majorGroup_WCVP [2026-03-11] | CoordinateCleaner QA applied without sea test (validity, equal, zeros, capitals, centroids, gbif, institutions) [2026-03-29]","","Colección","J.M.M.","C.A.P.B."
"1939","HEM2025_1939","PreservedSpecimen","Coleccion",NA,"UNICACH","FORM","HEM","N.M.M.","1824","N.M.M.","E","HEM2025",1,"Gongora galeata",15.7230555555556,-93.0013888888889,"2006-10-13","change1: Corrected taxonRank (SPECIES→FORM); kept scientificName as-is. | change2: Filled coordinateUncertaintyInMeters from decimal-place precision (conservative). | epi_taxo: acceptedName(match1); authorship_epig(match1); genus_from_scientificName; family_WFO; order_majorGroup_WCVP [2026-03-11] | CoordinateCleaner QA applied without sea test (validity, equal, zeros, capitals, centroids, gbif, institutions) [2026-03-29]","","Colección","N.M.M.","N.M.M."
"1940","HEM2025_1940","PreservedSpecimen","Coleccion",NA,"UNICACH","FORM","HEM","N.M.M.","350","G.A.S.","E","HEM2025",1,"Gongora galeata",15.8775,-93.2275,"2002-05-25","change1: Corrected taxonRank (SPECIES→FORM); kept scientificName as-is. | change2: Filled coordinateUncertaintyInMeters from decimal-place precision (conservative). | epi_taxo: acceptedName(match1); authorship_epig(match1); genus_from_scientificName; family_WFO; order_majorGroup_WCVP [2026-03-11] | CoordinateCleaner QA applied without sea test (validity, equal, zeros, capitals, centroids, gbif, institutions) [2026-03-29]","","Colección","N.M.M.","G.A.S."
"1941","HEM2025_1941","PreservedSpecimen","Coleccion",NA,"UNICACH","FORM","HEM","N.M.M.","404","G.L.V.","E","HEM2025",1,"Gongora galeata",15.7197222222222,-92.9361111111111,"2002-02-05","change1: Corrected taxonRank (SPECIES→FORM); kept scientificName as-is. | change2: Filled coordinateUncertaintyInMeters from decimal-place precision (conservative). | epi_taxo: acceptedName(match1); authorship_epig(match1); genus_from_scientificName; family_WFO; order_majorGroup_WCVP [2026-03-11] | CoordinateCleaner QA applied without sea test (validity, equal, zeros, capitals, centroids, gbif, institutions) [2026-03-29]","","Colección","N.M.M.","G.L.V."
"1942","HEM2025_1942","PreservedSpecimen","Coleccion",NA,"UNICACH","SPECIES","HEM","H.F.L.A.","29","H.F.L.A.","E","HEM2025",1,"Gongora truncata",17.1741666666667,-93.0402777777778,"2006-03-24","change1: Filled coordinateUncertaintyInMeters from decimal-place precision (conservative). | epi_taxo: acceptedName(match1); authorship_epig(match1); genus_from_scientificName; family_WFO; order_majorGroup_WCVP [2026-03-11] | CoordinateCleaner QA applied without sea test (validity, equal, zeros, capitals, centroids, gbif, institutions) [2026-03-29]","","Colección","H.F.L.A.","H.F.L.A."
"1943","HEM2025_1943","PreservedSpecimen","Coleccion",NA,"UNICACH","SPECIES","HEM","R.S.M.","27","I.E.H.","E","HEM2025",1,"Gongora truncata",15.8944444444444,-93.7293888888889,"2006-04-08","change1: Filled coordinateUncertaintyInMeters from decimal-place precision (conservative). | epi_taxo: acceptedName(match1); authorship_epig(match1); genus_from_scientificName; family_WFO; order_majorGroup_WCVP [2026-03-11] | CoordinateCleaner QA applied without sea test (validity, equal, zeros, capitals, centroids, gbif, institutions) [2026-03-29]","","Colección","R.S.M.","I.E.H."
"1944","HEM2025_1944","PreservedSpecimen","Coleccion",NA,"UNICACH","FORM","HEM","J.M.M.","1568","J.M.M.","E","HEM2025",3,"Goodyera robusta",15.4221944444444,-92.6244166666667,"2006-11-15","change1: Corrected taxonRank (SPECIES→FORM); kept scientificName as-is. | change2: Filled coordinateUncertaintyInMeters from decimal-place precision (conservative). | epi_taxo: acceptedName(match1); authorship_epig(match1); genus_from_scientificName; family_WFO; order_majorGroup_WCVP [2026-03-11] | CoordinateCleaner QA applied without sea test (validity, equal, zeros, capitals, centroids, gbif, institutions) [2026-03-29]","","Colección","J.M.M.","J.M.M."
"1945","HEM2025_1945","PreservedSpecimen","Coleccion",NA,"UNICACH","SPECIES","HEM","O.F.S.","3442","D.M.M","E","HEM2025",1,"Guarianthe aurantiaca",15.9966666666667,-93.4763888888889,"2003-02-25","change1: Filled coordinateUncertaintyInMeters from decimal-place precision (conservative). | epi_taxo: acceptedName(match1); authorship_epig(match1); genus_from_scientificName; family_WFO; order_majorGroup_WCVP [2026-03-11] | CoordinateCleaner QA applied without sea test (validity, equal, zeros, capitals, centroids, gbif, institutions) [2026-03-29]","","Colección","O.F.S.","D.M.M"
"1946","HEM2025_1946","PreservedSpecimen","Coleccion",NA,"UNICACH","SPECIES","HEM","R.S.M.","31","J.M.M.","E","HEM2025",1,"Guarianthe aurantiaca",16.7478055555556,-93.3515555555555,"2005-07-03","change1: Filled coordinateUncertaintyInMeters from decimal-place precision (conservative). | epi_taxo: acceptedName(match1); authorship_epig(match1); genus_from_scientificName; family_WFO; order_majorGroup_WCVP [2026-03-11] | CoordinateCleaner QA applied without sea test (validity, equal, zeros, capitals, centroids, gbif, institutions) [2026-03-29]","","Colección","R.S.M.","J.M.M."
"1947","HEM2025_1947","PreservedSpecimen","Coleccion",NA,"UNICACH","SPECIES","HEM","J.M.M.","1736","J.M.M.","E","HEM2025",1,"Guarianthe aurantiaca",15.7389166666667,-93.1490833333333,"2007-01-24","change1: Filled coordinateUncertaintyInMeters from decimal-place precision (conservative). | epi_taxo: acceptedName(match1); authorship_epig(match1); genus_from_scientificName; family_WFO; order_majorGroup_WCVP [2026-03-11] | CoordinateCleaner QA applied without sea test (validity, equal, zeros, capitals, centroids, gbif, institutions) [2026-03-29]","","Colección","J.M.M.","J.M.M."
"1948","HEM2025_1948","PreservedSpecimen","Coleccion",NA,"UNICACH","SPECIES","HEM","Najarro, F.H.","1743","Najarro, F.H.","E","HEM2025",1,"Guarianthe aurantiaca",16.5975,-93.7683333333333,"2005-01-31","change1: Filled coordinateUncertaintyInMeters from decimal-place precision (conservative). | epi_taxo: acceptedName(match1); authorship_epig(match1); genus_from_scientificName; family_WFO; order_majorGroup_WCVP [2026-03-11] | CoordinateCleaner QA applied without sea test (validity, equal, zeros, capitals, centroids, gbif, institutions) [2026-03-29]","standardized authors names in recordedBy / standardized authors names in identifiedBy","Colección","F.H. Najarro","F.H. Najarro"
"1949","HEM2025_1949","PreservedSpecimen","Coleccion",NA,"UNICACH","SPECIES","HEM","E.M.S. | A.M.G. | G.U. | M.R.","19880","D.M.M","E","HEM2025",1,"Guarianthe aurantiaca",14.9594444444444,-92.1655555555556,"1987-02-09","change1: Filled coordinateUncertaintyInMeters from decimal-place precision (conservative). | epi_taxo: acceptedName(match1); authorship_epig(match1); genus_from_scientificName; family_WFO; order_majorGroup_WCVP [2026-03-11] | CoordinateCleaner QA applied without sea test (validity, equal, zeros, capitals, centroids, gbif, institutions) [2026-03-29]","standardized authors names in recordedBy","Colección","E.M.S. & A.M.G. & G.U. & M.R.","D.M.M"
"1950","HEM2025_1950","PreservedSpecimen","Coleccion",NA,"UNICACH","SPECIES","HEM","A.L.C.","315","J.M.M.","E","HEM2025",1,"Guarianthe aurantiaca",15.4330555555556,-92.6402777777778,"2009-01-14","change1: Filled coordinateUncertaintyInMeters from decimal-place precision (conservative). | epi_taxo: acceptedName(match1); authorship_epig(match1); genus_from_scientificName; family_WFO; order_majorGroup_WCVP [2026-03-11] | CoordinateCleaner QA applied without sea test (validity, equal, zeros, capitals, centroids, gbif, institutions) [2026-03-29]","","Colección","A.L.C.","J.M.M."
"1951","HEM2025_1951","PreservedSpecimen","Coleccion",NA,"UNICACH","SPECIES","HEM","E.M.L.","64","D.M.M","E","HEM2025",1,"Guarianthe aurantiaca",16.0008333333333,-93.4616666666667,"2002-03-03","change1: Filled coordinateUncertaintyInMeters from decimal-place precision (conservative). | epi_taxo: acceptedName(match1); authorship_epig(match1); genus_from_scientificName; family_WFO; order_majorGroup_WCVP [2026-03-11] | CoordinateCleaner QA applied without sea test (validity, equal, zeros, capitals, centroids, gbif, institutions) [2026-03-29]","","Colección","E.M.L.","D.M.M"
"1952","HEM2025_1952","PreservedSpecimen","Coleccion",NA,"UNICACH","SPECIES","HEM","N.M.M.","207","D.M.M","E","HEM2025",1,"Guarianthe aurantiaca",15.7888888888889,-93.065,"2002-02-23","change1: Filled coordinateUncertaintyInMeters from decimal-place precision (conservative). | epi_taxo: acceptedName(match1); authorship_epig(match1); genus_from_scientificName; family_WFO; order_majorGroup_WCVP [2026-03-11] | CoordinateCleaner QA applied without sea test (validity, equal, zeros, capitals, centroids, gbif, institutions) [2026-03-29]","","Colección","N.M.M.","D.M.M"
"1953","HEM2025_1953","PreservedSpecimen","Coleccion",NA,"UNICACH","SPECIES","HEM","M.M.M. | M.C.R.M.","3915","M.M.M. | D.A.J.L.","E","HEM2025",1,"Guarianthe aurantiaca",15.1527777777778,-92.1825,"2014-02-02","change1: Filled coordinateUncertaintyInMeters from decimal-place precision (conservative). | epi_taxo: acceptedName(match1); authorship_epig(match1); genus_from_scientificName; family_WFO; order_majorGroup_WCVP [2026-03-11] | CoordinateCleaner QA applied without sea test (validity, equal, zeros, capitals, centroids, gbif, institutions) [2026-03-29]","standardized authors names in recordedBy / standardized authors names in identifiedBy","Colección","M.M.M. & M.C.R.M.","M.M.M. & D.A.J.L."
"1954","HEM2025_1954","PreservedSpecimen","Coleccion",NA,"UNICACH","SPECIES","HEM","M.M.M. | M.C.R.M.","3978","N.M.M.","E","HEM2025",1,"Guarianthe aurantiaca",15.1085,-92.2040555555556,"2014-02-02","change1: Filled coordinateUncertaintyInMeters from decimal-place precision (conservative). | epi_taxo: acceptedName(match1); authorship_epig(match1); genus_from_scientificName; family_WFO; order_majorGroup_WCVP [2026-03-11] | CoordinateCleaner QA applied without sea test (validity, equal, zeros, capitals, centroids, gbif, institutions) [2026-03-29]","standardized authors names in recordedBy","Colección","M.M.M. & M.C.R.M.","N.M.M."
"1955","HEM2025_1955","PreservedSpecimen","Coleccion",NA,"UNICACH","SPECIES","HEM","D.A.J.L. | M.M.M.","12","D.A.J.L. | N.M.M.","E","HEM2025",1,"Guarianthe aurantiaca",15.1571111111111,-92.1808055555556,"2014-01-20","change1: Filled coordinateUncertaintyInMeters from decimal-place precision (conservative). | epi_taxo: acceptedName(match1); authorship_epig(match1); genus_from_scientificName; family_WFO; order_majorGroup_WCVP [2026-03-11] | CoordinateCleaner QA applied without sea test (validity, equal, zeros, capitals, centroids, gbif, institutions) [2026-03-29]","standardized authors names in recordedBy / standardized authors names in identifiedBy","Colección","D.A.J.L. & M.M.M.","D.A.J.L. & N.M.M."
"1956","HEM2025_1956","PreservedSpecimen","Coleccion",NA,"UNICACH","SPECIES","HEM","D.A.J.L. | M.M.M.","17","D.A.J.L. | N.M.M.","E","HEM2025",1,"Guarianthe aurantiaca",15.0851111111111,-92.1007222222222,"2014-01-21","change1: Filled coordinateUncertaintyInMeters from decimal-place precision (conservative). | epi_taxo: acceptedName(match1); authorship_epig(match1); genus_from_scientificName; family_WFO; order_majorGroup_WCVP [2026-03-11] | CoordinateCleaner QA applied without sea test (validity, equal, zeros, capitals, centroids, gbif, institutions) [2026-03-29]","standardized authors names in recordedBy / standardized authors names in identifiedBy","Colección","D.A.J.L. & M.M.M.","D.A.J.L. & N.M.M."
"1957","HEM2025_1957","PreservedSpecimen","Coleccion",NA,"UNICACH","SPECIES","HEM","P.C. | V.M.","44-bis","Carnevali, G.","E","HEM2025",1,"Guarianthe aurantiaca",14.8775,-92.2941666666667,"1998-11-17","change1: Filled coordinateUncertaintyInMeters from decimal-place precision (conservative). | epi_taxo: acceptedName(match1); authorship_epig(match1); genus_from_scientificName; family_WFO; order_majorGroup_WCVP [2026-03-11] | CoordinateCleaner QA applied without sea test (validity, equal, zeros, capitals, centroids, gbif, institutions) [2026-03-29]","standardized authors names in recordedBy / standardized authors names in identifiedBy","Colección","P.C. & V.M.","G. Carnevali"
"1958","HEM2025_1958","PreservedSpecimen","Coleccion",NA,"UNICACH","SPECIES","HEM","H.G.D.","566","D.M.M","E","HEM2025",1,"Guarianthe skinneri",15.9652777777778,-93.2719444444444,"2004-02-21","change1: Filled coordinateUncertaintyInMeters from decimal-place precision (conservative). | epi_taxo: acceptedName(match1); authorship_epig(match1); genus_from_scientificName; family_WFO; order_majorGroup_WCVP [2026-03-11] | CoordinateCleaner QA applied without sea test (validity, equal, zeros, capitals, centroids, gbif, institutions) [2026-03-29]","","Colección","H.G.D.","D.M.M"
"1959","HEM2025_1959","PreservedSpecimen","Coleccion",NA,"UNICACH","SPECIES","HEM","N.M.M.","1957","D.M.M","E","HEM2025",1,"Guarianthe skinneri",15.7389166666667,-93.1490833333333,"2007-01-24","change1: Filled coordinateUncertaintyInMeters from decimal-place precision (conservative). | epi_taxo: acceptedName(match1); authorship_epig(match1); genus_from_scientificName; family_WFO; order_majorGroup_WCVP [2026-03-11] | CoordinateCleaner QA applied without sea test (validity, equal, zeros, capitals, centroids, gbif, institutions) [2026-03-29]","","Colección","N.M.M.","D.M.M"
"1960","HEM2025_1960","PreservedSpecimen","Coleccion",NA,"UNICACH","SPECIES","HEM","E.M.S. | A.M.G. | G.U. | M.R.","19910","D.M.M","E","HEM2025",1,"Guarianthe skinneri",14.9594444444444,-92.1655555555556,"1987-02-09","change1: Filled coordinateUncertaintyInMeters from decimal-place precision (conservative). | epi_taxo: acceptedName(match1); authorship_epig(match1); genus_from_scientificName; family_WFO; order_majorGroup_WCVP [2026-03-11] | CoordinateCleaner QA applied without sea test (validity, equal, zeros, capitals, centroids, gbif, institutions) [2026-03-29]","standardized authors names in recordedBy","Colección","E.M.S. & A.M.G. & G.U. & M.R.","D.M.M"
"1961","HEM2025_1961","PreservedSpecimen","Coleccion",NA,"UNICACH","SPECIES","HEM","H.G.D.","239","D.M.M","E","HEM2025",1,"Guarianthe skinneri",16.0402777777778,-93.3130555555556,"2003-02-22","change1: Filled coordinateUncertaintyInMeters from decimal-place precision (conservative). | epi_taxo: acceptedName(match1); authorship_epig(match1); genus_from_scientificName; family_WFO; order_majorGroup_WCVP [2026-03-11] | CoordinateCleaner QA applied without sea test (validity, equal, zeros, capitals, centroids, gbif, institutions) [2026-03-29]","","Colección","H.G.D.","D.M.M"
"1962","HEM2025_1962","PreservedSpecimen","Coleccion",NA,"UNICACH","SPECIES","HEM","F.E.P.C.","93","M.A.B.R.","E","HEM2025",1,"Guarianthe skinneri",15.5708333333333,-92.5347222222222,"1998-10-11","change1: Filled coordinateUncertaintyInMeters from decimal-place precision (conservative). | epi_taxo: acceptedName(match1); authorship_epig(match1); genus_from_scientificName; family_WFO; order_majorGroup_WCVP [2026-03-11] | CoordinateCleaner QA applied without sea test (validity, equal, zeros, capitals, centroids, gbif, institutions) [2026-03-29]","","Colección","F.E.P.C.","M.A.B.R."
"1963","HEM2025_1963","PreservedSpecimen","Coleccion",NA,"UNICACH","SPECIES","HEM","F.E.P.C.","93","M.A.B.R.","E","HEM2025",1,"Guarianthe skinneri",15.5708333333333,-92.5347222222222,"1998-10-11","change1: Filled coordinateUncertaintyInMeters from decimal-place precision (conservative). | epi_taxo: acceptedName(match1); authorship_epig(match1); genus_from_scientificName; family_WFO; order_majorGroup_WCVP [2026-03-11] | CoordinateCleaner QA applied without sea test (validity, equal, zeros, capitals, centroids, gbif, institutions) [2026-03-29]","","Colección","F.E.P.C.","M.A.B.R."
"1964","HEM2025_1964","PreservedSpecimen","Coleccion",NA,"UNICACH","SPECIES","HEM","H.G.D.","3427","C.R.B.B.","E","HEM2025",1,"Guarianthe skinneri",16.8345555555556,-93.5597777777778,"2016-10-02","change1: Filled coordinateUncertaintyInMeters from decimal-place precision (conservative). | epi_taxo: acceptedName(match1); authorship_epig(match1); genus_from_scientificName; family_WFO; order_majorGroup_WCVP [2026-03-11] | CoordinateCleaner QA applied without sea test (validity, equal, zeros, capitals, centroids, gbif, institutions) [2026-03-29]","","Colección","H.G.D.","C.R.B.B."
"1965","HEM2025_1965","PreservedSpecimen","Coleccion",NA,"UNICACH","SPECIES","HEM","Perez-Farrera, M.A.","2805","C.R.B.B.","E","HEM2025",1,"Guarianthe skinneri",15.8775,-93.2275,"2002-05-25","change1: Filled coordinateUncertaintyInMeters from decimal-place precision (conservative). | epi_taxo: acceptedName(match1); authorship_epig(match1); genus_from_scientificName; family_WFO; order_majorGroup_WCVP [2026-03-11] | CoordinateCleaner QA applied without sea test (validity, equal, zeros, capitals, centroids, gbif, institutions) [2026-03-29]","standardized authors names in recordedBy","Colección","M.A. Pérez-Farrera","C.R.B.B."
"1966","HEM2025_1966","PreservedSpecimen","Coleccion",NA,"UNICACH","SPECIES","HEM","J.C.S.","22869","D.M.M","E","HEM2025",1,"Guarianthe skinneri",16.3302777777778,-93.6144444444444,"2002-04-22","change1: Filled coordinateUncertaintyInMeters from decimal-place precision (conservative). | epi_taxo: acceptedName(match1); authorship_epig(match1); genus_from_scientificName; family_WFO; order_majorGroup_WCVP [2026-03-11] | CoordinateCleaner QA applied without sea test (validity, equal, zeros, capitals, centroids, gbif, institutions) [2026-03-29]","","Colección","J.C.S.","D.M.M"
"1967","HEM2025_1967","PreservedSpecimen","Coleccion",NA,"UNICACH","GENUS","HEM","C.L.M.M.","21","D.M.M","E","HEM2025",NA,"",16.6680555555556,-93.4152777777778,"1996-02-10","change1: Genus placeholder (sp./spp.): moved to 'genus', set taxonRank=GENUS, cleared scientificName; kept original in verbatim. | change2: Filled coordinateUncertaintyInMeters from decimal-place precision (conservative). | epi_taxo: acceptedName(match1); authorship_epig(match1); genus_from_scientificName; family_WFO; order_majorGroup_WCVP [2026-03-11] | CoordinateCleaner QA applied without sea test (validity, equal, zeros, capitals, centroids, gbif, institutions) [2026-03-29]","","Colección","C.L.M.M.","D.M.M"
"1968","HEM2025_1968","PreservedSpecimen","Coleccion",NA,"UNICACH","FORM","HEM","E.A.T.","17","Carnevali, G.","E","HEM2025",1,"Maxillaria crassifolia",16.6430555555556,-93.3997222222222,"2002-05-04","change1: Corrected taxonRank (SPECIES→FORM); kept scientificName as-is. | change2: Filled coordinateUncertaintyInMeters from decimal-place precision (conservative). | epi_taxo: acceptedName(match1); authorship_epig(match1); genus_from_scientificName; family_WFO; order_majorGroup_WCVP [2026-03-11] | CoordinateCleaner QA applied without sea test (validity, equal, zeros, capitals, centroids, gbif, institutions) [2026-03-29]","standardized authors names in identifiedBy","Colección","E.A.T.","G. Carnevali"
"1969","HEM2025_1969","PreservedSpecimen","Coleccion",NA,"UNICACH","FORM","HEM","E.A.T.","17","Carnevali, G.","E","HEM2025",1,"Maxillaria crassifolia",16.6430555555556,-93.3997222222222,"2002-05-04","change1: Corrected taxonRank (SPECIES→FORM); kept scientificName as-is. | change2: Filled coordinateUncertaintyInMeters from decimal-place precision (conservative). | epi_taxo: acceptedName(match1); authorship_epig(match1); genus_from_scientificName; family_WFO; order_majorGroup_WCVP [2026-03-11] | CoordinateCleaner QA applied without sea test (validity, equal, zeros, capitals, centroids, gbif, institutions) [2026-03-29]","standardized authors names in identifiedBy","Colección","E.A.T.","G. Carnevali"
"1970","HEM2025_1970","PreservedSpecimen","Coleccion",NA,"UNICACH","SPECIES","HEM","C.A.P.B.","39","C.A.P.B.","E","HEM2025",1,"Isochilus aurantiacus",16.1963888888889,-93.6077777777778,"2005-07-03","change1: Filled coordinateUncertaintyInMeters from decimal-place precision (conservative). | epi_taxo: acceptedName(match1); authorship_epig(match1); genus_from_scientificName; family_WFO; order_majorGroup_WCVP [2026-03-11] | CoordinateCleaner QA applied without sea test (validity, equal, zeros, capitals, centroids, gbif, institutions) [2026-03-29]","","Colección","C.A.P.B.","C.A.P.B."
"1971","HEM2025_1971","PreservedSpecimen","Coleccion",NA,"UNICACH","SPECIES","HEM","H.G.D.","1440","H.G.D.","E","HEM2025",1,"Isochilus aurantiacus",15.5768055555556,-92.7096111111111,"2006-08-08","change1: Filled coordinateUncertaintyInMeters from decimal-place precision (conservative). | epi_taxo: acceptedName(match1); authorship_epig(match1); genus_from_scientificName; family_WFO; order_majorGroup_WCVP [2026-03-11] | CoordinateCleaner QA applied without sea test (validity, equal, zeros, capitals, centroids, gbif, institutions) [2026-03-29]","","Colección","H.G.D.","H.G.D."
"1972","HEM2025_1972","PreservedSpecimen","Coleccion",NA,"UNICACH","SPECIES","HEM","C.A.P.B.","173","C.A.P.B.","E","HEM2025",1,"Isochilus aurantiacus",15.5756944444444,-92.5801388888889,"2006-08-17","change1: Filled coordinateUncertaintyInMeters from decimal-place precision (conservative). | epi_taxo: acceptedName(match1); authorship_epig(match1); genus_from_scientificName; family_WFO; order_majorGroup_WCVP [2026-03-11] | CoordinateCleaner QA applied without sea test (validity, equal, zeros, capitals, centroids, gbif, institutions) [2026-03-29]","","Colección","C.A.P.B.","C.A.P.B."
"1973","HEM2025_1973","PreservedSpecimen","Coleccion",NA,"UNICACH","SPECIES","HEM","N.M.M.","60","G.A.S.","E","HEM2025",1,"Isochilus aurantiacus",15.7344444444444,-92.9341666666667,"2001-05-28","change1: Filled coordinateUncertaintyInMeters from decimal-place precision (conservative). | epi_taxo: acceptedName(match1); authorship_epig(match1); genus_from_scientificName; family_WFO; order_majorGroup_WCVP [2026-03-11] | CoordinateCleaner QA applied without sea test (validity, equal, zeros, capitals, centroids, gbif, institutions) [2026-03-29]","","Colección","N.M.M.","G.A.S."
"1974","HEM2025_1974","PreservedSpecimen","Coleccion",NA,"UNICACH","SPECIES","HEM","J.M.M.","122","O.F.S.","E","HEM2025",1,"Isochilus aurantiacus",15.9172222222222,-93.2505555555556,"2002-10-26","change1: Filled coordinateUncertaintyInMeters from decimal-place precision (conservative). | epi_taxo: acceptedName(match1); authorship_epig(match1); genus_from_scientificName; family_WFO; order_majorGroup_WCVP [2026-03-11] | CoordinateCleaner QA applied without sea test (validity, equal, zeros, capitals, centroids, gbif, institutions) [2026-03-29]","","Colección","J.M.M.","O.F.S."
"1975","HEM2025_1975","PreservedSpecimen","Coleccion",NA,"UNICACH","SPECIES","HEM","M.M.M. | M.D.E.M.","757","N.M.M. | J.M.M.","E","HEM2025",1,"Isochilus aurantiacus",15.2596666666667,-92.2186388888889,"2013-02-10","change1: Filled coordinateUncertaintyInMeters from decimal-place precision (conservative). | epi_taxo: acceptedName(match1); authorship_epig(match1); genus_from_scientificName; family_WFO; order_majorGroup_WCVP [2026-03-11] | CoordinateCleaner QA applied without sea test (validity, equal, zeros, capitals, centroids, gbif, institutions) [2026-03-29]","standardized authors names in recordedBy / standardized authors names in identifiedBy","Colección","M.M.M. & M.D.E.M.","N.M.M. & J.M.M."
"1976","HEM2025_1976","PreservedSpecimen","Coleccion",NA,"UNICACH","SPECIES","HEM","M.M.M. | Camilo, R.M.","1125","N.M.M. | J.M.M.","E","HEM2025",1,"Isochilus aurantiacus",15.1126388888889,-92.0980555555555,"2013-04-04","change1: Filled coordinateUncertaintyInMeters from decimal-place precision (conservative). | epi_taxo: acceptedName(match1); authorship_epig(match1); genus_from_scientificName; family_WFO; order_majorGroup_WCVP [2026-03-11] | CoordinateCleaner QA applied without sea test (validity, equal, zeros, capitals, centroids, gbif, institutions) [2026-03-29]","standardized authors names in recordedBy / standardized authors names in identifiedBy","Colección","M.M.M. & R.M. Camilo","N.M.M. & J.M.M."
"1977","HEM2025_1977","PreservedSpecimen","Coleccion",NA,"UNICACH","SPECIES","HEM","M.M.M. | M.D.E.M.","1540","N.M.M. | J.M.M.","E","HEM2025",1,"Isochilus aurantiacus",15.0990833333333,-92.0988333333333,"2013-05-02","change1: Filled coordinateUncertaintyInMeters from decimal-place precision (conservative). | epi_taxo: acceptedName(match1); authorship_epig(match1); genus_from_scientificName; family_WFO; order_majorGroup_WCVP [2026-03-11] | CoordinateCleaner QA applied without sea test (validity, equal, zeros, capitals, centroids, gbif, institutions) [2026-03-29]","standardized authors names in recordedBy / standardized authors names in identifiedBy","Colección","M.M.M. & M.D.E.M.","N.M.M. & J.M.M."
"1978","HEM2025_1978","PreservedSpecimen","Coleccion",NA,"UNICACH","SPECIES","HEM","M.M.M. | M.A.D.V.","2328","N.M.M. | J.M.M.","E","HEM2025",1,"Isochilus aurantiacus",15.1057222222222,-92.1008888888889,"2013-07-04","change1: Filled coordinateUncertaintyInMeters from decimal-place precision (conservative). | epi_taxo: acceptedName(match1); authorship_epig(match1); genus_from_scientificName; family_WFO; order_majorGroup_WCVP [2026-03-11] | CoordinateCleaner QA applied without sea test (validity, equal, zeros, capitals, centroids, gbif, institutions) [2026-03-29]","standardized authors names in recordedBy / standardized authors names in identifiedBy","Colección","M.M.M. & M.A.D.V.","N.M.M. & J.M.M."
"1979","HEM2025_1979","PreservedSpecimen","Coleccion",NA,"UNICACH","SPECIES","HEM","J.M.M.","820","N.M.M.","E","HEM2025",1,"Isochilus carnosiflorus",15.8213888888889,-93.0488888888889,"2005-04-22","change1: Filled coordinateUncertaintyInMeters from decimal-place precision (conservative). | epi_taxo: acceptedName(match1); authorship_epig(match1); genus_from_scientificName; family_WFO; order_majorGroup_WCVP [2026-03-11] | CoordinateCleaner QA applied without sea test (validity, equal, zeros, capitals, centroids, gbif, institutions) [2026-03-29]","","Colección","J.M.M.","N.M.M."
"1980","HEM2025_1980","PreservedSpecimen","Coleccion",NA,"UNICACH","SPECIES","HEM","J.M.M.","226","J.M.M.","E","HEM2025",1,"Isochilus carnosiflorus",16.01,-93.3122222222222,"2003-05-02","change1: Filled coordinateUncertaintyInMeters from decimal-place precision (conservative). | epi_taxo: acceptedName(match1); authorship_epig(match1); genus_from_scientificName; family_WFO; order_majorGroup_WCVP [2026-03-11] | CoordinateCleaner QA applied without sea test (validity, equal, zeros, capitals, centroids, gbif, institutions) [2026-03-29]","","Colección","J.M.M.","J.M.M."
"1981","HEM2025_1981","PreservedSpecimen","Coleccion",NA,"UNICACH","SPECIES","HEM","J.M.M.","22-bis","N.M.M.","E","HEM2025",1,"Isochilus carnosiflorus",15.9527777777778,-93.2861111111111,"2002-03-08","change1: Filled coordinateUncertaintyInMeters from decimal-place precision (conservative). | epi_taxo: acceptedName(match1); authorship_epig(match1); genus_from_scientificName; family_WFO; order_majorGroup_WCVP [2026-03-11] | CoordinateCleaner QA applied without sea test (validity, equal, zeros, capitals, centroids, gbif, institutions) [2026-03-29]","","Colección","J.M.M.","N.M.M."
"1982","HEM2025_1982","PreservedSpecimen","Coleccion",NA,"UNICACH","SPECIES","HEM","M.M.M. | M.D.E.M.","1357","N.M.M. | J.M.M.","E","HEM2025",1,"Isochilus carnosiflorus",15.0847777777778,-92.0990833333333,"2013-04-28","change1: Filled coordinateUncertaintyInMeters from decimal-place precision (conservative). | epi_taxo: acceptedName(match1); authorship_epig(match1); genus_from_scientificName; family_WFO; order_majorGroup_WCVP [2026-03-11] | CoordinateCleaner QA applied without sea test (validity, equal, zeros, capitals, centroids, gbif, institutions) [2026-03-29]","standardized authors names in recordedBy / standardized authors names in identifiedBy","Colección","M.M.M. & M.D.E.M.","N.M.M. & J.M.M."
"1983","HEM2025_1983","PreservedSpecimen","Coleccion",NA,"UNICACH","SPECIES","HEM","M.M.M. | M.D.E.M.","1615","N.M.M. | J.M.M.","E","HEM2025",1,"Isochilus carnosiflorus",15.0858333333333,-92.0971111111111,"2013-05-23","change1: Filled coordinateUncertaintyInMeters from decimal-place precision (conservative). | epi_taxo: acceptedName(match1); authorship_epig(match1); genus_from_scientificName; family_WFO; order_majorGroup_WCVP [2026-03-11] | CoordinateCleaner QA applied without sea test (validity, equal, zeros, capitals, centroids, gbif, institutions) [2026-03-29]","standardized authors names in recordedBy / standardized authors names in identifiedBy","Colección","M.M.M. & M.D.E.M.","N.M.M. & J.M.M."
"1984","HEM2025_1984","PreservedSpecimen","Coleccion",NA,"UNICACH","SPECIES","HEM","M.M.M. | M.A.D.V.","1773","N.M.M. | J.M.M.","E","HEM2025",1,"Isochilus carnosiflorus",15.0959444444444,-92.11525,"2013-05-26","change1: Filled coordinateUncertaintyInMeters from decimal-place precision (conservative). | epi_taxo: acceptedName(match1); authorship_epig(match1); genus_from_scientificName; family_WFO; order_majorGroup_WCVP [2026-03-11] | CoordinateCleaner QA applied without sea test (validity, equal, zeros, capitals, centroids, gbif, institutions) [2026-03-29]","standardized authors names in recordedBy / standardized authors names in identifiedBy","Colección","M.M.M. & M.A.D.V.","N.M.M. & J.M.M."
"1985","HEM2025_1985","PreservedSpecimen","Coleccion",NA,"UNICACH","SPECIES","HEM","M.M.M. | M.A.D.V.","1809","N.M.M. | J.M.M.","E","HEM2025",1,"Isochilus carnosiflorus",15.0901111111111,-92.1044722222222,"2013-05-28","change1: Filled coordinateUncertaintyInMeters from decimal-place precision (conservative). | epi_taxo: acceptedName(match1); authorship_epig(match1); genus_from_scientificName; family_WFO; order_majorGroup_WCVP [2026-03-11] | CoordinateCleaner QA applied without sea test (validity, equal, zeros, capitals, centroids, gbif, institutions) [2026-03-29]","standardized authors names in recordedBy / standardized authors names in identifiedBy","Colección","M.M.M. & M.A.D.V.","N.M.M. & J.M.M."
"1986","HEM2025_1986","PreservedSpecimen","Coleccion",NA,"UNICACH","SPECIES","HEM","M.M.M. | M.A.D.V.","1852","N.M.M. | J.M.M.","E","HEM2025",1,"Isochilus carnosiflorus",15.0820555555556,-92.1015277777778,"2013-05-30","change1: Filled coordinateUncertaintyInMeters from decimal-place precision (conservative). | epi_taxo: acceptedName(match1); authorship_epig(match1); genus_from_scientificName; family_WFO; order_majorGroup_WCVP [2026-03-11] | CoordinateCleaner QA applied without sea test (validity, equal, zeros, capitals, centroids, gbif, institutions) [2026-03-29]","standardized authors names in recordedBy / standardized authors names in identifiedBy","Colección","M.M.M. & M.A.D.V.","N.M.M. & J.M.M."
"1987","HEM2025_1987","PreservedSpecimen","Coleccion",NA,"UNICACH","SPECIES","HEM","M.M.M. | M.A.D.V.","2151","N.M.M. | J.M.M.","E","HEM2025",1,"Isochilus carnosiflorus",15.04225,-92.1473611111111,"2013-06-30","change1: Filled coordinateUncertaintyInMeters from decimal-place precision (conservative). | epi_taxo: acceptedName(match1); authorship_epig(match1); genus_from_scientificName; family_WFO; order_majorGroup_WCVP [2026-03-11] | CoordinateCleaner QA applied without sea test (validity, equal, zeros, capitals, centroids, gbif, institutions) [2026-03-29]","standardized authors names in recordedBy / standardized authors names in identifiedBy","Colección","M.M.M. & M.A.D.V.","N.M.M. & J.M.M."
"1988","HEM2025_1988","PreservedSpecimen","Coleccion",NA,"UNICACH","SPECIES","HEM","Camilo, R.M.","1664","Camilo, R.M.","E","HEM2025",1,"Isochilus carnosiflorus",15.1060277777778,-92.0961611111111,"2013-07-25","change1: Filled coordinateUncertaintyInMeters from decimal-place precision (conservative). | epi_taxo: acceptedName(match1); authorship_epig(match1); genus_from_scientificName; family_WFO; order_majorGroup_WCVP [2026-03-11] | CoordinateCleaner QA applied without sea test (validity, equal, zeros, capitals, centroids, gbif, institutions) [2026-03-29]","standardized authors names in recordedBy / standardized authors names in identifiedBy","Colección","R.M. Camilo","R.M. Camilo"
"1989","HEM2025_1989","PreservedSpecimen","Coleccion",NA,"UNICACH","SPECIES","HEM","M.M.M. | M.C.R.M.","2619","N.M.M.","E","HEM2025",1,"Isochilus carnosiflorus",15.1495833333333,-92.1474166666667,"2013-11-15","change1: Filled coordinateUncertaintyInMeters from decimal-place precision (conservative). | epi_taxo: acceptedName(match1); authorship_epig(match1); genus_from_scientificName; family_WFO; order_majorGroup_WCVP [2026-03-11] | CoordinateCleaner QA applied without sea test (validity, equal, zeros, capitals, centroids, gbif, institutions) [2026-03-29]","standardized authors names in recordedBy","Colección","M.M.M. & M.C.R.M.","N.M.M."
"1990","HEM2025_1990","PreservedSpecimen","Coleccion",NA,"UNICACH","SPECIES","HEM","M.M.M. | M.C.R.M.","2647","N.M.M.","E","HEM2025",1,"Isochilus carnosiflorus",15.1569722222222,-92.1405555555556,"2013-11-16","change1: Filled coordinateUncertaintyInMeters from decimal-place precision (conservative). | epi_taxo: acceptedName(match1); authorship_epig(match1); genus_from_scientificName; family_WFO; order_majorGroup_WCVP [2026-03-11] | CoordinateCleaner QA applied without sea test (validity, equal, zeros, capitals, centroids, gbif, institutions) [2026-03-29]","standardized authors names in recordedBy","Colección","M.M.M. & M.C.R.M.","N.M.M."
"1991","HEM2025_1991","PreservedSpecimen","Coleccion",NA,"UNICACH","SPECIES","HEM","N.M.M. | M.M.M. | R.V.H.","3097","N.M.M.","E","HEM2025",1,"Isochilus carnosiflorus",15.1036666666667,-92.1015277777778,"2014-09-22","change1: Filled coordinateUncertaintyInMeters from decimal-place precision (conservative). | epi_taxo: acceptedName(match1); authorship_epig(match1); genus_from_scientificName; family_WFO; order_majorGroup_WCVP [2026-03-11] | CoordinateCleaner QA applied without sea test (validity, equal, zeros, capitals, centroids, gbif, institutions) [2026-03-29]","standardized authors names in recordedBy","Colección","N.M.M. & M.M.M. & R.V.H.","N.M.M."
"1992","HEM2025_1992","PreservedSpecimen","Coleccion",NA,"UNICACH","SPECIES","HEM","C.A.P.B.","49","C.R.B.B.","E","HEM2025",1,"Isochilus chiriquensis",16.1958333333333,-93.6125,"2005-07-03","change1: Filled coordinateUncertaintyInMeters from decimal-place precision (conservative). | epi_taxo: acceptedName(match1); authorship_epig(match1); genus_from_scientificName; family_WFO; order_majorGroup_WCVP [2026-03-11] | CoordinateCleaner QA applied without sea test (validity, equal, zeros, capitals, centroids, gbif, institutions) [2026-03-29]","","Colección","C.A.P.B.","C.R.B.B."
"1993","HEM2025_1993","PreservedSpecimen","Coleccion",NA,"UNICACH","SPECIES","HEM","N.M.M.","17-bis","N.M.M.","E","HEM2025",1,"Isochilus latibracteatus",15.7213888888889,-92.9522222222222,"2001-02-01","change1: Filled coordinateUncertaintyInMeters from decimal-place precision (conservative). | epi_taxo: acceptedName(match1); authorship_epig(match1); genus_from_scientificName; family_WFO; order_majorGroup_WCVP [2026-03-11] | CoordinateCleaner QA applied without sea test (validity, equal, zeros, capitals, centroids, gbif, institutions) [2026-03-29]","","Colección","N.M.M.","N.M.M."
"1994","HEM2025_1994","PreservedSpecimen","Coleccion",NA,"UNICACH","SPECIES","HEM","J.M.M.","22","G.A.S.","E","HEM2025",1,"Isochilus latibracteatus",15.9638888888889,-93.2861111111111,"2002-03-08","change1: Filled coordinateUncertaintyInMeters from decimal-place precision (conservative). | epi_taxo: acceptedName(match1); authorship_epig(match1); genus_from_scientificName; family_WFO; order_majorGroup_WCVP [2026-03-11] | CoordinateCleaner QA applied without sea test (validity, equal, zeros, capitals, centroids, gbif, institutions) [2026-03-29]","","Colección","J.M.M.","G.A.S."
"1995","HEM2025_1995","PreservedSpecimen","Coleccion",NA,"UNICACH","SPECIES","HEM","Chagala, J.L.","55","N.M.M.","E","HEM2025",1,"Isochilus latibracteatus",15.8220555555556,-93.0455555555556,"2005-07-17","change1: Filled coordinateUncertaintyInMeters from decimal-place precision (conservative). | epi_taxo: acceptedName(match1); authorship_epig(match1); genus_from_scientificName; family_WFO; order_majorGroup_WCVP [2026-03-11] | CoordinateCleaner QA applied without sea test (validity, equal, zeros, capitals, centroids, gbif, institutions) [2026-03-29]","standardized authors names in recordedBy","Colección","J.L. Chagala","N.M.M."
"1996","HEM2025_1996","PreservedSpecimen","Coleccion",NA,"UNICACH","SPECIES","HEM","J.M.M.","923","N.M.M.","E","HEM2025",1,"Isochilus latibracteatus",15.8059166666667,-93.0508055555556,"2005-06-06","change1: Filled coordinateUncertaintyInMeters from decimal-place precision (conservative). | epi_taxo: acceptedName(match1); authorship_epig(match1); genus_from_scientificName; family_WFO; order_majorGroup_WCVP [2026-03-11] | CoordinateCleaner QA applied without sea test (validity, equal, zeros, capitals, centroids, gbif, institutions) [2026-03-29]","","Colección","J.M.M.","N.M.M."
"1997","HEM2025_1997","PreservedSpecimen","Coleccion",NA,"UNICACH","SPECIES","HEM","H.R.E.","8-bis","H.R.E.","E","HEM2025",1,"Isochilus latibracteatus",15.7213888888889,-92.9522222222222,"2005-04-22","change1: Filled coordinateUncertaintyInMeters from decimal-place precision (conservative). | epi_taxo: acceptedName(match1); authorship_epig(match1); genus_from_scientificName; family_WFO; order_majorGroup_WCVP [2026-03-11] | CoordinateCleaner QA applied without sea test (validity, equal, zeros, capitals, centroids, gbif, institutions) [2026-03-29]","","Colección","H.R.E.","H.R.E."
"1998","HEM2025_1998","PreservedSpecimen","Coleccion",NA,"UNICACH","SPECIES","HEM","A.M.T.","9348","N.M.M.","E","HEM2025",1,"Isochilus latibracteatus",15.6441666666667,-92.8275,"1990-07-11","change1: Filled coordinateUncertaintyInMeters from decimal-place precision (conservative). | epi_taxo: acceptedName(match1); authorship_epig(match1); genus_from_scientificName; family_WFO; order_majorGroup_WCVP [2026-03-11] | CoordinateCleaner QA applied without sea test (validity, equal, zeros, capitals, centroids, gbif, institutions) [2026-03-29]","","Colección","A.M.T.","N.M.M."
"1999","HEM2025_1999","PreservedSpecimen","Coleccion",NA,"UNICACH","SPECIES","HEM","N.M.M.","1815","F.J.B.J.","E","HEM2025",1,"Isochilus latibracteatus",15.7441416666667,-93.0340888888889,"2006-10-13","change1: Filled coordinateUncertaintyInMeters from decimal-place precision (conservative). | epi_taxo: acceptedName(match1); authorship_epig(match1); genus_from_scientificName; family_WFO; order_majorGroup_WCVP [2026-03-11] | CoordinateCleaner QA applied without sea test (validity, equal, zeros, capitals, centroids, gbif, institutions) [2026-03-29]","","Colección","N.M.M.","F.J.B.J."
"2000","HEM2025_2000","PreservedSpecimen","Coleccion",NA,"UNICACH","SPECIES","HEM","M.M.M.","149","F.J.B.J.","E","HEM2025",1,"Isochilus latibracteatus",16.7866111111111,-94.0265833333333,"2007-07-09","change1: Filled coordinateUncertaintyInMeters from decimal-place precision (conservative). | epi_taxo: acceptedName(match1); authorship_epig(match1); genus_from_scientificName; family_WFO; order_majorGroup_WCVP [2026-03-11] | CoordinateCleaner QA applied without sea test (validity, equal, zeros, capitals, centroids, gbif, institutions) [2026-03-29]","","Colección","M.M.M.","F.J.B.J."
"2001","HEM2025_2001","PreservedSpecimen","Coleccion",NA,"UNICACH","SPECIES","HEM","Najarro, F.H. | M N.M.G. | U.G.M.","926","O.F.S.","E","HEM2025",1,"Isochilus latibracteatus",16.0008333333333,-93.4069444444444,"2002-06-29","change1: Filled coordinateUncertaintyInMeters from decimal-place precision (conservative). | epi_taxo: acceptedName(match1); authorship_epig(match1); genus_from_scientificName; family_WFO; order_majorGroup_WCVP [2026-03-11] | CoordinateCleaner QA applied without sea test (validity, equal, zeros, capitals, centroids, gbif, institutions) [2026-03-29]","standardized authors names in recordedBy","Colección","F.H. Najarro & M N.M.G. & U.G.M.","O.F.S."
"2002","HEM2025_2002","PreservedSpecimen","Coleccion",NA,"UNICACH","SPECIES","HEM","P.C. | V.M.","65","G.A.S.","E","HEM2025",1,"Isochilus latibracteatus",15.3944444444444,-92.6166666666667,"1998-11-26","change1: Filled coordinateUncertaintyInMeters from decimal-place precision (conservative). | epi_taxo: acceptedName(match1); authorship_epig(match1); genus_from_scientificName; family_WFO; order_majorGroup_WCVP [2026-03-11] | CoordinateCleaner QA applied without sea test (validity, equal, zeros, capitals, centroids, gbif, institutions) [2026-03-29]","standardized authors names in recordedBy","Colección","P.C. & V.M.","G.A.S."
"2003","HEM2025_2003","PreservedSpecimen","Coleccion",NA,"UNICACH","SPECIES","HEM","A.R.G. | J.C.S. | M.E.L.V. | Cruz, D.","4410","F.J.B.J.","E","HEM2025",1,"Isochilus latibracteatus",16.1963888888889,-93.6094444444444,"2002-04-19","change1: Filled coordinateUncertaintyInMeters from decimal-place precision (conservative). | epi_taxo: acceptedName(match1); authorship_epig(match1); genus_from_scientificName; family_WFO; order_majorGroup_WCVP [2026-03-11] | CoordinateCleaner QA applied without sea test (validity, equal, zeros, capitals, centroids, gbif, institutions) [2026-03-29]","standardized authors names in recordedBy","Colección","A.R.G. & J.C.S. & M.E.L.V. & D. Cruz","F.J.B.J."
"2004","HEM2025_2004","PreservedSpecimen","Coleccion",NA,"UNICACH","SPECIES","HEM","U.B.C. | Rojas.","172","F.R.M.","E","HEM2025",1,"Isochilus major",16.0486111111111,-93.4986111111111,"1988-11-11","change1: Filled coordinateUncertaintyInMeters from decimal-place precision (conservative). | epi_taxo: acceptedName(match1); authorship_epig(match1); genus_from_scientificName; family_WFO; order_majorGroup_WCVP [2026-03-11] | CoordinateCleaner QA applied without sea test (validity, equal, zeros, capitals, centroids, gbif, institutions) [2026-03-29]","standardized authors names in recordedBy","Colección","U.B.C. & Rojas","F.R.M."
"2005","HEM2025_2005","PreservedSpecimen","Coleccion",NA,"UNICACH","SPECIES","HEM","J.M.M.","1358","F.J.B.J.","E","HEM2025",1,"Isochilus major",16.2086111111111,-93.7144444444445,"2006-06-04","change1: Filled coordinateUncertaintyInMeters from decimal-place precision (conservative). | epi_taxo: acceptedName(match1); authorship_epig(match1); genus_from_scientificName; family_WFO; order_majorGroup_WCVP [2026-03-11] | CoordinateCleaner QA applied without sea test (validity, equal, zeros, capitals, centroids, gbif, institutions) [2026-03-29]","","Colección","J.M.M.","F.J.B.J."
"2006","HEM2025_2006","PreservedSpecimen","Coleccion",NA,"UNICACH","SPECIES","HEM","M.D.R.S.","150","R.R.S.","E","HEM2025",1,"Jacquiniella cobanensis",15.5991388888889,-92.6927777777778,"2005-06-13","change1: Filled coordinateUncertaintyInMeters from decimal-place precision (conservative). | epi_taxo: acceptedName(match1); authorship_epig(match1); genus_from_scientificName; family_WFO; order_majorGroup_WCVP [2026-03-11] | CoordinateCleaner QA applied without sea test (validity, equal, zeros, capitals, centroids, gbif, institutions) [2026-03-29]","","Colección","M.D.R.S.","R.R.S."
"2007","HEM2025_2007","PreservedSpecimen","Coleccion",NA,"UNICACH","SPECIES","HEM","N.M.M.","16-bis","G.A.S.","E","HEM2025",1,"Jacquiniella cobanensis",15.9638888888889,-93.2861111111111,"2002-03-08","change1: Filled coordinateUncertaintyInMeters from decimal-place precision (conservative). | epi_taxo: acceptedName(match1); authorship_epig(match1); genus_from_scientificName; family_WFO; order_majorGroup_WCVP [2026-03-11] | CoordinateCleaner QA applied without sea test (validity, equal, zeros, capitals, centroids, gbif, institutions) [2026-03-29]","","Colección","N.M.M.","G.A.S."
"2008","HEM2025_2008","PreservedSpecimen","Coleccion",NA,"UNICACH","SPECIES","HEM","J.M.M.","1371","J.M.M.","E","HEM2025",1,"Jacquiniella cobanensis",16.2145277777778,-93.7202777777778,"2006-06-04","change1: Filled coordinateUncertaintyInMeters from decimal-place precision (conservative). | epi_taxo: acceptedName(match1); authorship_epig(match1); genus_from_scientificName; family_WFO; order_majorGroup_WCVP [2026-03-11] | CoordinateCleaner QA applied without sea test (validity, equal, zeros, capitals, centroids, gbif, institutions) [2026-03-29]","","Colección","J.M.M.","J.M.M."
"2009","HEM2025_2009","PreservedSpecimen","Coleccion",NA,"UNICACH","SPECIES","HEM","N.M.M.","1447","J.M.M.","E","HEM2025",1,"Jacquiniella cobanensis",15.5516666666667,-92.6333333333333,"2006-03-25","change1: Filled coordinateUncertaintyInMeters from decimal-place precision (conservative). | epi_taxo: acceptedName(match1); authorship_epig(match1); genus_from_scientificName; family_WFO; order_majorGroup_WCVP [2026-03-11] | CoordinateCleaner QA applied without sea test (validity, equal, zeros, capitals, centroids, gbif, institutions) [2026-03-29]","","Colección","N.M.M.","J.M.M."
"2010","HEM2025_2010","PreservedSpecimen","Coleccion",NA,"UNICACH","SPECIES","HEM","Perez-Farrera, M.A.","2953","N.M.M.","E","HEM2025",1,"Jacquiniella cobanensis",15.6441666666667,-92.8275,"2000-03-13","change1: Filled coordinateUncertaintyInMeters from decimal-place precision (conservative). | epi_taxo: acceptedName(match1); authorship_epig(match1); genus_from_scientificName; family_WFO; order_majorGroup_WCVP [2026-03-11] | CoordinateCleaner QA applied without sea test (validity, equal, zeros, capitals, centroids, gbif, institutions) [2026-03-29]","standardized authors names in recordedBy","Colección","M.A. Pérez-Farrera","N.M.M."
"2011","HEM2025_2011","PreservedSpecimen","Coleccion",NA,"UNICACH","SPECIES","HEM","J.M.M.","16","N.M.M.","E","HEM2025",1,"Jacquiniella cobanensis",15.9527777777778,-93.2861111111111,"2002-03-08","change1: Filled coordinateUncertaintyInMeters from decimal-place precision (conservative). | epi_taxo: acceptedName(match1); authorship_epig(match1); genus_from_scientificName; family_WFO; order_majorGroup_WCVP [2026-03-11] | CoordinateCleaner QA applied without sea test (validity, equal, zeros, capitals, centroids, gbif, institutions) [2026-03-29]","","Colección","J.M.M.","N.M.M."
"2012","HEM2025_2012","PreservedSpecimen","Coleccion",NA,"UNICACH","SPECIES","HEM","N.M.M.","80","G.A.S.","E","HEM2025",1,"Jacquiniella cobanensis",15.7227777777778,-92.9436111111111,"2001-06-30","change1: Filled coordinateUncertaintyInMeters from decimal-place precision (conservative). | epi_taxo: acceptedName(match1); authorship_epig(match1); genus_from_scientificName; family_WFO; order_majorGroup_WCVP [2026-03-11] | CoordinateCleaner QA applied without sea test (validity, equal, zeros, capitals, centroids, gbif, institutions) [2026-03-29]","","Colección","N.M.M.","G.A.S."
"2013","HEM2025_2013","PreservedSpecimen","Coleccion",NA,"UNICACH","SPECIES","HEM","Camilo, R.M.","454","G.A.S.","E","HEM2025",1,"Jacquiniella cobanensis",15.7727777777778,-93.09,"2002-02-24","change1: Filled coordinateUncertaintyInMeters from decimal-place precision (conservative). | epi_taxo: acceptedName(match1); authorship_epig(match1); genus_from_scientificName; family_WFO; order_majorGroup_WCVP [2026-03-11] | CoordinateCleaner QA applied without sea test (validity, equal, zeros, capitals, centroids, gbif, institutions) [2026-03-29]","standardized authors names in recordedBy","Colección","R.M. Camilo","G.A.S."
"2014","HEM2025_2014","PreservedSpecimen","Coleccion",NA,"UNICACH","SPECIES","HEM","M.M.M. | N.M.M. | R.J.R.V. | E.C.N.","4444","N.M.M.","E","HEM2025",1,"Jacquiniella cobanensis",15.0975833333333,-92.1434166666667,"2014-06-19","change1: Filled coordinateUncertaintyInMeters from decimal-place precision (conservative). | epi_taxo: acceptedName(match1); authorship_epig(match1); genus_from_scientificName; family_WFO; order_majorGroup_WCVP [2026-03-11] | CoordinateCleaner QA applied without sea test (validity, equal, zeros, capitals, centroids, gbif, institutions) [2026-03-29]","standardized authors names in recordedBy","Colección","M.M.M. & N.M.M. & R.J.R.V. & E.C.N.","N.M.M."
"2015","HEM2025_2015","PreservedSpecimen","Coleccion",NA,"UNICACH","SPECIES","HEM","N.M.M. | R.V.H.","3660","N.M.M.","E","HEM2025",1,"Jacquiniella cobanensis",15.1259444444444,-92.18,"2014-09-23","change1: Filled coordinateUncertaintyInMeters from decimal-place precision (conservative). | epi_taxo: acceptedName(match1); authorship_epig(match1); genus_from_scientificName; family_WFO; order_majorGroup_WCVP [2026-03-11] | CoordinateCleaner QA applied without sea test (validity, equal, zeros, capitals, centroids, gbif, institutions) [2026-03-29]","standardized authors names in recordedBy","Colección","N.M.M. & R.V.H.","N.M.M."
"2016","HEM2025_2016","PreservedSpecimen","Coleccion",NA,"UNICACH","SPECIES","HEM","Camilo, R.M. | R.V.H. | M.M.M.","3115","Camilo, R.M.","E","HEM2025",1,"Jacquiniella cobanensis",15.1301388888889,-92.1665083333333,"2015-03-28","change1: Filled coordinateUncertaintyInMeters from decimal-place precision (conservative). | epi_taxo: acceptedName(match1); authorship_epig(match1); genus_from_scientificName; family_WFO; order_majorGroup_WCVP [2026-03-11] | CoordinateCleaner QA applied without sea test (validity, equal, zeros, capitals, centroids, gbif, institutions) [2026-03-29]","standardized authors names in recordedBy / standardized authors names in identifiedBy","Colección","R.M. Camilo & R.V.H. & M.M.M.","R.M. Camilo"
"2017","HEM2025_2017","PreservedSpecimen","Coleccion",NA,"UNICACH","SPECIES","HEM","N.M.M. | M.M.M. | R.V.H.","3913","N.M.M.","E","HEM2025",1,"Jacquiniella cobanensis",15.1032777777778,-92.1645555555556,"2015-03-10","change1: Filled coordinateUncertaintyInMeters from decimal-place precision (conservative). | epi_taxo: acceptedName(match1); authorship_epig(match1); genus_from_scientificName; family_WFO; order_majorGroup_WCVP [2026-03-11] | CoordinateCleaner QA applied without sea test (validity, equal, zeros, capitals, centroids, gbif, institutions) [2026-03-29]","standardized authors names in recordedBy","Colección","N.M.M. & M.M.M. & R.V.H.","N.M.M."
"2018","HEM2025_2018","PreservedSpecimen","Coleccion",NA,"UNICACH","SPECIES","HEM","M.M.M. | A.L.C.","4828","N.M.M.","E","HEM2025",1,"Kefersteinia tinschertiana",15.0942222222222,-92.1718611111111,"2014-08-15","change1: Filled coordinateUncertaintyInMeters from decimal-place precision (conservative). | epi_taxo: acceptedName(match1); authorship_epig(match1); genus_from_scientificName; family_WFO; order_majorGroup_WCVP [2026-03-11] | CoordinateCleaner QA applied without sea test (validity, equal, zeros, capitals, centroids, gbif, institutions) [2026-03-29]","standardized authors names in recordedBy","Colección","M.M.M. & A.L.C.","N.M.M."
"2019","HEM2025_2019","PreservedSpecimen","Coleccion",NA,"UNICACH","SPECIES","HEM","M.M.M. | A.L.C.","5031","N.M.M.","E","HEM2025",1,"Kefersteinia tinschertiana",15.1135833333333,-92.1829444444444,"2014-08-19","change1: Filled coordinateUncertaintyInMeters from decimal-place precision (conservative). | epi_taxo: acceptedName(match1); authorship_epig(match1); genus_from_scientificName; family_WFO; order_majorGroup_WCVP [2026-03-11] | CoordinateCleaner QA applied without sea test (validity, equal, zeros, capitals, centroids, gbif, institutions) [2026-03-29]","standardized authors names in recordedBy","Colección","M.M.M. & A.L.C.","N.M.M."
"2020","HEM2025_2020","PreservedSpecimen","Coleccion",NA,"UNICACH","FORM","HEM","N.M.M.","2159","R.S","E","HEM2025",1,"Acianthera erinacea",16.7866111111111,-94.0265833333333,"2007-11-14","change1: Corrected taxonRank (SPECIES→FORM); kept scientificName as-is. | change2: Filled coordinateUncertaintyInMeters from decimal-place precision (conservative). | epi_taxo: acceptedName(match1); authorship_epig(match1); genus_from_scientificName; family_WFO; order_majorGroup_WCVP [2026-03-11] | CoordinateCleaner QA applied without sea test (validity, equal, zeros, capitals, centroids, gbif, institutions) [2026-03-29]","","Colección","N.M.M.","R.S"
"2021","HEM2025_2021","PreservedSpecimen","Coleccion",NA,"UNICACH","SPECIES","HEM","C.L.M.M.","29","G.A.S.","E","HEM2025",1,"Laelia rubescens",16.8516666666667,-93.5466666666667,"1994-05-01","change1: Filled coordinateUncertaintyInMeters from decimal-place precision (conservative). | epi_taxo: acceptedName(match1); authorship_epig(match1); genus_from_scientificName; family_WFO; order_majorGroup_WCVP [2026-03-11] | CoordinateCleaner QA applied without sea test (validity, equal, zeros, capitals, centroids, gbif, institutions) [2026-03-29]","","Colección","C.L.M.M.","G.A.S."
"2022","HEM2025_2022","PreservedSpecimen","Coleccion",NA,"UNICACH","SPECIES","HEM","J.M.M.","32","J.M.M.","E","HEM2025",1,"Laelia superbiens",15.9638888888889,-93.2861111111111,"2002-03-08","change1: Filled coordinateUncertaintyInMeters from decimal-place precision (conservative). | epi_taxo: acceptedName(match1); authorship_epig(match1); genus_from_scientificName; family_WFO; order_majorGroup_WCVP [2026-03-11] | CoordinateCleaner QA applied without sea test (validity, equal, zeros, capitals, centroids, gbif, institutions) [2026-03-29]","","Colección","J.M.M.","J.M.M."
"2023","HEM2025_2023","PreservedSpecimen","Coleccion",NA,"UNICACH","FORM","HEM","M.M.M. | M.C.R.M.","3971","R.S","E","HEM2025",3,"Leochilus scriptus",15.1085,-92.2040555555556,"2014-02-02","change1: Corrected taxonRank (SPECIES→FORM); kept scientificName as-is. | change2: Filled coordinateUncertaintyInMeters from decimal-place precision (conservative). | epi_taxo: acceptedName(match1); authorship_epig(match1); genus_from_scientificName; family_WFO; order_majorGroup_WCVP [2026-03-11] | CoordinateCleaner QA applied without sea test (validity, equal, zeros, capitals, centroids, gbif, institutions) [2026-03-29]","standardized authors names in recordedBy","Colección","M.M.M. & M.C.R.M.","R.S"
"2024","HEM2025_2024","PreservedSpecimen","Coleccion",NA,"UNICACH","SPECIES","HEM","H.R.E.","68","H.R.E.","E","HEM2025",1,"Lepanthes acuminata",15.6641666666667,-92.8136111111111,"2005-09-15","change1: Filled coordinateUncertaintyInMeters from decimal-place precision (conservative). | epi_taxo: acceptedName(match1); authorship_epig(match1); genus_from_scientificName; family_WFO; order_majorGroup_WCVP [2026-03-11] | CoordinateCleaner QA applied without sea test (validity, equal, zeros, capitals, centroids, gbif, institutions) [2026-03-29]","","Colección","H.R.E.","H.R.E."
"2025","HEM2025_2025","PreservedSpecimen","Coleccion",NA,"UNICACH","SPECIES","HEM","M.M.M. | M.D.E.M.","556","N.M.M.","E","HEM2025",1,"Lepanthes acuminata",15.2585833333333,-92.2159444444444,"2013-02-05","change1: Filled coordinateUncertaintyInMeters from decimal-place precision (conservative). | epi_taxo: acceptedName(match1); authorship_epig(match1); genus_from_scientificName; family_WFO; order_majorGroup_WCVP [2026-03-11] | CoordinateCleaner QA applied without sea test (validity, equal, zeros, capitals, centroids, gbif, institutions) [2026-03-29]","standardized authors names in recordedBy","Colección","M.M.M. & M.D.E.M.","N.M.M."
"2026","HEM2025_2026","PreservedSpecimen","Coleccion",NA,"UNICACH","SPECIES","HEM","M.M.M. | M.D.E.M.","763","N.M.M.","E","HEM2025",1,"Lepanthes acuminata",15.2596666666667,-92.2186388888889,"2013-02-10","change1: Filled coordinateUncertaintyInMeters from decimal-place precision (conservative). | epi_taxo: acceptedName(match1); authorship_epig(match1); genus_from_scientificName; family_WFO; order_majorGroup_WCVP [2026-03-11] | CoordinateCleaner QA applied without sea test (validity, equal, zeros, capitals, centroids, gbif, institutions) [2026-03-29]","standardized authors names in recordedBy","Colección","M.M.M. & M.D.E.M.","N.M.M."
"2027","HEM2025_2027","PreservedSpecimen","Coleccion",NA,"UNICACH","SPECIES","HEM","E.M.S. | O.T.V. | G.P.G.","13232","ND","E","HEM2025",1,"Lepanthes lenticularis",15.1113888888889,-92.1286111111111,"1985-06-19","change1: Filled coordinateUncertaintyInMeters from decimal-place precision (conservative). | epi_taxo: acceptedName(match1); authorship_epig(match1); genus_from_scientificName; family_WFO; order_majorGroup_WCVP [2026-03-11] | CoordinateCleaner QA applied without sea test (validity, equal, zeros, capitals, centroids, gbif, institutions) [2026-03-29]","standardized authors names in recordedBy","Colección","E.M.S. & O.T.V. & G.P.G.","ND"
"2028","HEM2025_2028","PreservedSpecimen","Coleccion",NA,"UNICACH","SPECIES","HEM","N.M.M.","758","N.M.M.","E","HEM2025",1,"Lepanthes matudana",15.7344444444444,-92.9341666666667,"2005-04-20","change1: Filled coordinateUncertaintyInMeters from decimal-place precision (conservative). | epi_taxo: acceptedName(match1); authorship_epig(match1); genus_from_scientificName; family_WFO; order_majorGroup_WCVP [2026-03-11] | CoordinateCleaner QA applied without sea test (validity, equal, zeros, capitals, centroids, gbif, institutions) [2026-03-29]","","Colección","N.M.M.","N.M.M."
"2029","HEM2025_2029","PreservedSpecimen","Coleccion",NA,"UNICACH","SPECIES","HEM","N.M.M.","759","R.S","E","HEM2025",1,"Lepanthes matudana",15.7441666666667,-92.9775,"2005-04-20","change1: Filled coordinateUncertaintyInMeters from decimal-place precision (conservative). | epi_taxo: acceptedName(match1); authorship_epig(match1); genus_from_scientificName; family_WFO; order_majorGroup_WCVP [2026-03-11] | CoordinateCleaner QA applied without sea test (validity, equal, zeros, capitals, centroids, gbif, institutions) [2026-03-29]","","Colección","N.M.M.","R.S"
"2030","HEM2025_2030","PreservedSpecimen","Coleccion",NA,"UNICACH","SPECIES","HEM","M.D.R.S.","142","R.R.S.","E","HEM2025",1,"Lepanthes matudana",15.5991388888889,-92.6927777777778,"2005-06-13","change1: Filled coordinateUncertaintyInMeters from decimal-place precision (conservative). | epi_taxo: acceptedName(match1); authorship_epig(match1); genus_from_scientificName; family_WFO; order_majorGroup_WCVP [2026-03-11] | CoordinateCleaner QA applied without sea test (validity, equal, zeros, capitals, centroids, gbif, institutions) [2026-03-29]","","Colección","M.D.R.S.","R.R.S."
"2031","HEM2025_2031","PreservedSpecimen","Coleccion",NA,"UNICACH","SPECIES","HEM","H.R.E.","72","H.R.E.","E","HEM2025",1,"Lepanthes matudana",15.6641666666667,-92.8136111111111,"2005-09-15","change1: Filled coordinateUncertaintyInMeters from decimal-place precision (conservative). | epi_taxo: acceptedName(match1); authorship_epig(match1); genus_from_scientificName; family_WFO; order_majorGroup_WCVP [2026-03-11] | CoordinateCleaner QA applied without sea test (validity, equal, zeros, capitals, centroids, gbif, institutions) [2026-03-29]","","Colección","H.R.E.","H.R.E."
"2032","HEM2025_2032","PreservedSpecimen","Coleccion",NA,"UNICACH","SPECIES","HEM","N.M.M.","21","R.S","E","HEM2025",1,"Lepanthes matudana",15.7344444444444,-92.9341666666667,"2001-05-28","change1: Filled coordinateUncertaintyInMeters from decimal-place precision (conservative). | epi_taxo: acceptedName(match1); authorship_epig(match1); genus_from_scientificName; family_WFO; order_majorGroup_WCVP [2026-03-11] | CoordinateCleaner QA applied without sea test (validity, equal, zeros, capitals, centroids, gbif, institutions) [2026-03-29]","","Colección","N.M.M.","R.S"
"2033","HEM2025_2033","PreservedSpecimen","Coleccion",NA,"UNICACH","SPECIES","HEM","J.M.M.","1197","J.M.M.","E","HEM2025",1,"Lepanthes matudana",15.5105555555556,-92.6780555555556,"2006-03-23","change1: Filled coordinateUncertaintyInMeters from decimal-place precision (conservative). | epi_taxo: acceptedName(match1); authorship_epig(match1); genus_from_scientificName; family_WFO; order_majorGroup_WCVP [2026-03-11] | CoordinateCleaner QA applied without sea test (validity, equal, zeros, capitals, centroids, gbif, institutions) [2026-03-29]","","Colección","J.M.M.","J.M.M."
"2034","HEM2025_2034","PreservedSpecimen","Coleccion",NA,"UNICACH","SPECIES","HEM","J.M.M.","1765","N.M.M.","E","HEM2025",1,"Lepanthes matudana",15.7675833333333,-93.0800277777778,"2007-03-09","change1: Filled coordinateUncertaintyInMeters from decimal-place precision (conservative). | epi_taxo: acceptedName(match1); authorship_epig(match1); genus_from_scientificName; family_WFO; order_majorGroup_WCVP [2026-03-11] | CoordinateCleaner QA applied without sea test (validity, equal, zeros, capitals, centroids, gbif, institutions) [2026-03-29]","","Colección","J.M.M.","N.M.M."
"2035","HEM2025_2035","PreservedSpecimen","Coleccion",NA,"UNICACH","SPECIES","HEM","H.R.E.","70","H.R.E.","E","HEM2025",1,"Lepanthes scopula",15.6641666666667,-92.8136111111111,"2005-09-15","change1: Filled coordinateUncertaintyInMeters from decimal-place precision (conservative). | epi_taxo: acceptedName(match1); authorship_epig(match1); genus_from_scientificName; family_WFO; order_majorGroup_WCVP [2026-03-11] | CoordinateCleaner QA applied without sea test (validity, equal, zeros, capitals, centroids, gbif, institutions) [2026-03-29]","","Colección","H.R.E.","H.R.E."
"2036","HEM2025_2036","PreservedSpecimen","Coleccion",NA,"UNICACH","GENUS","HEM","J.M.M.","897","J.M.M.","E","HEM2025",NA,"",15.8113333333333,-93.0491944444444,"2005-06-06","change1: Genus placeholder (sp./spp.): moved to 'genus', set taxonRank=GENUS, cleared scientificName; kept original in verbatim. | change2: Filled coordinateUncertaintyInMeters from decimal-place precision (conservative). | epi_taxo: acceptedName(match1); authorship_epig(match1); genus_from_scientificName; family_WFO; order_majorGroup_WCVP [2026-03-11] | CoordinateCleaner QA applied without sea test (validity, equal, zeros, capitals, centroids, gbif, institutions) [2026-03-29]","","Colección","J.M.M.","J.M.M."
"2037","HEM2025_2037","PreservedSpecimen","Coleccion",NA,"UNICACH","GENUS","HEM","H.R.E.","69","H.R.E.","E","HEM2025",NA,"",15.6685,-92.8115277777778,"2005-09-15","change1: Genus placeholder (sp./spp.): moved to 'genus', set taxonRank=GENUS, cleared scientificName; kept original in verbatim. | change2: Filled coordinateUncertaintyInMeters from decimal-place precision (conservative). | epi_taxo: acceptedName(match1); authorship_epig(match1); genus_from_scientificName; family_WFO; order_majorGroup_WCVP [2026-03-11] | CoordinateCleaner QA applied without sea test (validity, equal, zeros, capitals, centroids, gbif, institutions) [2026-03-29]","","Colección","H.R.E.","H.R.E."
"2038","HEM2025_2038","PreservedSpecimen","Coleccion",NA,"UNICACH","GENUS","HEM","J.M.M.","1507","J.M.M.","E","HEM2025",NA,"",17.1558888888889,-93.1401944444444,"2006-09-20","change1: Genus placeholder (sp./spp.): moved to 'genus', set taxonRank=GENUS, cleared scientificName; kept original in verbatim. | change2: Filled coordinateUncertaintyInMeters from decimal-place precision (conservative). | epi_taxo: acceptedName(match1); authorship_epig(match1); genus_from_scientificName; family_WFO; order_majorGroup_WCVP [2026-03-11] | CoordinateCleaner QA applied without sea test (validity, equal, zeros, capitals, centroids, gbif, institutions) [2026-03-29]","","Colección","J.M.M.","J.M.M."
"2039","HEM2025_2039","PreservedSpecimen","Coleccion",NA,"UNICACH","GENUS","HEM","N.M.M.","1480","N.M.M.","E","HEM2025",NA,"",15.5105555555556,-92.6783333333333,"2006-03-23","change1: Genus placeholder (sp./spp.): moved to 'genus', set taxonRank=GENUS, cleared scientificName; kept original in verbatim. | change2: Filled coordinateUncertaintyInMeters from decimal-place precision (conservative). | epi_taxo: acceptedName(match1); authorship_epig(match1); genus_from_scientificName; family_WFO; order_majorGroup_WCVP [2026-03-11] | CoordinateCleaner QA applied without sea test (validity, equal, zeros, capitals, centroids, gbif, institutions) [2026-03-29]","","Colección","N.M.M.","N.M.M."
"2040","HEM2025_2040","PreservedSpecimen","Coleccion",NA,"UNICACH","GENUS","HEM","M.M.M. | N.M.M. | R.J.R.V. | E.C.N.","4272","N.M.M.","E","HEM2025",NA,"",15.099,-92.1409722222222,"2014-06-18","change1: Genus placeholder (sp./spp.): moved to 'genus', set taxonRank=GENUS, cleared scientificName; kept original in verbatim. | change2: Filled coordinateUncertaintyInMeters from decimal-place precision (conservative). | epi_taxo: acceptedName(match1); authorship_epig(match1); genus_from_scientificName; family_WFO; order_majorGroup_WCVP [2026-03-11] | CoordinateCleaner QA applied without sea test (validity, equal, zeros, capitals, centroids, gbif, institutions) [2026-03-29]","standardized authors names in recordedBy","Colección","M.M.M. & N.M.M. & R.J.R.V. & E.C.N.","N.M.M."
"2041","HEM2025_2041","PreservedSpecimen","Coleccion",NA,"UNICACH","SPECIES","HEM","M.M.M. | S.H.J. | J.A.B.B.","5729","N.M.M.","E","HEM2025",1,"Lepanthes tenuiloba",15.2408055555556,-92.3045555555556,"2015-04-30","change1: Filled coordinateUncertaintyInMeters from decimal-place precision (conservative). | epi_taxo: acceptedName(match1); authorship_epig(match1); genus_from_scientificName; family_WFO; order_majorGroup_WCVP [2026-03-11] | CoordinateCleaner QA applied without sea test (validity, equal, zeros, capitals, centroids, gbif, institutions) [2026-03-29]","standardized authors names in recordedBy","Colección","M.M.M. & S.H.J. & J.A.B.B.","N.M.M."
"2042","HEM2025_2042","PreservedSpecimen","Coleccion",NA,"UNICACH","SPECIES","HEM","N.M.M.","65","M.A.S.A.","E","HEM2025",1,"Lepanthes tenuiloba",15.7344444444444,-92.9341666666667,"2001-05-28","change1: Filled coordinateUncertaintyInMeters from decimal-place precision (conservative). | epi_taxo: acceptedName(match1); authorship_epig(match1); genus_from_scientificName; family_WFO; order_majorGroup_WCVP [2026-03-11] | CoordinateCleaner QA applied without sea test (validity, equal, zeros, capitals, centroids, gbif, institutions) [2026-03-29]","","Colección","N.M.M.","M.A.S.A."
"2043","HEM2025_2043","PreservedSpecimen","Coleccion",NA,"UNICACH","FORM","HEM","M.M.M. | M.C.R.M.","5113","E.A.M.M.","E","HEM2025",1,"Lockhartia hercodonta",15.1046944444444,-92.1807222222222,"2014-09-17","change1: Corrected taxonRank (SPECIES→FORM); kept scientificName as-is. | change2: Filled coordinateUncertaintyInMeters from decimal-place precision (conservative). | epi_taxo: acceptedName(match1); authorship_epig(match1); genus_from_scientificName; family_WFO; order_majorGroup_WCVP [2026-03-11] | CoordinateCleaner QA applied without sea test (validity, equal, zeros, capitals, centroids, gbif, institutions) [2026-03-29]","standardized authors names in recordedBy","Colección","M.M.M. & M.C.R.M.","E.A.M.M."
"2044","HEM2025_2044","PreservedSpecimen","Coleccion",NA,"UNICACH","FORM","HEM","C.E.C.H.","34","G.A.S.","E","HEM2025",1,"Lockhartia oerstedii",16.6430555555556,-93.3997222222222,"2002-05-04","change1: Corrected taxonRank (SPECIES→FORM); kept scientificName as-is. | change2: Filled coordinateUncertaintyInMeters from decimal-place precision (conservative). | epi_taxo: acceptedName(match1); authorship_epig(match1); genus_from_scientificName; family_WFO; order_majorGroup_WCVP [2026-03-11] | CoordinateCleaner QA applied without sea test (validity, equal, zeros, capitals, centroids, gbif, institutions) [2026-03-29]","","Colección","C.E.C.H.","G.A.S."
"2045","HEM2025_2045","PreservedSpecimen","Coleccion",NA,"UNICACH","FORM","HEM","C.E.C.H.","34","G.A.S.","E","HEM2025",1,"Lockhartia oerstedii",16.6430555555556,-93.3997222222222,"2002-05-04","change1: Corrected taxonRank (SPECIES→FORM); kept scientificName as-is. | change2: Filled coordinateUncertaintyInMeters from decimal-place precision (conservative). | epi_taxo: acceptedName(match1); authorship_epig(match1); genus_from_scientificName; family_WFO; order_majorGroup_WCVP [2026-03-11] | CoordinateCleaner QA applied without sea test (validity, equal, zeros, capitals, centroids, gbif, institutions) [2026-03-29]","","Colección","C.E.C.H.","G.A.S."
"2046","HEM2025_2046","PreservedSpecimen","Coleccion",NA,"UNICACH","FORM","HEM","C.L.M.M.","12","N.M.M.","E","HEM2025",1,"Lockhartia oerstedii",16.7855555555556,-93.395,"1996-06-04","change1: Corrected taxonRank (SPECIES→FORM); kept scientificName as-is. | change2: Filled coordinateUncertaintyInMeters from decimal-place precision (conservative). | epi_taxo: acceptedName(match1); authorship_epig(match1); genus_from_scientificName; family_WFO; order_majorGroup_WCVP [2026-03-11] | CoordinateCleaner QA applied without sea test (validity, equal, zeros, capitals, centroids, gbif, institutions) [2026-03-29]","","Colección","C.L.M.M.","N.M.M."
"2047","HEM2025_2047","PreservedSpecimen","Coleccion",NA,"UNICACH","FORM","HEM","M.E.L.V. | A.R.G. | J.C.S. | R.Z.","298","N.M.M.","E","HEM2025",1,"Lockhartia oerstedii",16.2041666666667,-93.5819444444444,"2002-04-20","change1: Corrected taxonRank (SPECIES→FORM); kept scientificName as-is. | change2: Filled coordinateUncertaintyInMeters from decimal-place precision (conservative). | epi_taxo: acceptedName(match1); authorship_epig(match1); genus_from_scientificName; family_WFO; order_majorGroup_WCVP [2026-03-11] | CoordinateCleaner QA applied without sea test (validity, equal, zeros, capitals, centroids, gbif, institutions) [2026-03-29]","standardized authors names in recordedBy","Colección","M.E.L.V. & A.R.G. & J.C.S. & R.Z.","N.M.M."
"2048","HEM2025_2048","PreservedSpecimen","Coleccion",NA,"UNICACH","FORM","HEM","H.G.D.","952","R.S","E","HEM2025",1,"Lockhartia oerstedii",15.7063333333333,-92.9908055555556,"2005-04-19","change1: Corrected taxonRank (SPECIES→FORM); kept scientificName as-is. | change2: Filled coordinateUncertaintyInMeters from decimal-place precision (conservative). | epi_taxo: acceptedName(match1); authorship_epig(match1); genus_from_scientificName; family_WFO; order_majorGroup_WCVP [2026-03-11] | CoordinateCleaner QA applied without sea test (validity, equal, zeros, capitals, centroids, gbif, institutions) [2026-03-29]","","Colección","H.G.D.","R.S"
"2049","HEM2025_2049","PreservedSpecimen","Coleccion",NA,"UNICACH","FORM","HEM","J.M.M.","919","R.S","E","HEM2025",1,"Lockhartia oerstedii",15.8059166666667,-93.0508055555556,"2005-06-06","change1: Corrected taxonRank (SPECIES→FORM); kept scientificName as-is. | change2: Filled coordinateUncertaintyInMeters from decimal-place precision (conservative). | epi_taxo: acceptedName(match1); authorship_epig(match1); genus_from_scientificName; family_WFO; order_majorGroup_WCVP [2026-03-11] | CoordinateCleaner QA applied without sea test (validity, equal, zeros, capitals, centroids, gbif, institutions) [2026-03-29]","","Colección","J.M.M.","R.S"
"2050","HEM2025_2050","PreservedSpecimen","Coleccion",NA,"UNICACH","FORM","HEM","E.A.T.","22","R.S","E","HEM2025",1,"Lockhartia oerstedii",16.6430555555556,-93.3997222222222,"2002-05-04","change1: Corrected taxonRank (SPECIES→FORM); kept scientificName as-is. | change2: Filled coordinateUncertaintyInMeters from decimal-place precision (conservative). | epi_taxo: acceptedName(match1); authorship_epig(match1); genus_from_scientificName; family_WFO; order_majorGroup_WCVP [2026-03-11] | CoordinateCleaner QA applied without sea test (validity, equal, zeros, capitals, centroids, gbif, institutions) [2026-03-29]","","Colección","E.A.T.","R.S"
"2051","HEM2025_2051","PreservedSpecimen","Coleccion",NA,"UNICACH","FORM","HEM","E.A.T.","22","R.S","E","HEM2025",1,"Lockhartia oerstedii",16.6430555555556,-93.3997222222222,"2002-05-04","change1: Corrected taxonRank (SPECIES→FORM); kept scientificName as-is. | change2: Filled coordinateUncertaintyInMeters from decimal-place precision (conservative). | epi_taxo: acceptedName(match1); authorship_epig(match1); genus_from_scientificName; family_WFO; order_majorGroup_WCVP [2026-03-11] | CoordinateCleaner QA applied without sea test (validity, equal, zeros, capitals, centroids, gbif, institutions) [2026-03-29]","","Colección","E.A.T.","R.S"
"2052","HEM2025_2052","PreservedSpecimen","Coleccion",NA,"UNICACH","SPECIES","HEM","Perez-Farrera, M.A.","566","W.C.I.","E","HEM2025",1,"Trichocentrum microchilum",16.3166666666667,-93.6166666666667,"1995-07-17","change1: Filled coordinateUncertaintyInMeters from decimal-place precision (conservative). | epi_taxo: acceptedName(match1); authorship_epig(match1); genus_from_scientificName; family_WFO; order_majorGroup_WCVP [2026-03-11] | CoordinateCleaner QA applied without sea test (validity, equal, zeros, capitals, centroids, gbif, institutions) [2026-03-29]","standardized authors names in recordedBy","Colección","M.A. Pérez-Farrera","W.C.I."
"2053","HEM2025_2053","PreservedSpecimen","Coleccion",NA,"UNICACH","SPECIES","HEM","P.C. | V.M.","42","W.C.I.","E","HEM2025",1,"Trichocentrum microchilum",14.8775,-92.2941666666667,"1998-11-17","change1: Filled coordinateUncertaintyInMeters from decimal-place precision (conservative). | epi_taxo: acceptedName(match1); authorship_epig(match1); genus_from_scientificName; family_WFO; order_majorGroup_WCVP [2026-03-11] | CoordinateCleaner QA applied without sea test (validity, equal, zeros, capitals, centroids, gbif, institutions) [2026-03-29]","standardized authors names in recordedBy","Colección","P.C. & V.M.","W.C.I."
"2054","HEM2025_2054","PreservedSpecimen","Coleccion",NA,"UNICACH","SPECIES","HEM","N.M.M.","483","W.C.I.","E","HEM2025",1,"Trichocentrum andreanum",15.6680555555556,-93.4155,"2001-09-05","change1: Filled coordinateUncertaintyInMeters from decimal-place precision (conservative). | epi_taxo: acceptedName(match1); authorship_epig(match1); genus_from_scientificName; family_WFO; order_majorGroup_WCVP [2026-03-11] | CoordinateCleaner QA applied without sea test (validity, equal, zeros, capitals, centroids, gbif, institutions) [2026-03-29]","","Colección","N.M.M.","W.C.I."
"2055","HEM2025_2055","PreservedSpecimen","Coleccion",NA,"UNICACH","SPECIES","HEM","M.A.O.B.","7","W.C.I.","E","HEM2025",1,"Trichocentrum andreanum",16.4213888888889,-93.1888888888889,"2005-01-15","change1: Filled coordinateUncertaintyInMeters from decimal-place precision (conservative). | epi_taxo: acceptedName(match1); authorship_epig(match1); genus_from_scientificName; family_WFO; order_majorGroup_WCVP [2026-03-11] | CoordinateCleaner QA applied without sea test (validity, equal, zeros, capitals, centroids, gbif, institutions) [2026-03-29]","","Colección","M.A.O.B.","W.C.I."
"2056","HEM2025_2056","PreservedSpecimen","Coleccion",NA,"UNICACH","SPECIES","HEM","A.L.C.","951","W.C.I.","E","HEM2025",1,"Trichocentrum andreanum",17.0071027777778,-93.2372,"2009-10-05","change1: Filled coordinateUncertaintyInMeters from decimal-place precision (conservative). | epi_taxo: acceptedName(match1); authorship_epig(match1); genus_from_scientificName; family_WFO; order_majorGroup_WCVP [2026-03-11] | CoordinateCleaner QA applied without sea test (validity, equal, zeros, capitals, centroids, gbif, institutions) [2026-03-29]","","Colección","A.L.C.","W.C.I."
"2057","HEM2025_2057","PreservedSpecimen","Coleccion",NA,"UNICACH","SPECIES","HEM","H.G.D.","837-bis","W.C.I.","E","HEM2025",1,"Trichocentrum bicallosum",15.6572222222222,-92.8075,"2005-01-12","change1: Filled coordinateUncertaintyInMeters from decimal-place precision (conservative). | epi_taxo: acceptedName(match1); authorship_epig(match1); genus_from_scientificName; family_WFO; order_majorGroup_WCVP [2026-03-11] | CoordinateCleaner QA applied without sea test (validity, equal, zeros, capitals, centroids, gbif, institutions) [2026-03-29]","","Colección","H.G.D.","W.C.I."
"2058","HEM2025_2058","PreservedSpecimen","Coleccion",NA,"UNICACH","SPECIES","HEM","R.R.S.","533","W.C.I.","E","HEM2025",1,"Trichocentrum bicallosum",15.6358666666667,-92.6445,"2005-01-17","change1: Filled coordinateUncertaintyInMeters from decimal-place precision (conservative). | epi_taxo: acceptedName(match1); authorship_epig(match1); genus_from_scientificName; family_WFO; order_majorGroup_WCVP [2026-03-11] | CoordinateCleaner QA applied without sea test (validity, equal, zeros, capitals, centroids, gbif, institutions) [2026-03-29]","","Colección","R.R.S.","W.C.I."
"2059","HEM2025_2059","PreservedSpecimen","Coleccion",NA,"UNICACH","SPECIES","HEM","R.R.S.","108","W.C.I.","E","HEM2025",1,"Trichocentrum bicallosum",15.7213888888889,-92.9522222222222,"2001-01-23","change1: Filled coordinateUncertaintyInMeters from decimal-place precision (conservative). | epi_taxo: acceptedName(match1); authorship_epig(match1); genus_from_scientificName; family_WFO; order_majorGroup_WCVP [2026-03-11] | CoordinateCleaner QA applied without sea test (validity, equal, zeros, capitals, centroids, gbif, institutions) [2026-03-29]","","Colección","R.R.S.","W.C.I."
"2060","HEM2025_2060","PreservedSpecimen","Coleccion",NA,"UNICACH","SPECIES","HEM","J.M.M.","1580","W.C.I.","E","HEM2025",1,"Trichocentrum bicallosum",15.4221944444444,-92.6244166666667,"2006-11-15","change1: Filled coordinateUncertaintyInMeters from decimal-place precision (conservative). | epi_taxo: acceptedName(match1); authorship_epig(match1); genus_from_scientificName; family_WFO; order_majorGroup_WCVP [2026-03-11] | CoordinateCleaner QA applied without sea test (validity, equal, zeros, capitals, centroids, gbif, institutions) [2026-03-29]","","Colección","J.M.M.","W.C.I."
"2061","HEM2025_2061","PreservedSpecimen","Coleccion",NA,"UNICACH","SPECIES","HEM","R.S.M.","34","W.C.I.","E","HEM2025",2,"Trichocentrum lindenii",16.7478055555556,-93.3515555555555,"2005-06-15","change1: Filled coordinateUncertaintyInMeters from decimal-place precision (conservative). | epi_taxo: acceptedName(match1); authorship_epig(match1); genus_from_scientificName; family_WFO; order_majorGroup_WCVP [2026-03-11] | CoordinateCleaner QA applied without sea test (validity, equal, zeros, capitals, centroids, gbif, institutions) [2026-03-29]","","Colección","R.S.M.","W.C.I."
"2062","HEM2025_2062","PreservedSpecimen","Coleccion",NA,"UNICACH","SPECIES","HEM","R.S.M.","7","W.C.I.","E","HEM2025",1,"Trichocentrum luridum",16.9211111111111,-93.6658333333333,"2006-02-12","change1: Filled coordinateUncertaintyInMeters from decimal-place precision (conservative). | epi_taxo: acceptedName(match1); authorship_epig(match1); genus_from_scientificName; family_WFO; order_majorGroup_WCVP [2026-03-11] | CoordinateCleaner QA applied without sea test (validity, equal, zeros, capitals, centroids, gbif, institutions) [2026-03-29]","","Colección","R.S.M.","W.C.I."
"2063","HEM2025_2063","PreservedSpecimen","Coleccion",NA,"UNICACH","SPECIES","HEM","R.S.M.","30","W.C.I.","E","HEM2025",1,"Trichocentrum luridum",16.9305555555556,-93.41875,"2006-04-22","change1: Filled coordinateUncertaintyInMeters from decimal-place precision (conservative). | epi_taxo: acceptedName(match1); authorship_epig(match1); genus_from_scientificName; family_WFO; order_majorGroup_WCVP [2026-03-11] | CoordinateCleaner QA applied without sea test (validity, equal, zeros, capitals, centroids, gbif, institutions) [2026-03-29]","","Colección","R.S.M.","W.C.I."
"2064","HEM2025_2064","PreservedSpecimen","Coleccion",NA,"UNICACH","FORM","HEM","A.L.C.","122","W.C.I.","E","HEM2025",1,"Trichocentrum oerstedii",15.3733333333333,-92.6611111111111,"2005-09-15","change1: Corrected taxonRank (SPECIES→FORM); kept scientificName as-is. | change2: Filled coordinateUncertaintyInMeters from decimal-place precision (conservative). | epi_taxo: acceptedName(match1); authorship_epig(match1); genus_from_scientificName; family_WFO; order_majorGroup_WCVP [2026-03-11] | CoordinateCleaner QA applied without sea test (validity, equal, zeros, capitals, centroids, gbif, institutions) [2026-03-29]","","Colección","A.L.C.","W.C.I."
"2065","HEM2025_2065","PreservedSpecimen","Coleccion",NA,"UNICACH","FORM","HEM","A.L.C.","122-bis","W.C.I.","E","HEM2025",1,"Trichocentrum oerstedii",15.3733333333333,-92.6611111111111,"2005-09-15","change1: Corrected taxonRank (SPECIES→FORM); kept scientificName as-is. | change2: Filled coordinateUncertaintyInMeters from decimal-place precision (conservative). | epi_taxo: acceptedName(match1); authorship_epig(match1); genus_from_scientificName; family_WFO; order_majorGroup_WCVP [2026-03-11] | CoordinateCleaner QA applied without sea test (validity, equal, zeros, capitals, centroids, gbif, institutions) [2026-03-29]","","Colección","A.L.C.","W.C.I."
"2066","HEM2025_2066","PreservedSpecimen","Coleccion",NA,"UNICACH","SPECIES","HEM","Perez-Farrera, M.A.","565","W.C.I. | R.B.N. | Carnevali, G.","E","HEM2025",1,"Trichocentrum sierracaracolense",16.3441666666667,-93.6441666666667,"1995-07-17","change1: Filled coordinateUncertaintyInMeters from decimal-place precision (conservative). | epi_taxo: acceptedName(match1); authorship_epig(match1); genus_from_scientificName; family_WFO; order_majorGroup_WCVP [2026-03-11] | CoordinateCleaner QA applied without sea test (validity, equal, zeros, capitals, centroids, gbif, institutions) [2026-03-29]","standardized authors names in recordedBy / standardized authors names in identifiedBy","Colección","M.A. Pérez-Farrera","W.C.I. & R.B.N. & G. Carnevali"
"2067","HEM2025_2067","PreservedSpecimen","Coleccion",NA,"UNICACH","HYBRID","HEM","A.L.C.","254","W.C.I.","E","HEM2025",NA,"",15.3797222222222,-92.6541666666667,"2006-01-20","change1: Marked as HYBRID (scientificName preserved). | change2: Canonicalized scientificName to binomial and moved trailing authorship. | change3: Filled coordinateUncertaintyInMeters from decimal-place precision (conservative). | epi_taxo: acceptedName(match1); authorship_epig(match1); genus_from_scientificName; family_WFO; order_majorGroup_WCVP [2026-03-11] | CoordinateCleaner QA applied without sea test (validity, equal, zeros, capitals, centroids, gbif, institutions) [2026-03-29]","","Colección","A.L.C.","W.C.I."
"2068","HEM2025_2068","PreservedSpecimen","Coleccion",NA,"UNICACH","SPECIES","HEM","G.U. | E.M.S. | A.M.G.","23-bis","N.M.M.","E","HEM2025",1,"Lycaste aromatica",16.7944444444444,-93.1008333333333,"1987-02-18","change1: Filled coordinateUncertaintyInMeters from decimal-place precision (conservative). | epi_taxo: acceptedName(match1); authorship_epig(match1); genus_from_scientificName; family_WFO; order_majorGroup_WCVP [2026-03-11] | CoordinateCleaner QA applied without sea test (validity, equal, zeros, capitals, centroids, gbif, institutions) [2026-03-29]","standardized authors names in recordedBy","Colección","G.U. & E.M.S. & A.M.G.","N.M.M."
"2069","HEM2025_2069","PreservedSpecimen","Coleccion",NA,"UNICACH","SPECIES","HEM","G.U. | E.M.S. | A.M.G.","23-bis","N.M.M.","E","HEM2025",1,"Lycaste aromatica",16.7944444444444,-93.1008333333333,"1987-02-18","change1: Filled coordinateUncertaintyInMeters from decimal-place precision (conservative). | epi_taxo: acceptedName(match1); authorship_epig(match1); genus_from_scientificName; family_WFO; order_majorGroup_WCVP [2026-03-11] | CoordinateCleaner QA applied without sea test (validity, equal, zeros, capitals, centroids, gbif, institutions) [2026-03-29]","standardized authors names in recordedBy","Colección","G.U. & E.M.S. & A.M.G.","N.M.M."
"2070","HEM2025_2070","PreservedSpecimen","Coleccion",NA,"UNICACH","SPECIES","HEM","N.M.M.","1318","N.M.M.","E","HEM2025",1,"Lycaste aromatica",16.9243055555556,-93.4726666666667,"2006-03-16","change1: Filled coordinateUncertaintyInMeters from decimal-place precision (conservative). | epi_taxo: acceptedName(match1); authorship_epig(match1); genus_from_scientificName; family_WFO; order_majorGroup_WCVP [2026-03-11] | CoordinateCleaner QA applied without sea test (validity, equal, zeros, capitals, centroids, gbif, institutions) [2026-03-29]","","Colección","N.M.M.","N.M.M."
"2071","HEM2025_2071","PreservedSpecimen","Coleccion",NA,"UNICACH","SPECIES","HEM","N.M.M.","1251","N.M.M.","E","HEM2025",1,"Lycaste aromatica",16.8833333333333,-93.1105555555555,"2006-01-29","change1: Filled coordinateUncertaintyInMeters from decimal-place precision (conservative). | epi_taxo: acceptedName(match1); authorship_epig(match1); genus_from_scientificName; family_WFO; order_majorGroup_WCVP [2026-03-11] | CoordinateCleaner QA applied without sea test (validity, equal, zeros, capitals, centroids, gbif, institutions) [2026-03-29]","","Colección","N.M.M.","N.M.M."
"2072","HEM2025_2072","PreservedSpecimen","Coleccion",NA,"UNICACH","SPECIES","HEM","A.D.F.","1207","O.F.S.","E","HEM2025",1,"Lycaste aromatica",16.9797222222222,-91.5848888888889,"1999-05-20","change1: Filled coordinateUncertaintyInMeters from decimal-place precision (conservative). | epi_taxo: acceptedName(match1); authorship_epig(match1); genus_from_scientificName; family_WFO; order_majorGroup_WCVP [2026-03-11] | CoordinateCleaner QA applied without sea test (validity, equal, zeros, capitals, centroids, gbif, institutions) [2026-03-29]","","Colección","A.D.F.","O.F.S."
"2073","HEM2025_2073","PreservedSpecimen","Coleccion",NA,"UNICACH","SPECIES","HEM","T.E.C.C.","84","T.E.C.C","E","HEM2025",1,"Lycaste aromatica",16.7866111111111,-94.0265833333333,"2007-04-03","change1: Filled coordinateUncertaintyInMeters from decimal-place precision (conservative). | epi_taxo: acceptedName(match1); authorship_epig(match1); genus_from_scientificName; family_WFO; order_majorGroup_WCVP [2026-03-11] | CoordinateCleaner QA applied without sea test (validity, equal, zeros, capitals, centroids, gbif, institutions) [2026-03-29]","standardized authors names in recordedBy","Colección","T.E.C.C","T.E.C.C"
"2074","HEM2025_2074","PreservedSpecimen","Coleccion",NA,"UNICACH","SPECIES","HEM","J.M.M.","21","N.M.M.","E","HEM2025",1,"Lycaste aromatica",15.9527777777778,-93.2861111111111,"2002-03-08","change1: Filled coordinateUncertaintyInMeters from decimal-place precision (conservative). | epi_taxo: acceptedName(match1); authorship_epig(match1); genus_from_scientificName; family_WFO; order_majorGroup_WCVP [2026-03-11] | CoordinateCleaner QA applied without sea test (validity, equal, zeros, capitals, centroids, gbif, institutions) [2026-03-29]","","Colección","J.M.M.","N.M.M."
"2075","HEM2025_2075","PreservedSpecimen","Coleccion",NA,"UNICACH","SPECIES","HEM","G.U. | E.M.S. | A.M.G.","23","G.A.S.","E","HEM2025",1,"Lycaste aromatica",16.7944444444444,-93.1008333333333,"1987-02-18","change1: Filled coordinateUncertaintyInMeters from decimal-place precision (conservative). | epi_taxo: acceptedName(match1); authorship_epig(match1); genus_from_scientificName; family_WFO; order_majorGroup_WCVP [2026-03-11] | CoordinateCleaner QA applied without sea test (validity, equal, zeros, capitals, centroids, gbif, institutions) [2026-03-29]","standardized authors names in recordedBy","Colección","G.U. & E.M.S. & A.M.G.","G.A.S."
"2076","HEM2025_2076","PreservedSpecimen","Coleccion",NA,"UNICACH","SPECIES","HEM","G.U. | E.M.S. | A.M.G.","23","G.A.S.","E","HEM2025",1,"Lycaste aromatica",16.7944444444444,-93.1008333333333,"1987-02-18","change1: Filled coordinateUncertaintyInMeters from decimal-place precision (conservative). | epi_taxo: acceptedName(match1); authorship_epig(match1); genus_from_scientificName; family_WFO; order_majorGroup_WCVP [2026-03-11] | CoordinateCleaner QA applied without sea test (validity, equal, zeros, capitals, centroids, gbif, institutions) [2026-03-29]","standardized authors names in recordedBy","Colección","G.U. & E.M.S. & A.M.G.","G.A.S."
"2077","HEM2025_2077","PreservedSpecimen","Coleccion",NA,"UNICACH","SPECIES","HEM","J.M.M.","982","J.M.M.","E","HEM2025",1,"Lycaste cruenta",15.8059166666667,-93.0508055555556,"2005-06-06","change1: Filled coordinateUncertaintyInMeters from decimal-place precision (conservative). | epi_taxo: acceptedName(match1); authorship_epig(match1); genus_from_scientificName; family_WFO; order_majorGroup_WCVP [2026-03-11] | CoordinateCleaner QA applied without sea test (validity, equal, zeros, capitals, centroids, gbif, institutions) [2026-03-29]","","Colección","J.M.M.","J.M.M."
"2078","HEM2025_2078","PreservedSpecimen","Coleccion",NA,"UNICACH","SPECIES","HEM","H.R.E.","61","H.R.E.","E","HEM2025",1,"Lycaste cruenta",15.5490833333333,-92.6077222222222,"2005-07-21","change1: Filled coordinateUncertaintyInMeters from decimal-place precision (conservative). | epi_taxo: acceptedName(match1); authorship_epig(match1); genus_from_scientificName; family_WFO; order_majorGroup_WCVP [2026-03-11] | CoordinateCleaner QA applied without sea test (validity, equal, zeros, capitals, centroids, gbif, institutions) [2026-03-29]","","Colección","H.R.E.","H.R.E."
"2079","HEM2025_2079","PreservedSpecimen","Coleccion",NA,"UNICACH","SPECIES","HEM","E.M.L.","18","O.F.S.","E","HEM2025",1,"Lycaste cruenta",16.0008333333333,-93.4616666666667,"2002-03-02","change1: Filled coordinateUncertaintyInMeters from decimal-place precision (conservative). | epi_taxo: acceptedName(match1); authorship_epig(match1); genus_from_scientificName; family_WFO; order_majorGroup_WCVP [2026-03-11] | CoordinateCleaner QA applied without sea test (validity, equal, zeros, capitals, centroids, gbif, institutions) [2026-03-29]","","Colección","E.M.L.","O.F.S."
"2080","HEM2025_2080","PreservedSpecimen","Coleccion",NA,"UNICACH","SPECIES","HEM","J.M.M.","1365","C.A.P.B.","E","HEM2025",1,"Lycaste cruenta",16.2086111111111,-93.7144444444445,"2006-06-04","change1: Filled coordinateUncertaintyInMeters from decimal-place precision (conservative). | epi_taxo: acceptedName(match1); authorship_epig(match1); genus_from_scientificName; family_WFO; order_majorGroup_WCVP [2026-03-11] | CoordinateCleaner QA applied without sea test (validity, equal, zeros, capitals, centroids, gbif, institutions) [2026-03-29]","","Colección","J.M.M.","C.A.P.B."
"2081","HEM2025_2081","PreservedSpecimen","Coleccion",NA,"UNICACH","SPECIES","HEM","D.A.J.L. | M.M.M.","1","D.A.J.L. | N.M.M.","E","HEM2025",1,"Lycaste cruenta",15.1674166666667,-92.1498888888889,"2014-01-15","change1: Filled coordinateUncertaintyInMeters from decimal-place precision (conservative). | epi_taxo: acceptedName(match1); authorship_epig(match1); genus_from_scientificName; family_WFO; order_majorGroup_WCVP [2026-03-11] | CoordinateCleaner QA applied without sea test (validity, equal, zeros, capitals, centroids, gbif, institutions) [2026-03-29]","standardized authors names in recordedBy / standardized authors names in identifiedBy","Colección","D.A.J.L. & M.M.M.","D.A.J.L. & N.M.M."
"2082","HEM2025_2082","PreservedSpecimen","Coleccion",NA,"UNICACH","SPECIES","HEM","D.A.J.L. | M.M.M.","4","D.A.J.L. | N.M.M.","E","HEM2025",1,"Lycaste cruenta",15.1674166666667,-92.1498888888889,"2014-01-16","change1: Filled coordinateUncertaintyInMeters from decimal-place precision (conservative). | epi_taxo: acceptedName(match1); authorship_epig(match1); genus_from_scientificName; family_WFO; order_majorGroup_WCVP [2026-03-11] | CoordinateCleaner QA applied without sea test (validity, equal, zeros, capitals, centroids, gbif, institutions) [2026-03-29]","standardized authors names in recordedBy / standardized authors names in identifiedBy","Colección","D.A.J.L. & M.M.M.","D.A.J.L. & N.M.M."
"2083","HEM2025_2083","PreservedSpecimen","Coleccion",NA,"UNICACH","SPECIES","HEM","D.A.J.L. | M.M.M.","7","D.A.J.L. | N.M.M.","E","HEM2025",1,"Lycaste cruenta",15.1621666666667,-92.1458611111111,"2014-01-19","change1: Filled coordinateUncertaintyInMeters from decimal-place precision (conservative). | epi_taxo: acceptedName(match1); authorship_epig(match1); genus_from_scientificName; family_WFO; order_majorGroup_WCVP [2026-03-11] | CoordinateCleaner QA applied without sea test (validity, equal, zeros, capitals, centroids, gbif, institutions) [2026-03-29]","standardized authors names in recordedBy / standardized authors names in identifiedBy","Colección","D.A.J.L. & M.M.M.","D.A.J.L. & N.M.M."
"2084","HEM2025_2084","PreservedSpecimen","Coleccion",NA,"UNICACH","SPECIES","HEM","D.A.J.L. | M.M.M.","10","D.A.J.L. | N.M.M.","E","HEM2025",1,"Lycaste cruenta",15.1621666666667,-92.1458611111111,"2014-01-17","change1: Filled coordinateUncertaintyInMeters from decimal-place precision (conservative). | epi_taxo: acceptedName(match1); authorship_epig(match1); genus_from_scientificName; family_WFO; order_majorGroup_WCVP [2026-03-11] | CoordinateCleaner QA applied without sea test (validity, equal, zeros, capitals, centroids, gbif, institutions) [2026-03-29]","standardized authors names in recordedBy / standardized authors names in identifiedBy","Colección","D.A.J.L. & M.M.M.","D.A.J.L. & N.M.M."
"2085","HEM2025_2085","PreservedSpecimen","Coleccion",NA,"UNICACH","SPECIES","HEM","J.C.R.","210","Perez-Farrera, M.A.","E","HEM2025",1,"Lycaste deppei",15.855,-93.1397222222222,"2000-03-22","change1: Filled coordinateUncertaintyInMeters from decimal-place precision (conservative). | epi_taxo: acceptedName(match1); authorship_epig(match1); genus_from_scientificName; family_WFO; order_majorGroup_WCVP [2026-03-11] | CoordinateCleaner QA applied without sea test (validity, equal, zeros, capitals, centroids, gbif, institutions) [2026-03-29]","standardized authors names in identifiedBy","Colección","J.C.R.","M.A. Pérez-Farrera"
"2086","HEM2025_2086","PreservedSpecimen","Coleccion",NA,"UNICACH","SPECIES","HEM","M.M.M. | M.C.R.M.","5213","N.M.M.","E","HEM2025",1,"Macroclinium bicolor",15.1063611111111,-92.1741944444445,"2014-09-18","change1: Filled coordinateUncertaintyInMeters from decimal-place precision (conservative). | epi_taxo: acceptedName(match1); authorship_epig(match1); genus_from_scientificName; family_WFO; order_majorGroup_WCVP [2026-03-11] | CoordinateCleaner QA applied without sea test (validity, equal, zeros, capitals, centroids, gbif, institutions) [2026-03-29]","standardized authors names in recordedBy","Colección","M.M.M. & M.C.R.M.","N.M.M."
"2087","HEM2025_2087","PreservedSpecimen","Coleccion",NA,"UNICACH","SPECIES","HEM","M.D.R.S.","308","N.M.M.","E","HEM2025",1,"Maxillaria cucullata",15.5976388888889,-92.6570277777778,"2005-07-22","change1: Filled coordinateUncertaintyInMeters from decimal-place precision (conservative). | epi_taxo: acceptedName(match1); authorship_epig(match1); genus_from_scientificName; family_WFO; order_majorGroup_WCVP [2026-03-11] | CoordinateCleaner QA applied without sea test (validity, equal, zeros, capitals, centroids, gbif, institutions) [2026-03-29]","","Colección","M.D.R.S.","N.M.M."
"2088","HEM2025_2088","PreservedSpecimen","Coleccion",NA,"UNICACH","SPECIES","HEM","H.R.E.","54","H.R.E.","E","HEM2025",1,"Maxillaria cucullata",15.5490833333333,-92.6077222222222,"2005-07-21","change1: Filled coordinateUncertaintyInMeters from decimal-place precision (conservative). | epi_taxo: acceptedName(match1); authorship_epig(match1); genus_from_scientificName; family_WFO; order_majorGroup_WCVP [2026-03-11] | CoordinateCleaner QA applied without sea test (validity, equal, zeros, capitals, centroids, gbif, institutions) [2026-03-29]","","Colección","H.R.E.","H.R.E."
"2089","HEM2025_2089","PreservedSpecimen","Coleccion",NA,"UNICACH","SPECIES","HEM","J.M.M.","1220","N.M.M.","E","HEM2025",1,"Maxillaria cucullata",15.5105555555556,-92.6780555555556,"2006-03-23","change1: Filled coordinateUncertaintyInMeters from decimal-place precision (conservative). | epi_taxo: acceptedName(match1); authorship_epig(match1); genus_from_scientificName; family_WFO; order_majorGroup_WCVP [2026-03-11] | CoordinateCleaner QA applied without sea test (validity, equal, zeros, capitals, centroids, gbif, institutions) [2026-03-29]","","Colección","J.M.M.","N.M.M."
"2090","HEM2025_2090","PreservedSpecimen","Coleccion",NA,"UNICACH","SPECIES","HEM","C.A.P.B.","206","N.M.M.","E","HEM2025",1,"Maxillaria cucullata",15.7441416666667,-93.0340888888889,"","change1: Filled coordinateUncertaintyInMeters from decimal-place precision (conservative). | epi_taxo: acceptedName(match1); authorship_epig(match1); genus_from_scientificName; family_WFO; order_majorGroup_WCVP [2026-03-11] | CoordinateCleaner QA applied without sea test (validity, equal, zeros, capitals, centroids, gbif, institutions) [2026-03-29]","","Colección","C.A.P.B.","N.M.M."
"2091","HEM2025_2091","PreservedSpecimen","Coleccion",NA,"UNICACH","SPECIES","HEM","C.A.P.B.","175","C.A.P.B.","E","HEM2025",1,"Maxillaria cucullata",15.5756944444444,-92.5801388888889,"2006-08-17","change1: Filled coordinateUncertaintyInMeters from decimal-place precision (conservative). | epi_taxo: acceptedName(match1); authorship_epig(match1); genus_from_scientificName; family_WFO; order_majorGroup_WCVP [2026-03-11] | CoordinateCleaner QA applied without sea test (validity, equal, zeros, capitals, centroids, gbif, institutions) [2026-03-29]","","Colección","C.A.P.B.","C.A.P.B."
"2092","HEM2025_2092","PreservedSpecimen","Coleccion",NA,"UNICACH","SPECIES","HEM","N.M.M.","2155","N.M.M.","E","HEM2025",1,"Maxillaria cucullata",16.7866111111111,-94.0265833333333,"2007-11-14","change1: Filled coordinateUncertaintyInMeters from decimal-place precision (conservative). | epi_taxo: acceptedName(match1); authorship_epig(match1); genus_from_scientificName; family_WFO; order_majorGroup_WCVP [2026-03-11] | CoordinateCleaner QA applied without sea test (validity, equal, zeros, capitals, centroids, gbif, institutions) [2026-03-29]","","Colección","N.M.M.","N.M.M."
"2093","HEM2025_2093","PreservedSpecimen","Coleccion",NA,"UNICACH","SPECIES","HEM","M.M.M. | M.A.D.V.","985","N.M.M. | J.M.M.","E","HEM2025",1,"Maxillaria cucullata",15.2396666666667,-92.2612222222222,"2013-03-05","change1: Filled coordinateUncertaintyInMeters from decimal-place precision (conservative). | epi_taxo: acceptedName(match1); authorship_epig(match1); genus_from_scientificName; family_WFO; order_majorGroup_WCVP [2026-03-11] | CoordinateCleaner QA applied without sea test (validity, equal, zeros, capitals, centroids, gbif, institutions) [2026-03-29]","standardized authors names in recordedBy / standardized authors names in identifiedBy","Colección","M.M.M. & M.A.D.V.","N.M.M. & J.M.M."
"2094","HEM2025_2094","PreservedSpecimen","Coleccion",NA,"UNICACH","SPECIES","HEM","N.M.M. | M.M.M. | E.C.N.","4045","N.M.M. | Camilo, R.M.","E","HEM2025",1,"Maxillaria cucullata",15.1146388888889,-92.1527222222222,"2015-03-12","change1: Filled coordinateUncertaintyInMeters from decimal-place precision (conservative). | epi_taxo: acceptedName(match1); authorship_epig(match1); genus_from_scientificName; family_WFO; order_majorGroup_WCVP [2026-03-11] | CoordinateCleaner QA applied without sea test (validity, equal, zeros, capitals, centroids, gbif, institutions) [2026-03-29]","standardized authors names in recordedBy / standardized authors names in identifiedBy","Colección","N.M.M. & M.M.M. & E.C.N.","N.M.M. & R.M. Camilo"
"2095","HEM2025_2095","PreservedSpecimen","Coleccion",NA,"UNICACH","SPECIES","HEM","M.M.M. | D.A.J.L. | R.J.R.V.","5515","N.M.M.","E","HEM2025",1,"Maxillaria cucullata",15.1179722222222,-92.1553333333333,"2015-03-26","change1: Filled coordinateUncertaintyInMeters from decimal-place precision (conservative). | epi_taxo: acceptedName(match1); authorship_epig(match1); genus_from_scientificName; family_WFO; order_majorGroup_WCVP [2026-03-11] | CoordinateCleaner QA applied without sea test (validity, equal, zeros, capitals, centroids, gbif, institutions) [2026-03-29]","standardized authors names in recordedBy","Colección","M.M.M. & D.A.J.L. & R.J.R.V.","N.M.M."
"2096","HEM2025_2096","PreservedSpecimen","Coleccion",NA,"UNICACH","SPECIES","HEM","M.M.M. | S.H.J. | J.A.B.B.","5838","N.M.M.","E","HEM2025",1,"Maxillaria cucullata",15.2288611111111,-92.3057777777778,"2015-05-02","change1: Filled coordinateUncertaintyInMeters from decimal-place precision (conservative). | epi_taxo: acceptedName(match1); authorship_epig(match1); genus_from_scientificName; family_WFO; order_majorGroup_WCVP [2026-03-11] | CoordinateCleaner QA applied without sea test (validity, equal, zeros, capitals, centroids, gbif, institutions) [2026-03-29]","standardized authors names in recordedBy","Colección","M.M.M. & S.H.J. & J.A.B.B.","N.M.M."
"2097","HEM2025_2097","PreservedSpecimen","Coleccion",NA,"UNICACH","SPECIES","HEM","M.M.M. | S.H.J. | J.A.B.B.","5794","N.M.M.","E","HEM2025",1,"Maxillaria cucullata",15.2348888888889,-92.30525,"2015-05-01","change1: Filled coordinateUncertaintyInMeters from decimal-place precision (conservative). | epi_taxo: acceptedName(match1); authorship_epig(match1); genus_from_scientificName; family_WFO; order_majorGroup_WCVP [2026-03-11] | CoordinateCleaner QA applied without sea test (validity, equal, zeros, capitals, centroids, gbif, institutions) [2026-03-29]","standardized authors names in recordedBy","Colección","M.M.M. & S.H.J. & J.A.B.B.","N.M.M."
"2098","HEM2025_2098","PreservedSpecimen","Coleccion",NA,"UNICACH","SPECIES","HEM","Perez-Farrera, M.A.","207","Perez-Farrera, M.A.","E","HEM2025",1,"Maxillaria cucullata",16.1533333333333,-93.5961111111111,"1995-03-16","change1: Filled coordinateUncertaintyInMeters from decimal-place precision (conservative). | epi_taxo: acceptedName(match1); authorship_epig(match1); genus_from_scientificName; family_WFO; order_majorGroup_WCVP [2026-03-11] | CoordinateCleaner QA applied without sea test (validity, equal, zeros, capitals, centroids, gbif, institutions) [2026-03-29]","standardized authors names in recordedBy / standardized authors names in identifiedBy","Colección","M.A. Pérez-Farrera","M.A. Pérez-Farrera"
"2099","HEM2025_2099","PreservedSpecimen","Coleccion",NA,"UNICACH","SPECIES","HEM","Perez-Farrera, M.A.","247","Cachon, T.C.","E","HEM2025",1,"Maxillaria cucullata",16.2272222222222,-93.5808333333333,"1995-03-04","change1: Filled coordinateUncertaintyInMeters from decimal-place precision (conservative). | epi_taxo: acceptedName(match1); authorship_epig(match1); genus_from_scientificName; family_WFO; order_majorGroup_WCVP [2026-03-11] | CoordinateCleaner QA applied without sea test (validity, equal, zeros, capitals, centroids, gbif, institutions) [2026-03-29]","standardized authors names in recordedBy / standardized authors names in identifiedBy","Colección","M.A. Pérez-Farrera","T.C. Cachón"
"2100","HEM2025_2100","PreservedSpecimen","Coleccion",NA,"UNICACH","SPECIES","HEM","J.C.S. | A.R.G. | M.E.L.V. | Cruz, D.","22855","M.A.S.A.","E","HEM2025",1,"Maxillaria cucullata",16.2,-93.6041666666667,"2002-04-19","change1: Filled coordinateUncertaintyInMeters from decimal-place precision (conservative). | epi_taxo: acceptedName(match1); authorship_epig(match1); genus_from_scientificName; family_WFO; order_majorGroup_WCVP [2026-03-11] | CoordinateCleaner QA applied without sea test (validity, equal, zeros, capitals, centroids, gbif, institutions) [2026-03-29]","standardized authors names in recordedBy","Colección","J.C.S. & A.R.G. & M.E.L.V. & D.Cruz","M.A.S.A."
"2101","HEM2025_2101","PreservedSpecimen","Coleccion",NA,"UNICACH","SPECIES","HEM","N.M.M.","674","N.M.M.","E","HEM2025",1,"Maxillaria cucullata",15.6358666666667,-92.6445,"2005-01-18","change1: Filled coordinateUncertaintyInMeters from decimal-place precision (conservative). | epi_taxo: acceptedName(match1); authorship_epig(match1); genus_from_scientificName; family_WFO; order_majorGroup_WCVP [2026-03-11] | CoordinateCleaner QA applied without sea test (validity, equal, zeros, capitals, centroids, gbif, institutions) [2026-03-29]","","Colección","N.M.M.","N.M.M."
"2102","HEM2025_2102","PreservedSpecimen","Coleccion",NA,"UNICACH","SPECIES","HEM","J.M.M.","646","J.M.M.","E","HEM2025",1,"Maxillaria densa",15.77425,-93.0506111111111,"2004-12-13","change1: Filled coordinateUncertaintyInMeters from decimal-place precision (conservative). | epi_taxo: acceptedName(match1); authorship_epig(match1); genus_from_scientificName; family_WFO; order_majorGroup_WCVP [2026-03-11] | CoordinateCleaner QA applied without sea test (validity, equal, zeros, capitals, centroids, gbif, institutions) [2026-03-29]","","Colección","J.M.M.","J.M.M."
"2103","HEM2025_2103","PreservedSpecimen","Coleccion",NA,"UNICACH","SPECIES","HEM","R.S.M.","25-bis","R.S.M.","E","HEM2025",1,"Maxillaria densa",16.7478055555556,-93.3515555555555,"2006-04-25","change1: Filled coordinateUncertaintyInMeters from decimal-place precision (conservative). | epi_taxo: acceptedName(match1); authorship_epig(match1); genus_from_scientificName; family_WFO; order_majorGroup_WCVP [2026-03-11] | CoordinateCleaner QA applied without sea test (validity, equal, zeros, capitals, centroids, gbif, institutions) [2026-03-29]","","Colección","R.S.M.","R.S.M."
"2104","HEM2025_2104","PreservedSpecimen","Coleccion",NA,"UNICACH","SPECIES","HEM","N.M.M.","1772","N.M.M.","E","HEM2025",1,"Maxillaria densa",15.7230555555556,-93.0013888888889,"2006-10-13","change1: Filled coordinateUncertaintyInMeters from decimal-place precision (conservative). | epi_taxo: acceptedName(match1); authorship_epig(match1); genus_from_scientificName; family_WFO; order_majorGroup_WCVP [2026-03-11] | CoordinateCleaner QA applied without sea test (validity, equal, zeros, capitals, centroids, gbif, institutions) [2026-03-29]","","Colección","N.M.M.","N.M.M."
"2105","HEM2025_2105","PreservedSpecimen","Coleccion",NA,"UNICACH","SPECIES","HEM","N.J.M.G.","101","N.J.M.G.","E","HEM2025",1,"Maxillaria densa",15.8481944444444,-93.0384166666667,"2006-12-20","change1: Filled coordinateUncertaintyInMeters from decimal-place precision (conservative). | epi_taxo: acceptedName(match1); authorship_epig(match1); genus_from_scientificName; family_WFO; order_majorGroup_WCVP [2026-03-11] | CoordinateCleaner QA applied without sea test (validity, equal, zeros, capitals, centroids, gbif, institutions) [2026-03-29]","","Colección","N.J.M.G.","N.J.M.G."
"2106","HEM2025_2106","PreservedSpecimen","Coleccion",NA,"UNICACH","SPECIES","HEM","N.J.M.G.","125","N.J.M.G.","E","HEM2025",1,"Maxillaria densa",15.8498055555556,-93.05125,"2006-12-19","change1: Filled coordinateUncertaintyInMeters from decimal-place precision (conservative). | epi_taxo: acceptedName(match1); authorship_epig(match1); genus_from_scientificName; family_WFO; order_majorGroup_WCVP [2026-03-11] | CoordinateCleaner QA applied without sea test (validity, equal, zeros, capitals, centroids, gbif, institutions) [2026-03-29]","","Colección","N.J.M.G.","N.J.M.G."
"2107","HEM2025_2107","PreservedSpecimen","Coleccion",NA,"UNICACH","SPECIES","HEM","J.M.M.","1562","J.M.M.","E","HEM2025",1,"Maxillaria densa",15.4261388888889,-92.629,"2006-11-14","change1: Filled coordinateUncertaintyInMeters from decimal-place precision (conservative). | epi_taxo: acceptedName(match1); authorship_epig(match1); genus_from_scientificName; family_WFO; order_majorGroup_WCVP [2026-03-11] | CoordinateCleaner QA applied without sea test (validity, equal, zeros, capitals, centroids, gbif, institutions) [2026-03-29]","","Colección","J.M.M.","J.M.M."
"2108","HEM2025_2108","PreservedSpecimen","Coleccion",NA,"UNICACH","SPECIES","HEM","Chagala, J.L.","90","Chagala, J.L.","E","HEM2025",1,"Maxillaria densa",15.5750277777778,-92.7436944444444,"","change1: Filled coordinateUncertaintyInMeters from decimal-place precision (conservative). | epi_taxo: acceptedName(match1); authorship_epig(match1); genus_from_scientificName; family_WFO; order_majorGroup_WCVP [2026-03-11] | CoordinateCleaner QA applied without sea test (validity, equal, zeros, capitals, centroids, gbif, institutions) [2026-03-29]","standardized authors names in recordedBy / standardized authors names in identifiedBy","Colección","J.L. Chagala","J.L. Chagala"
"2109","HEM2025_2109","PreservedSpecimen","Coleccion",NA,"UNICACH","SPECIES","HEM","T.E.C.C.","60","T.E.C.C","E","HEM2025",1,"Maxillaria densa",16.7850277777778,-94.0238444444444,"2007-01-25","change1: Filled coordinateUncertaintyInMeters from decimal-place precision (conservative). | epi_taxo: acceptedName(match1); authorship_epig(match1); genus_from_scientificName; family_WFO; order_majorGroup_WCVP [2026-03-11] | CoordinateCleaner QA applied without sea test (validity, equal, zeros, capitals, centroids, gbif, institutions) [2026-03-29]","standardized authors names in recordedBy","Colección","T.E.C.C","T.E.C.C"
"2110","HEM2025_2110","PreservedSpecimen","Coleccion",NA,"UNICACH","SPECIES","HEM","J.A.E.J.","591","J.A.E.J.","E","HEM2025",1,"Maxillaria densa",16.83175,-93.0791666666667,"2008-01-17","change1: Filled coordinateUncertaintyInMeters from decimal-place precision (conservative). | epi_taxo: acceptedName(match1); authorship_epig(match1); genus_from_scientificName; family_WFO; order_majorGroup_WCVP [2026-03-11] | CoordinateCleaner QA applied without sea test (validity, equal, zeros, capitals, centroids, gbif, institutions) [2026-03-29]","","Colección","J.A.E.J.","J.A.E.J."
"2111","HEM2025_2111","PreservedSpecimen","Coleccion",NA,"UNICACH","SPECIES","HEM","M.M.M. | M.A.D.V.","984","N.M.M. | J.M.M.","E","HEM2025",1,"Maxillaria densa",15.2396666666667,-92.2612222222222,"2013-03-05","change1: Filled coordinateUncertaintyInMeters from decimal-place precision (conservative). | epi_taxo: acceptedName(match1); authorship_epig(match1); genus_from_scientificName; family_WFO; order_majorGroup_WCVP [2026-03-11] | CoordinateCleaner QA applied without sea test (validity, equal, zeros, capitals, centroids, gbif, institutions) [2026-03-29]","standardized authors names in recordedBy / standardized authors names in identifiedBy","Colección","M.M.M. & M.A.D.V.","N.M.M. & J.M.M."
"2112","HEM2025_2112","PreservedSpecimen","Coleccion",NA,"UNICACH","SPECIES","HEM","P.C. | V.M.","6","G.A.S.","E","HEM2025",1,"Maxillaria densa",15.6805555555556,-92.5958333333333,"1998-06-23","change1: Filled coordinateUncertaintyInMeters from decimal-place precision (conservative). | epi_taxo: acceptedName(match1); authorship_epig(match1); genus_from_scientificName; family_WFO; order_majorGroup_WCVP [2026-03-11] | CoordinateCleaner QA applied without sea test (validity, equal, zeros, capitals, centroids, gbif, institutions) [2026-03-29]","standardized authors names in recordedBy","Colección","P.C. & V.M.","G.A.S."
"2113","HEM2025_2113","PreservedSpecimen","Coleccion",NA,"UNICACH","SPECIES","HEM","P.C. | V.M.","55","G.A.S.","E","HEM2025",1,"Maxillaria densa",15.3944444444444,-92.6166666666667,"1998-11-27","change1: Filled coordinateUncertaintyInMeters from decimal-place precision (conservative). | epi_taxo: acceptedName(match1); authorship_epig(match1); genus_from_scientificName; family_WFO; order_majorGroup_WCVP [2026-03-11] | CoordinateCleaner QA applied without sea test (validity, equal, zeros, capitals, centroids, gbif, institutions) [2026-03-29]","standardized authors names in recordedBy","Colección","P.C. & V.M.","G.A.S."
"2114","HEM2025_2114","PreservedSpecimen","Coleccion",NA,"UNICACH","SPECIES","HEM","N.M.M.","473","C.R.B.B.","E","HEM2025",1,"Maxillaria densa",16.7608333333333,-93.3941666666667,"2001-08-25","change1: Filled coordinateUncertaintyInMeters from decimal-place precision (conservative). | epi_taxo: acceptedName(match1); authorship_epig(match1); genus_from_scientificName; family_WFO; order_majorGroup_WCVP [2026-03-11] | CoordinateCleaner QA applied without sea test (validity, equal, zeros, capitals, centroids, gbif, institutions) [2026-03-29]","","Colección","N.M.M.","C.R.B.B."
"2115","HEM2025_2115","PreservedSpecimen","Coleccion",NA,"UNICACH","FORM","HEM","N.M.M.","1303","N.M.M.","E","HEM2025",1,"Maxillaria elatior",16.9243055555556,-93.4726666666667,"2006-03-16","change1: Corrected taxonRank (SPECIES→FORM); kept scientificName as-is. | change2: Filled coordinateUncertaintyInMeters from decimal-place precision (conservative). | epi_taxo: acceptedName(match1); authorship_epig(match1); genus_from_scientificName; family_WFO; order_majorGroup_WCVP [2026-03-11] | CoordinateCleaner QA applied without sea test (validity, equal, zeros, capitals, centroids, gbif, institutions) [2026-03-29]","","Colección","N.M.M.","N.M.M."
"2116","HEM2025_2116","PreservedSpecimen","Coleccion",NA,"UNICACH","FORM","HEM","T.E.C.C.","57","T.E.C.C","E","HEM2025",1,"Maxillaria elatior",16.7850277777778,-94.0238444444444,"2007-01-25","change1: Corrected taxonRank (SPECIES→FORM); kept scientificName as-is. | change2: Filled coordinateUncertaintyInMeters from decimal-place precision (conservative). | epi_taxo: acceptedName(match1); authorship_epig(match1); genus_from_scientificName; family_WFO; order_majorGroup_WCVP [2026-03-11] | CoordinateCleaner QA applied without sea test (validity, equal, zeros, capitals, centroids, gbif, institutions) [2026-03-29]","standardized authors names in recordedBy","Colección","T.E.C.C","T.E.C.C"
"2117","HEM2025_2117","PreservedSpecimen","Coleccion",NA,"UNICACH","FORM","HEM","Perez-Farrera, M.A.","1454","Carnevali, G.","E","HEM2025",1,"Maxillaria elatior",16.7027777777778,-91.9930555555556,"1996-11-28","change1: Corrected taxonRank (SPECIES→FORM); kept scientificName as-is. | change2: Filled coordinateUncertaintyInMeters from decimal-place precision (conservative). | epi_taxo: acceptedName(match1); authorship_epig(match1); genus_from_scientificName; family_WFO; order_majorGroup_WCVP [2026-03-11] | CoordinateCleaner QA applied without sea test (validity, equal, zeros, capitals, centroids, gbif, institutions) [2026-03-29]","standardized authors names in recordedBy / standardized authors names in identifiedBy","Colección","M.A. Pérez-Farrera","G. Carnevali"
"2118","HEM2025_2118","PreservedSpecimen","Coleccion",NA,"UNICACH","FORM","HEM","Perez-Farrera, M.A.","1454","Carnevali, G.","E","HEM2025",1,"Maxillaria elatior",16.7027777777778,-91.9930555555556,"1996-11-28","change1: Corrected taxonRank (SPECIES→FORM); kept scientificName as-is. | change2: Filled coordinateUncertaintyInMeters from decimal-place precision (conservative). | epi_taxo: acceptedName(match1); authorship_epig(match1); genus_from_scientificName; family_WFO; order_majorGroup_WCVP [2026-03-11] | CoordinateCleaner QA applied without sea test (validity, equal, zeros, capitals, centroids, gbif, institutions) [2026-03-29]","standardized authors names in recordedBy / standardized authors names in identifiedBy","Colección","M.A. Pérez-Farrera","G. Carnevali"
"2119","HEM2025_2119","PreservedSpecimen","Coleccion",NA,"UNICACH","SPECIES","HEM","M.D.R.S.","312","C.R.B.B.","E","HEM2025",1,"Maxillaria hagsateriana",15.5976388888889,-92.6570277777778,"2005-07-22","change1: Filled coordinateUncertaintyInMeters from decimal-place precision (conservative). | epi_taxo: acceptedName(match1); authorship_epig(match1); genus_from_scientificName; family_WFO; order_majorGroup_WCVP [2026-03-11] | CoordinateCleaner QA applied without sea test (validity, equal, zeros, capitals, centroids, gbif, institutions) [2026-03-29]","","Colección","M.D.R.S.","C.R.B.B."
"2120","HEM2025_2120","PreservedSpecimen","Coleccion",NA,"UNICACH","SPECIES","HEM","M.D.R.S.","199","R.R.S.","E","HEM2025",1,"Maxillaria hagsateriana",15.6260555555556,-92.6291944444444,"2005-06-15","change1: Filled coordinateUncertaintyInMeters from decimal-place precision (conservative). | epi_taxo: acceptedName(match1); authorship_epig(match1); genus_from_scientificName; family_WFO; order_majorGroup_WCVP [2026-03-11] | CoordinateCleaner QA applied without sea test (validity, equal, zeros, capitals, centroids, gbif, institutions) [2026-03-29]","","Colección","M.D.R.S.","R.R.S."
"2121","HEM2025_2121","PreservedSpecimen","Coleccion",NA,"UNICACH","SPECIES","HEM","H.G.D.","1406","C.R.B.B.","E","HEM2025",1,"Maxillaria hagsateriana",15.5768055555556,-92.7096111111111,"","change1: Filled coordinateUncertaintyInMeters from decimal-place precision (conservative). | epi_taxo: acceptedName(match1); authorship_epig(match1); genus_from_scientificName; family_WFO; order_majorGroup_WCVP [2026-03-11] | CoordinateCleaner QA applied without sea test (validity, equal, zeros, capitals, centroids, gbif, institutions) [2026-03-29]","","Colección","H.G.D.","C.R.B.B."
"2122","HEM2025_2122","PreservedSpecimen","Coleccion",NA,"UNICACH","SPECIES","HEM","N.M.M.","109","Carnevali, G.","E","HEM2025",1,"Maxillaria hagsateriana",15.7227777777778,-92.9436111111111,"2001-08-31","change1: Filled coordinateUncertaintyInMeters from decimal-place precision (conservative). | epi_taxo: acceptedName(match1); authorship_epig(match1); genus_from_scientificName; family_WFO; order_majorGroup_WCVP [2026-03-11] | CoordinateCleaner QA applied without sea test (validity, equal, zeros, capitals, centroids, gbif, institutions) [2026-03-29]","standardized authors names in identifiedBy","Colección","N.M.M.","G. Carnevali"
"2123","HEM2025_2123","PreservedSpecimen","Coleccion",NA,"UNICACH","SPECIES","HEM","C.A.P.B.","174","C.A.P.B.","E","HEM2025",1,"Maxillaria hagsateriana",15.5756944444444,-92.5801388888889,"2006-08-17","change1: Filled coordinateUncertaintyInMeters from decimal-place precision (conservative). | epi_taxo: acceptedName(match1); authorship_epig(match1); genus_from_scientificName; family_WFO; order_majorGroup_WCVP [2026-03-11] | CoordinateCleaner QA applied without sea test (validity, equal, zeros, capitals, centroids, gbif, institutions) [2026-03-29]","","Colección","C.A.P.B.","C.A.P.B."
"2124","HEM2025_2124","PreservedSpecimen","Coleccion",NA,"UNICACH","SPECIES","HEM","N.M.M.","87","G.A.S.","E","HEM2025",1,"Maxillaria hagsateriana",15.7727777777778,-93.09,"2001-07-17","change1: Filled coordinateUncertaintyInMeters from decimal-place precision (conservative). | epi_taxo: acceptedName(match1); authorship_epig(match1); genus_from_scientificName; family_WFO; order_majorGroup_WCVP [2026-03-11] | CoordinateCleaner QA applied without sea test (validity, equal, zeros, capitals, centroids, gbif, institutions) [2026-03-29]","","Colección","N.M.M.","G.A.S."
"2125","HEM2025_2125","PreservedSpecimen","Coleccion",NA,"UNICACH","SPECIES","HEM","M.M.M. | A.L.C.","4916","N.M.M.","E","HEM2025",1,"Maxillaria hagsateriana",15.0976111111111,-92.168,"2014-08-16","change1: Filled coordinateUncertaintyInMeters from decimal-place precision (conservative). | epi_taxo: acceptedName(match1); authorship_epig(match1); genus_from_scientificName; family_WFO; order_majorGroup_WCVP [2026-03-11] | CoordinateCleaner QA applied without sea test (validity, equal, zeros, capitals, centroids, gbif, institutions) [2026-03-29]","standardized authors names in recordedBy","Colección","M.M.M. & A.L.C.","N.M.M."
"2126","HEM2025_2126","PreservedSpecimen","Coleccion",NA,"UNICACH","SPECIES","HEM","M.M.M. | A.L.C.","5014","N.M.M.","E","HEM2025",1,"Maxillaria hagsateriana",15.10025,-92.1743333333333,"2014-08-18","change1: Filled coordinateUncertaintyInMeters from decimal-place precision (conservative). | epi_taxo: acceptedName(match1); authorship_epig(match1); genus_from_scientificName; family_WFO; order_majorGroup_WCVP [2026-03-11] | CoordinateCleaner QA applied without sea test (validity, equal, zeros, capitals, centroids, gbif, institutions) [2026-03-29]","standardized authors names in recordedBy","Colección","M.M.M. & A.L.C.","N.M.M."
"2127","HEM2025_2127","PreservedSpecimen","Coleccion",NA,"UNICACH","SPECIES","HEM","M.M.M. | M.C.R.M.","5082","N.M.M.","E","HEM2025",1,"Maxillaria hagsateriana",15.0993611111111,-92.1659722222222,"2014-09-16","change1: Filled coordinateUncertaintyInMeters from decimal-place precision (conservative). | epi_taxo: acceptedName(match1); authorship_epig(match1); genus_from_scientificName; family_WFO; order_majorGroup_WCVP [2026-03-11] | CoordinateCleaner QA applied without sea test (validity, equal, zeros, capitals, centroids, gbif, institutions) [2026-03-29]","standardized authors names in recordedBy","Colección","M.M.M. & M.C.R.M.","N.M.M."
"2128","HEM2025_2128","PreservedSpecimen","Coleccion",NA,"UNICACH","SPECIES","HEM","J.M.M.","812","J.M.M.","E","HEM2025",1,"Maxillaria meleagris",15.8213888888889,-93.0488888888889,"2005-04-22","change1: Filled coordinateUncertaintyInMeters from decimal-place precision (conservative). | epi_taxo: acceptedName(match1); authorship_epig(match1); genus_from_scientificName; family_WFO; order_majorGroup_WCVP [2026-03-11] | CoordinateCleaner QA applied without sea test (validity, equal, zeros, capitals, centroids, gbif, institutions) [2026-03-29]","","Colección","J.M.M.","J.M.M."
"2129","HEM2025_2129","PreservedSpecimen","Coleccion",NA,"UNICACH","SPECIES","HEM","C.A.P.B.","50","C.A.P.B.","E","HEM2025",1,"Maxillaria meleagris",16.1963888888889,-93.6077777777778,"2005-07-03","change1: Filled coordinateUncertaintyInMeters from decimal-place precision (conservative). | epi_taxo: acceptedName(match1); authorship_epig(match1); genus_from_scientificName; family_WFO; order_majorGroup_WCVP [2026-03-11] | CoordinateCleaner QA applied without sea test (validity, equal, zeros, capitals, centroids, gbif, institutions) [2026-03-29]","","Colección","C.A.P.B.","C.A.P.B."
"2130","HEM2025_2130","PreservedSpecimen","Coleccion",NA,"UNICACH","SPECIES","HEM","N.M.M.","49-BIS","Carnevali, G.","E","HEM2025",1,"Maxillaria meleagris",15.7,-92.9361111111111,"2001-05-01","change1: Filled coordinateUncertaintyInMeters from decimal-place precision (conservative). | epi_taxo: acceptedName(match1); authorship_epig(match1); genus_from_scientificName; family_WFO; order_majorGroup_WCVP [2026-03-11] | CoordinateCleaner QA applied without sea test (validity, equal, zeros, capitals, centroids, gbif, institutions) [2026-03-29]","standardized authors names in identifiedBy","Colección","N.M.M.","G. Carnevali"
"2131","HEM2025_2131","PreservedSpecimen","Coleccion",NA,"UNICACH","SPECIES","HEM","N.M.M.","1336","N.M.M.","E","HEM2025",1,"Maxillaria meleagris",15.4665277777778,-92.6646944444445,"2006-03-22","change1: Filled coordinateUncertaintyInMeters from decimal-place precision (conservative). | epi_taxo: acceptedName(match1); authorship_epig(match1); genus_from_scientificName; family_WFO; order_majorGroup_WCVP [2026-03-11] | CoordinateCleaner QA applied without sea test (validity, equal, zeros, capitals, centroids, gbif, institutions) [2026-03-29]","","Colección","N.M.M.","N.M.M."
"2132","HEM2025_2132","PreservedSpecimen","Coleccion",NA,"UNICACH","SPECIES","HEM","N.M.M.","12","N.M.M.","E","HEM2025",1,"Maxillaria meleagris",15.7,-92.9361111111111,"2001-05-01","change1: Filled coordinateUncertaintyInMeters from decimal-place precision (conservative). | epi_taxo: acceptedName(match1); authorship_epig(match1); genus_from_scientificName; family_WFO; order_majorGroup_WCVP [2026-03-11] | CoordinateCleaner QA applied without sea test (validity, equal, zeros, capitals, centroids, gbif, institutions) [2026-03-29]","","Colección","N.M.M.","N.M.M."
"2133","HEM2025_2133","PreservedSpecimen","Coleccion",NA,"UNICACH","SPECIES","HEM","N.M.M.","2157","N.M.M.","E","HEM2025",1,"Maxillaria meleagris",16.7866111111111,-94.0265833333333,"2007-11-14","change1: Filled coordinateUncertaintyInMeters from decimal-place precision (conservative). | epi_taxo: acceptedName(match1); authorship_epig(match1); genus_from_scientificName; family_WFO; order_majorGroup_WCVP [2026-03-11] | CoordinateCleaner QA applied without sea test (validity, equal, zeros, capitals, centroids, gbif, institutions) [2026-03-29]","","Colección","N.M.M.","N.M.M."
"2134","HEM2025_2134","PreservedSpecimen","Coleccion",NA,"UNICACH","SPECIES","HEM","N.M.M.","12-bis","N.M.M.","E","HEM2025",1,"Maxillaria meleagris",15.7213888888889,-92.9522222222222,"2001-05-01","change1: Filled coordinateUncertaintyInMeters from decimal-place precision (conservative). | epi_taxo: acceptedName(match1); authorship_epig(match1); genus_from_scientificName; family_WFO; order_majorGroup_WCVP [2026-03-11] | CoordinateCleaner QA applied without sea test (validity, equal, zeros, capitals, centroids, gbif, institutions) [2026-03-29]","","Colección","N.M.M.","N.M.M."
"2135","HEM2025_2135","PreservedSpecimen","Coleccion",NA,"UNICACH","SPECIES","HEM","N.M.M.","120","Carnevali, G.","E","HEM2025",1,"Maxillaria nagelii",15.7,-92.9805555555556,"2001-12-21","change1: Filled coordinateUncertaintyInMeters from decimal-place precision (conservative). | epi_taxo: acceptedName(match1); authorship_epig(match1); genus_from_scientificName; family_WFO; order_majorGroup_WCVP [2026-03-11] | CoordinateCleaner QA applied without sea test (validity, equal, zeros, capitals, centroids, gbif, institutions) [2026-03-29]","standardized authors names in identifiedBy","Colección","N.M.M.","G. Carnevali"
"2136","HEM2025_2136","PreservedSpecimen","Coleccion",NA,"UNICACH","SPECIES","HEM","N.M.M.","259","G.L.V.","E","HEM2025",1,"Maxillaria nagelii",15.7727777777778,-93.09,"2002-02-24","change1: Filled coordinateUncertaintyInMeters from decimal-place precision (conservative). | epi_taxo: acceptedName(match1); authorship_epig(match1); genus_from_scientificName; family_WFO; order_majorGroup_WCVP [2026-03-11] | CoordinateCleaner QA applied without sea test (validity, equal, zeros, capitals, centroids, gbif, institutions) [2026-03-29]","","Colección","N.M.M.","G.L.V."
"2137","HEM2025_2137","PreservedSpecimen","Coleccion",NA,"UNICACH","SPECIES","HEM","M.M.M. | M.C.R.M.","5295","N.M.M.","E","HEM2025",1,"Maxillaria parviflora",15.0847222222222,-92.175,"2014-09-22","change1: Filled coordinateUncertaintyInMeters from decimal-place precision (conservative). | epi_taxo: acceptedName(match1); authorship_epig(match1); genus_from_scientificName; family_WFO; order_majorGroup_WCVP [2026-03-11] | CoordinateCleaner QA applied without sea test (validity, equal, zeros, capitals, centroids, gbif, institutions) [2026-03-29]","standardized authors names in recordedBy","Colección","M.M.M. & M.C.R.M.","N.M.M."
"2138","HEM2025_2138","PreservedSpecimen","Coleccion",NA,"UNICACH","SPECIES","HEM","G.U. | E.M.S. | A.M.G.","104","G.U.","E","HEM2025",1,"Maxillaria pulchra",16.9913888888889,-91.6227777777778,"1987-05-24","change1: Filled coordinateUncertaintyInMeters from decimal-place precision (conservative). | epi_taxo: acceptedName(match1); authorship_epig(match1); genus_from_scientificName; family_WFO; order_majorGroup_WCVP [2026-03-11] | CoordinateCleaner QA applied without sea test (validity, equal, zeros, capitals, centroids, gbif, institutions) [2026-03-29]","standardized authors names in recordedBy","Colección","G.U. & E.M.S. & A.M.G.","G.U."
"2139","HEM2025_2139","PreservedSpecimen","Coleccion",NA,"UNICACH","SPECIES","HEM","G.U. | E.M.S. | A.M.G.","78","G.U.","E","HEM2025",1,"Maxillaria pulchra",16.3355555555556,-90.6738888888889,"1987-05-19","change1: Filled coordinateUncertaintyInMeters from decimal-place precision (conservative). | epi_taxo: acceptedName(match1); authorship_epig(match1); genus_from_scientificName; family_WFO; order_majorGroup_WCVP [2026-03-11] | CoordinateCleaner QA applied without sea test (validity, equal, zeros, capitals, centroids, gbif, institutions) [2026-03-29]","standardized authors names in recordedBy","Colección","G.U. & E.M.S. & A.M.G.","G.U."
"2140","HEM2025_2140","PreservedSpecimen","Coleccion",NA,"UNICACH","SPECIES","HEM","O.N.","4332","ND","E","HEM2025",1,"Maxillaria scorpioidea",15.2941666666667,-92.2775,"1935-01-13","change1: Filled coordinateUncertaintyInMeters from decimal-place precision (conservative). | epi_taxo: acceptedName(match1); authorship_epig(match1); genus_from_scientificName; family_WFO; order_majorGroup_WCVP [2026-03-11] | CoordinateCleaner QA applied without sea test (validity, equal, zeros, capitals, centroids, gbif, institutions) [2026-03-29]","","Colección","O.N.","ND"
"2141","HEM2025_2141","PreservedSpecimen","Coleccion",NA,"UNICACH","GENUS","HEM","C.A.P.B.","HEM","C.A.P.B.","E","HEM2025",NA,"",16.2105555555556,-93.605,"2007-03-16","change1: Genus placeholder (sp./spp.): moved to 'genus', set taxonRank=GENUS, cleared scientificName; kept original in verbatim. | change2: Filled coordinateUncertaintyInMeters from decimal-place precision (conservative). | epi_taxo: acceptedName(match1); authorship_epig(match1); genus_from_scientificName; family_WFO; order_majorGroup_WCVP [2026-03-11] | CoordinateCleaner QA applied without sea test (validity, equal, zeros, capitals, centroids, gbif, institutions) [2026-03-29]","","Colección","C.A.P.B.","C.A.P.B."
"2142","HEM2025_2142","PreservedSpecimen","Coleccion",NA,"UNICACH","SPECIES","HEM","R.S.M.","33","R.S.M.","E","HEM2025",1,"Maxillaria tenuifolia",16.8816666666667,-93.4738888888889,"2005-10-29","change1: Filled coordinateUncertaintyInMeters from decimal-place precision (conservative). | epi_taxo: acceptedName(match1); authorship_epig(match1); genus_from_scientificName; family_WFO; order_majorGroup_WCVP [2026-03-11] | CoordinateCleaner QA applied without sea test (validity, equal, zeros, capitals, centroids, gbif, institutions) [2026-03-29]","","Colección","R.S.M.","R.S.M."
"2143","HEM2025_2143","PreservedSpecimen","Coleccion",NA,"UNICACH","SPECIES","HEM","R.S.M.","23","R.S.M.","E","HEM2025",1,"Maxillaria tenuifolia",15.8944444444444,-93.7293888888889,"2006-04-08","change1: Filled coordinateUncertaintyInMeters from decimal-place precision (conservative). | epi_taxo: acceptedName(match1); authorship_epig(match1); genus_from_scientificName; family_WFO; order_majorGroup_WCVP [2026-03-11] | CoordinateCleaner QA applied without sea test (validity, equal, zeros, capitals, centroids, gbif, institutions) [2026-03-29]","","Colección","R.S.M.","R.S.M."
"2144","HEM2025_2144","PreservedSpecimen","Coleccion",NA,"UNICACH","SPECIES","HEM","N.M.M.","2158","N.M.M.","E","HEM2025",1,"Maxillaria tonsoniae",16.7866111111111,-94.0265833333333,"2007-11-14","change1: Filled coordinateUncertaintyInMeters from decimal-place precision (conservative). | epi_taxo: acceptedName(match1); authorship_epig(match1); genus_from_scientificName; family_WFO; order_majorGroup_WCVP [2026-03-11] | CoordinateCleaner QA applied without sea test (validity, equal, zeros, capitals, centroids, gbif, institutions) [2026-03-29]","","Colección","N.M.M.","N.M.M."
"2145","HEM2025_2145","PreservedSpecimen","Coleccion",NA,"UNICACH","SPECIES","HEM","N.M.M.","734","N.M.M.","E","HEM2025",1,"Maxillaria variabilis",15.9002777777778,-93.2411111111111,"2005-03-31","change1: Filled coordinateUncertaintyInMeters from decimal-place precision (conservative). | epi_taxo: acceptedName(match1); authorship_epig(match1); genus_from_scientificName; family_WFO; order_majorGroup_WCVP [2026-03-11] | CoordinateCleaner QA applied without sea test (validity, equal, zeros, capitals, centroids, gbif, institutions) [2026-03-29]","","Colección","N.M.M.","N.M.M."
"2146","HEM2025_2146","PreservedSpecimen","Coleccion",NA,"UNICACH","SPECIES","HEM","N.M.M.","469","N.M.M.","E","HEM2025",1,"Maxillaria variabilis",16.5437222222222,-92.4456388888889,"2004-04-02","change1: Filled coordinateUncertaintyInMeters from decimal-place precision (conservative). | epi_taxo: acceptedName(match1); authorship_epig(match1); genus_from_scientificName; family_WFO; order_majorGroup_WCVP [2026-03-11] | CoordinateCleaner QA applied without sea test (validity, equal, zeros, capitals, centroids, gbif, institutions) [2026-03-29]","","Colección","N.M.M.","N.M.M."
"2147","HEM2025_2147","PreservedSpecimen","Coleccion",NA,"UNICACH","SPECIES","HEM","A.R.A.","264","A.R.A.","E","HEM2025",1,"Maxillaria variabilis",15.7994444444444,-93.0639166666667,"2005-04-20","change1: Filled coordinateUncertaintyInMeters from decimal-place precision (conservative). | epi_taxo: acceptedName(match1); authorship_epig(match1); genus_from_scientificName; family_WFO; order_majorGroup_WCVP [2026-03-11] | CoordinateCleaner QA applied without sea test (validity, equal, zeros, capitals, centroids, gbif, institutions) [2026-03-29]","","Colección","A.R.A.","A.R.A."
"2148","HEM2025_2148","PreservedSpecimen","Coleccion",NA,"UNICACH","SPECIES","HEM","V.M.","82","C.L.M.M.","E","HEM2025",1,"Maxillaria variabilis",15.3944444444444,-92.6166666666667,"1998-11-27","change1: Filled coordinateUncertaintyInMeters from decimal-place precision (conservative). | epi_taxo: acceptedName(match1); authorship_epig(match1); genus_from_scientificName; family_WFO; order_majorGroup_WCVP [2026-03-11] | CoordinateCleaner QA applied without sea test (validity, equal, zeros, capitals, centroids, gbif, institutions) [2026-03-29]","","Colección","V.M.","C.L.M.M."
"2149","HEM2025_2149","PreservedSpecimen","Coleccion",NA,"UNICACH","SPECIES","HEM","G.U. | E.M.S. | A.M.G.","42-bis","N.M.M.","E","HEM2025",1,"Maxillaria variabilis",16.7944444444444,-93.1008333333333,"1987-02-18","change1: Filled coordinateUncertaintyInMeters from decimal-place precision (conservative). | epi_taxo: acceptedName(match1); authorship_epig(match1); genus_from_scientificName; family_WFO; order_majorGroup_WCVP [2026-03-11] | CoordinateCleaner QA applied without sea test (validity, equal, zeros, capitals, centroids, gbif, institutions) [2026-03-29]","standardized authors names in recordedBy","Colección","G.U. & E.M.S. & A.M.G.","N.M.M."
"2150","HEM2025_2150","PreservedSpecimen","Coleccion",NA,"UNICACH","SPECIES","HEM","G.U. | E.M.S. | A.M.G.","42-bis","N.M.M.","E","HEM2025",1,"Maxillaria variabilis",16.7944444444444,-93.1008333333333,"1987-02-18","change1: Filled coordinateUncertaintyInMeters from decimal-place precision (conservative). | epi_taxo: acceptedName(match1); authorship_epig(match1); genus_from_scientificName; family_WFO; order_majorGroup_WCVP [2026-03-11] | CoordinateCleaner QA applied without sea test (validity, equal, zeros, capitals, centroids, gbif, institutions) [2026-03-29]","standardized authors names in recordedBy","Colección","G.U. & E.M.S. & A.M.G.","N.M.M."
"2151","HEM2025_2151","PreservedSpecimen","Coleccion",NA,"UNICACH","SPECIES","HEM","J.M.M.","617","J.M.M.","E","HEM2025",1,"Maxillaria variabilis",15.8079722222222,-93.0486666666667,"2004-11-07","change1: Filled coordinateUncertaintyInMeters from decimal-place precision (conservative). | epi_taxo: acceptedName(match1); authorship_epig(match1); genus_from_scientificName; family_WFO; order_majorGroup_WCVP [2026-03-11] | CoordinateCleaner QA applied without sea test (validity, equal, zeros, capitals, centroids, gbif, institutions) [2026-03-29]","","Colección","J.M.M.","J.M.M."
"2152","HEM2025_2152","PreservedSpecimen","Coleccion",NA,"UNICACH","SPECIES","HEM","J.M.M.","984","J.M.M.","E","HEM2025",1,"Maxillaria variabilis",15.8059166666667,-93.0508055555556,"2005-06-06","change1: Filled coordinateUncertaintyInMeters from decimal-place precision (conservative). | epi_taxo: acceptedName(match1); authorship_epig(match1); genus_from_scientificName; family_WFO; order_majorGroup_WCVP [2026-03-11] | CoordinateCleaner QA applied without sea test (validity, equal, zeros, capitals, centroids, gbif, institutions) [2026-03-29]","","Colección","J.M.M.","J.M.M."
"2153","HEM2025_2153","PreservedSpecimen","Coleccion",NA,"UNICACH","SPECIES","HEM","J.M.M.","718","J.M.M.","E","HEM2025",1,"Maxillaria variabilis",15.6402222222222,-92.6725833333333,"2005-01-16","change1: Filled coordinateUncertaintyInMeters from decimal-place precision (conservative). | epi_taxo: acceptedName(match1); authorship_epig(match1); genus_from_scientificName; family_WFO; order_majorGroup_WCVP [2026-03-11] | CoordinateCleaner QA applied without sea test (validity, equal, zeros, capitals, centroids, gbif, institutions) [2026-03-29]","","Colección","J.M.M.","J.M.M."
"2154","HEM2025_2154","PreservedSpecimen","Coleccion",NA,"UNICACH","SPECIES","HEM","Najarro, F.H. | U.G.M.","861","O.F.S.","E","HEM2025",1,"Maxillaria variabilis",15.9752777777778,-93.4544444444444,"2002-04-27","change1: Filled coordinateUncertaintyInMeters from decimal-place precision (conservative). | epi_taxo: acceptedName(match1); authorship_epig(match1); genus_from_scientificName; family_WFO; order_majorGroup_WCVP [2026-03-11] | CoordinateCleaner QA applied without sea test (validity, equal, zeros, capitals, centroids, gbif, institutions) [2026-03-29]","standardized authors names in recordedBy","Colección","F.H. Najarro & U.G.M.","O.F.S."
"2155","HEM2025_2155","PreservedSpecimen","Coleccion",NA,"UNICACH","SPECIES","HEM","V.A.G.L.","14","J.M.M.","E","HEM2025",1,"Maxillaria variabilis",16.2775,-92.1441666666667,"2005-10-24","change1: Filled coordinateUncertaintyInMeters from decimal-place precision (conservative). | epi_taxo: acceptedName(match1); authorship_epig(match1); genus_from_scientificName; family_WFO; order_majorGroup_WCVP [2026-03-11] | CoordinateCleaner QA applied without sea test (validity, equal, zeros, capitals, centroids, gbif, institutions) [2026-03-29]","","Colección","V.A.G.L.","J.M.M."
"2156","HEM2025_2156","PreservedSpecimen","Coleccion",NA,"UNICACH","SPECIES","HEM","J.M.M.","161","J.M.M.","E","HEM2025",1,"Maxillaria variabilis",16.0577777777778,-93.4494444444445,"2003-01-18","change1: Filled coordinateUncertaintyInMeters from decimal-place precision (conservative). | epi_taxo: acceptedName(match1); authorship_epig(match1); genus_from_scientificName; family_WFO; order_majorGroup_WCVP [2026-03-11] | CoordinateCleaner QA applied without sea test (validity, equal, zeros, capitals, centroids, gbif, institutions) [2026-03-29]","","Colección","J.M.M.","J.M.M."
"2157","HEM2025_2157","PreservedSpecimen","Coleccion",NA,"UNICACH","SPECIES","HEM","C.A.P.B.","154","C.A.P.B.","E","HEM2025",1,"Maxillaria variabilis",15.6641666666667,-92.8136111111111,"2006-01-20","change1: Filled coordinateUncertaintyInMeters from decimal-place precision (conservative). | epi_taxo: acceptedName(match1); authorship_epig(match1); genus_from_scientificName; family_WFO; order_majorGroup_WCVP [2026-03-11] | CoordinateCleaner QA applied without sea test (validity, equal, zeros, capitals, centroids, gbif, institutions) [2026-03-29]","","Colección","C.A.P.B.","C.A.P.B."
"2158","HEM2025_2158","PreservedSpecimen","Coleccion",NA,"UNICACH","SPECIES","HEM","J.M.M.","1245","J.M.M.","E","HEM2025",1,"Maxillaria variabilis",15.6056388888889,-92.9696388888889,"2006-04-21","change1: Filled coordinateUncertaintyInMeters from decimal-place precision (conservative). | epi_taxo: acceptedName(match1); authorship_epig(match1); genus_from_scientificName; family_WFO; order_majorGroup_WCVP [2026-03-11] | CoordinateCleaner QA applied without sea test (validity, equal, zeros, capitals, centroids, gbif, institutions) [2026-03-29]","","Colección","J.M.M.","J.M.M."
"2159","HEM2025_2159","PreservedSpecimen","Coleccion",NA,"UNICACH","SPECIES","HEM","Najarro, F.H. | U.G.M.","753","O.F.S.","E","HEM2025",1,"Maxillaria variabilis",16.0077777777778,-93.4638888888889,"2002-03-02","change1: Filled coordinateUncertaintyInMeters from decimal-place precision (conservative). | epi_taxo: acceptedName(match1); authorship_epig(match1); genus_from_scientificName; family_WFO; order_majorGroup_WCVP [2026-03-11] | CoordinateCleaner QA applied without sea test (validity, equal, zeros, capitals, centroids, gbif, institutions) [2026-03-29]","standardized authors names in recordedBy","Colección","F.H. Najarro & U.G.M.","O.F.S."
"2160","HEM2025_2160","PreservedSpecimen","Coleccion",NA,"UNICACH","SPECIES","HEM","N.M.M.","1547","N.M.M.","E","HEM2025",1,"Maxillaria variabilis",16.9243055555556,-93.4726666666667,"2006-05-30","change1: Filled coordinateUncertaintyInMeters from decimal-place precision (conservative). | epi_taxo: acceptedName(match1); authorship_epig(match1); genus_from_scientificName; family_WFO; order_majorGroup_WCVP [2026-03-11] | CoordinateCleaner QA applied without sea test (validity, equal, zeros, capitals, centroids, gbif, institutions) [2026-03-29]","","Colección","N.M.M.","N.M.M."
"2161","HEM2025_2161","PreservedSpecimen","Coleccion",NA,"UNICACH","SPECIES","HEM","R.S.M.","24","R.S.M.","E","HEM2025",1,"Maxillaria variabilis",16.7478055555556,-93.3515555555555,"2006-04-25","change1: Filled coordinateUncertaintyInMeters from decimal-place precision (conservative). | epi_taxo: acceptedName(match1); authorship_epig(match1); genus_from_scientificName; family_WFO; order_majorGroup_WCVP [2026-03-11] | CoordinateCleaner QA applied without sea test (validity, equal, zeros, capitals, centroids, gbif, institutions) [2026-03-29]","","Colección","R.S.M.","R.S.M."
"2162","HEM2025_2162","PreservedSpecimen","Coleccion",NA,"UNICACH","SPECIES","HEM","J.M.M.","1359","J.M.M.","E","HEM2025",1,"Maxillaria variabilis",16.2086111111111,-93.7144444444445,"2006-06-04","change1: Filled coordinateUncertaintyInMeters from decimal-place precision (conservative). | epi_taxo: acceptedName(match1); authorship_epig(match1); genus_from_scientificName; family_WFO; order_majorGroup_WCVP [2026-03-11] | CoordinateCleaner QA applied without sea test (validity, equal, zeros, capitals, centroids, gbif, institutions) [2026-03-29]","","Colección","J.M.M.","J.M.M."
"2163","HEM2025_2163","PreservedSpecimen","Coleccion",NA,"UNICACH","SPECIES","HEM","J.M.M.","1670","J.M.M.","E","HEM2025",1,"Maxillaria variabilis",15.8481944444444,-93.0384166666667,"2006-12-20","change1: Filled coordinateUncertaintyInMeters from decimal-place precision (conservative). | epi_taxo: acceptedName(match1); authorship_epig(match1); genus_from_scientificName; family_WFO; order_majorGroup_WCVP [2026-03-11] | CoordinateCleaner QA applied without sea test (validity, equal, zeros, capitals, centroids, gbif, institutions) [2026-03-29]","","Colección","J.M.M.","J.M.M."
"2164","HEM2025_2164","PreservedSpecimen","Coleccion",NA,"UNICACH","SPECIES","HEM","J.M.M.","1554","J.M.M.","E","HEM2025",1,"Maxillaria variabilis",15.4261388888889,-92.629,"2006-11-14","change1: Filled coordinateUncertaintyInMeters from decimal-place precision (conservative). | epi_taxo: acceptedName(match1); authorship_epig(match1); genus_from_scientificName; family_WFO; order_majorGroup_WCVP [2026-03-11] | CoordinateCleaner QA applied without sea test (validity, equal, zeros, capitals, centroids, gbif, institutions) [2026-03-29]","","Colección","J.M.M.","J.M.M."
"2165","HEM2025_2165","PreservedSpecimen","Coleccion",NA,"UNICACH","SPECIES","HEM","H.G.D.","1669","H.G.D.","E","HEM2025",1,"Maxillaria variabilis",15.8275,-93.1108333333333,"2007-01-25","change1: Filled coordinateUncertaintyInMeters from decimal-place precision (conservative). | epi_taxo: acceptedName(match1); authorship_epig(match1); genus_from_scientificName; family_WFO; order_majorGroup_WCVP [2026-03-11] | CoordinateCleaner QA applied without sea test (validity, equal, zeros, capitals, centroids, gbif, institutions) [2026-03-29]","","Colección","H.G.D.","H.G.D."
"2166","HEM2025_2166","PreservedSpecimen","Coleccion",NA,"UNICACH","SPECIES","HEM","Najarro, F.H.","753","O.F.S.","E","HEM2025",1,"Maxillaria variabilis",16.0077777777778,-93.4638888888889,"2002-03-02","change1: Filled coordinateUncertaintyInMeters from decimal-place precision (conservative). | epi_taxo: acceptedName(match1); authorship_epig(match1); genus_from_scientificName; family_WFO; order_majorGroup_WCVP [2026-03-11] | CoordinateCleaner QA applied without sea test (validity, equal, zeros, capitals, centroids, gbif, institutions) [2026-03-29]","standardized authors names in recordedBy","Colección","F.H. Najarro","O.F.S."
"2167","HEM2025_2167","PreservedSpecimen","Coleccion",NA,"UNICACH","SPECIES","HEM","J.C.R.","208","Perez-Farrera, M.A.","E","HEM2025",1,"Maxillaria variabilis",15.855,-93.1397222222222,"2000-03-22","change1: Filled coordinateUncertaintyInMeters from decimal-place precision (conservative). | epi_taxo: acceptedName(match1); authorship_epig(match1); genus_from_scientificName; family_WFO; order_majorGroup_WCVP [2026-03-11] | CoordinateCleaner QA applied without sea test (validity, equal, zeros, capitals, centroids, gbif, institutions) [2026-03-29]","standardized authors names in identifiedBy","Colección","J.C.R.","M.A. Pérez-Farrera"
"2168","HEM2025_2168","PreservedSpecimen","Coleccion",NA,"UNICACH","SPECIES","HEM","J.M.M.","52","N.M.M.","E","HEM2025",1,"Maxillaria variabilis",15.9691666666667,-93.4694444444444,"2002-04-28","change1: Filled coordinateUncertaintyInMeters from decimal-place precision (conservative). | epi_taxo: acceptedName(match1); authorship_epig(match1); genus_from_scientificName; family_WFO; order_majorGroup_WCVP [2026-03-11] | CoordinateCleaner QA applied without sea test (validity, equal, zeros, capitals, centroids, gbif, institutions) [2026-03-29]","","Colección","J.M.M.","N.M.M."
"2169","HEM2025_2169","PreservedSpecimen","Coleccion",NA,"UNICACH","SPECIES","HEM","M.M.M.","4139","N.M.M.","E","HEM2025",1,"Maxillaria variabilis",15.1558055555556,-92.1452777777778,"2014-02-14","change1: Filled coordinateUncertaintyInMeters from decimal-place precision (conservative). | epi_taxo: acceptedName(match1); authorship_epig(match1); genus_from_scientificName; family_WFO; order_majorGroup_WCVP [2026-03-11] | CoordinateCleaner QA applied without sea test (validity, equal, zeros, capitals, centroids, gbif, institutions) [2026-03-29]","","Colección","M.M.M.","N.M.M."
"2170","HEM2025_2170","PreservedSpecimen","Coleccion",NA,"UNICACH","SPECIES","HEM","D.A.J.L. | M.M.M.","3","D.A.J.L. | N.M.M.","E","HEM2025",1,"Maxillaria variabilis",15.1674166666667,-92.1498888888889,"2014-01-15","change1: Filled coordinateUncertaintyInMeters from decimal-place precision (conservative). | epi_taxo: acceptedName(match1); authorship_epig(match1); genus_from_scientificName; family_WFO; order_majorGroup_WCVP [2026-03-11] | CoordinateCleaner QA applied without sea test (validity, equal, zeros, capitals, centroids, gbif, institutions) [2026-03-29]","standardized authors names in recordedBy / standardized authors names in identifiedBy","Colección","D.A.J.L. & M.M.M.","D.A.J.L. & N.M.M."
"2171","HEM2025_2171","PreservedSpecimen","Coleccion",NA,"UNICACH","SPECIES","HEM","P.C. | V.M.","51","C.L.M.M.","E","HEM2025",1,"Maxillaria variabilis",15.3944444444444,-92.6166666666667,"1998-11-27","change1: Filled coordinateUncertaintyInMeters from decimal-place precision (conservative). | epi_taxo: acceptedName(match1); authorship_epig(match1); genus_from_scientificName; family_WFO; order_majorGroup_WCVP [2026-03-11] | CoordinateCleaner QA applied without sea test (validity, equal, zeros, capitals, centroids, gbif, institutions) [2026-03-29]","standardized authors names in recordedBy","Colección","P.C. & V.M.","C.L.M.M."
"2172","HEM2025_2172","PreservedSpecimen","Coleccion",NA,"UNICACH","SPECIES","HEM","Perez-Farrera, M.A.","52","J.M.M.","E","HEM2025",1,"Maxillaria variabilis",15.9830555555556,-93.4694444444444,"2002-04-28","change1: Filled coordinateUncertaintyInMeters from decimal-place precision (conservative). | epi_taxo: acceptedName(match1); authorship_epig(match1); genus_from_scientificName; family_WFO; order_majorGroup_WCVP [2026-03-11] | CoordinateCleaner QA applied without sea test (validity, equal, zeros, capitals, centroids, gbif, institutions) [2026-03-29]","standardized authors names in recordedBy","Colección","M.A. Pérez-Farrera","J.M.M."
"2173","HEM2025_2173","PreservedSpecimen","Coleccion",NA,"UNICACH","SPECIES","HEM","Perez-Farrera, M.A.","52","J.M.M.","E","HEM2025",1,"Maxillaria variabilis",15.9830555555556,-93.4694444444444,"2002-04-28","change1: Filled coordinateUncertaintyInMeters from decimal-place precision (conservative). | epi_taxo: acceptedName(match1); authorship_epig(match1); genus_from_scientificName; family_WFO; order_majorGroup_WCVP [2026-03-11] | CoordinateCleaner QA applied without sea test (validity, equal, zeros, capitals, centroids, gbif, institutions) [2026-03-29]","standardized authors names in recordedBy","Colección","M.A. Pérez-Farrera","J.M.M."
"2174","HEM2025_2174","PreservedSpecimen","Coleccion",NA,"UNICACH","SPECIES","HEM","N.M.M.","91","G.L.V.","E","HEM2025",1,"Maxillaria variabilis",15.7727777777778,-93.09,"2001-07-18","change1: Filled coordinateUncertaintyInMeters from decimal-place precision (conservative). | epi_taxo: acceptedName(match1); authorship_epig(match1); genus_from_scientificName; family_WFO; order_majorGroup_WCVP [2026-03-11] | CoordinateCleaner QA applied without sea test (validity, equal, zeros, capitals, centroids, gbif, institutions) [2026-03-29]","","Colección","N.M.M.","G.L.V."
"2175","HEM2025_2175","PreservedSpecimen","Coleccion",NA,"UNICACH","SPECIES","HEM","M.E.L.V. | A.R.G. | J.C.S. | R.Z.","299","N.M.M.","E","HEM2025",1,"Maxillaria variabilis",16.2041666666667,-93.5819444444444,"2002-04-20","change1: Filled coordinateUncertaintyInMeters from decimal-place precision (conservative). | epi_taxo: acceptedName(match1); authorship_epig(match1); genus_from_scientificName; family_WFO; order_majorGroup_WCVP [2026-03-11] | CoordinateCleaner QA applied without sea test (validity, equal, zeros, capitals, centroids, gbif, institutions) [2026-03-29]","standardized authors names in recordedBy","Colección","M.E.L.V. & A.R.G. & J.C.S. & R.Z.","N.M.M."
"2176","HEM2025_2176","PreservedSpecimen","Coleccion",NA,"UNICACH","SPECIES","HEM","Camilo, R.M.","519","N.M.M.","E","HEM2025",1,"Maxillaria variabilis",15.8138888888889,-93.0305555555556,"2002-03-15","change1: Filled coordinateUncertaintyInMeters from decimal-place precision (conservative). | epi_taxo: acceptedName(match1); authorship_epig(match1); genus_from_scientificName; family_WFO; order_majorGroup_WCVP [2026-03-11] | CoordinateCleaner QA applied without sea test (validity, equal, zeros, capitals, centroids, gbif, institutions) [2026-03-29]","standardized authors names in recordedBy","Colección","R.M. Camilo","N.M.M."
"2177","HEM2025_2177","PreservedSpecimen","Coleccion",NA,"UNICACH","FORM","HEM","F.E.P.C.","209","Cachon, T.C.","E","HEM2025",1,"Meiracyllium trinasutum",15.8275,-93.0441666666667,"1999-05-28","change1: Corrected taxonRank (SPECIES→FORM); kept scientificName as-is. | change2: Filled coordinateUncertaintyInMeters from decimal-place precision (conservative). | epi_taxo: acceptedName(match1); authorship_epig(match1); genus_from_scientificName; family_WFO; order_majorGroup_WCVP [2026-03-11] | CoordinateCleaner QA applied without sea test (validity, equal, zeros, capitals, centroids, gbif, institutions) [2026-03-29]","standardized authors names in identifiedBy","Colección","F.E.P.C.","T.C. Cachón"
"2178","HEM2025_2178","PreservedSpecimen","Coleccion",NA,"UNICACH","FORM","HEM","M.D.R.S.","72","R.R.S.","E","HEM2025",1,"Meiracyllium trinasutum",16.7671388888889,-93.1065,"2005-05-19","change1: Corrected taxonRank (SPECIES→FORM); kept scientificName as-is. | change2: Filled coordinateUncertaintyInMeters from decimal-place precision (conservative). | epi_taxo: acceptedName(match1); authorship_epig(match1); genus_from_scientificName; family_WFO; order_majorGroup_WCVP [2026-03-11] | CoordinateCleaner QA applied without sea test (validity, equal, zeros, capitals, centroids, gbif, institutions) [2026-03-29]","","Colección","M.D.R.S.","R.R.S."
"2179","HEM2025_2179","PreservedSpecimen","Coleccion",NA,"UNICACH","FORM","HEM","J.M.M.","1039","J.M.M.","E","HEM2025",1,"Meiracyllium trinasutum",15.8063333333333,-92.9828333333333,"2005-07-18","change1: Corrected taxonRank (SPECIES→FORM); kept scientificName as-is. | change2: Filled coordinateUncertaintyInMeters from decimal-place precision (conservative). | epi_taxo: acceptedName(match1); authorship_epig(match1); genus_from_scientificName; family_WFO; order_majorGroup_WCVP [2026-03-11] | CoordinateCleaner QA applied without sea test (validity, equal, zeros, capitals, centroids, gbif, institutions) [2026-03-29]","","Colección","J.M.M.","J.M.M."
"2180","HEM2025_2180","PreservedSpecimen","Coleccion",NA,"UNICACH","FORM","HEM","J.M.M.","1403","J.M.M.","E","HEM2025",1,"Meiracyllium trinasutum",15.5718888888889,-92.7656666666667,"2006-08-17","change1: Corrected taxonRank (SPECIES→FORM); kept scientificName as-is. | change2: Filled coordinateUncertaintyInMeters from decimal-place precision (conservative). | epi_taxo: acceptedName(match1); authorship_epig(match1); genus_from_scientificName; family_WFO; order_majorGroup_WCVP [2026-03-11] | CoordinateCleaner QA applied without sea test (validity, equal, zeros, capitals, centroids, gbif, institutions) [2026-03-29]","","Colección","J.M.M.","J.M.M."
"2181","HEM2025_2181","PreservedSpecimen","Coleccion",NA,"UNICACH","FORM","HEM","Najarro, F.H. | U.G.M.","754","O.F.S.","E","HEM2025",1,"Meiracyllium trinasutum",16.0077777777778,-93.4638888888889,"2002-03-02","change1: Corrected taxonRank (SPECIES→FORM); kept scientificName as-is. | change2: Filled coordinateUncertaintyInMeters from decimal-place precision (conservative). | epi_taxo: acceptedName(match1); authorship_epig(match1); genus_from_scientificName; family_WFO; order_majorGroup_WCVP [2026-03-11] | CoordinateCleaner QA applied without sea test (validity, equal, zeros, capitals, centroids, gbif, institutions) [2026-03-29]","standardized authors names in recordedBy","Colección","F.H. Najarro & U.G.M.","O.F.S."
"2182","HEM2025_2182","PreservedSpecimen","Coleccion",NA,"UNICACH","FORM","HEM","N.M.M.","1329","N.M.M.","E","HEM2025",1,"Meiracyllium trinasutum",16.4136111111111,-94.0377777777778,"2006-03-14","change1: Corrected taxonRank (SPECIES→FORM); kept scientificName as-is. | change2: Filled coordinateUncertaintyInMeters from decimal-place precision (conservative). | epi_taxo: acceptedName(match1); authorship_epig(match1); genus_from_scientificName; family_WFO; order_majorGroup_WCVP [2026-03-11] | CoordinateCleaner QA applied without sea test (validity, equal, zeros, capitals, centroids, gbif, institutions) [2026-03-29]","","Colección","N.M.M.","N.M.M."
"2183","HEM2025_2183","PreservedSpecimen","Coleccion",NA,"UNICACH","FORM","HEM","J.M.M.","1853","J.M.M.","E","HEM2025",1,"Meiracyllium trinasutum",15.7746388888889,-93.0119444444444,"2007-06-07","change1: Corrected taxonRank (SPECIES→FORM); kept scientificName as-is. | change2: Filled coordinateUncertaintyInMeters from decimal-place precision (conservative). | epi_taxo: acceptedName(match1); authorship_epig(match1); genus_from_scientificName; family_WFO; order_majorGroup_WCVP [2026-03-11] | CoordinateCleaner QA applied without sea test (validity, equal, zeros, capitals, centroids, gbif, institutions) [2026-03-29]","","Colección","J.M.M.","J.M.M."
"2184","HEM2025_2184","PreservedSpecimen","Coleccion",NA,"UNICACH","FORM","HEM","J.A.E.J.","829","J.A.E.J.","E","HEM2025",1,"Meiracyllium trinasutum",16.9297694444444,-93.0053138888889,"2009-05-21","change1: Corrected taxonRank (SPECIES→FORM); kept scientificName as-is. | change2: Filled coordinateUncertaintyInMeters from decimal-place precision (conservative). | epi_taxo: acceptedName(match1); authorship_epig(match1); genus_from_scientificName; family_WFO; order_majorGroup_WCVP [2026-03-11] | CoordinateCleaner QA applied without sea test (validity, equal, zeros, capitals, centroids, gbif, institutions) [2026-03-29]","","Colección","J.A.E.J.","J.A.E.J."
"2185","HEM2025_2185","PreservedSpecimen","Coleccion",NA,"UNICACH","FORM","HEM","M.M.M.","354","N.M.M.","E","HEM2025",1,"Meiracyllium trinasutum",17.0415,-93.2363611111111,"2009-10-21","change1: Corrected taxonRank (SPECIES→FORM); kept scientificName as-is. | change2: Filled coordinateUncertaintyInMeters from decimal-place precision (conservative). | epi_taxo: acceptedName(match1); authorship_epig(match1); genus_from_scientificName; family_WFO; order_majorGroup_WCVP [2026-03-11] | CoordinateCleaner QA applied without sea test (validity, equal, zeros, capitals, centroids, gbif, institutions) [2026-03-29]","","Colección","M.M.M.","N.M.M."
"2186","HEM2025_2186","PreservedSpecimen","Coleccion",NA,"UNICACH","FORM","HEM","J.A.E.J.","881","J.A.E.J.","E","HEM2025",1,"Meiracyllium trinasutum",16.9129972222222,-93.0579444444444,"2009-07-08","change1: Corrected taxonRank (SPECIES→FORM); kept scientificName as-is. | change2: Filled coordinateUncertaintyInMeters from decimal-place precision (conservative). | epi_taxo: acceptedName(match1); authorship_epig(match1); genus_from_scientificName; family_WFO; order_majorGroup_WCVP [2026-03-11] | CoordinateCleaner QA applied without sea test (validity, equal, zeros, capitals, centroids, gbif, institutions) [2026-03-29]","","Colección","J.A.E.J.","J.A.E.J."
"2187","HEM2025_2187","PreservedSpecimen","Coleccion",NA,"UNICACH","FORM","HEM","N.M.M.","2673","N.M.M.","E","HEM2025",1,"Meiracyllium trinasutum",16.9651555555556,-93.2305583333333,"2009-06-01","change1: Corrected taxonRank (SPECIES→FORM); kept scientificName as-is. | change2: Filled coordinateUncertaintyInMeters from decimal-place precision (conservative). | epi_taxo: acceptedName(match1); authorship_epig(match1); genus_from_scientificName; family_WFO; order_majorGroup_WCVP [2026-03-11] | CoordinateCleaner QA applied without sea test (validity, equal, zeros, capitals, centroids, gbif, institutions) [2026-03-29]","","Colección","N.M.M.","N.M.M."
"2188","HEM2025_2188","PreservedSpecimen","Coleccion",NA,"UNICACH","FORM","HEM","N.M.M.","349","G.A.S.","E","HEM2025",1,"Meiracyllium trinasutum",15.8775,-93.2275,"2002-05-25","change1: Corrected taxonRank (SPECIES→FORM); kept scientificName as-is. | change2: Filled coordinateUncertaintyInMeters from decimal-place precision (conservative). | epi_taxo: acceptedName(match1); authorship_epig(match1); genus_from_scientificName; family_WFO; order_majorGroup_WCVP [2026-03-11] | CoordinateCleaner QA applied without sea test (validity, equal, zeros, capitals, centroids, gbif, institutions) [2026-03-29]","","Colección","N.M.M.","G.A.S."
"2189","HEM2025_2189","PreservedSpecimen","Coleccion",NA,"UNICACH","SPECIES","HEM","N.M.M.","1621","N.M.M.","E","HEM2025",1,"Mormodes aromatica",16.4900833333333,-93.3834444444445,"2006-06-07","change1: Filled coordinateUncertaintyInMeters from decimal-place precision (conservative). | epi_taxo: acceptedName(match1); authorship_epig(match1); genus_from_scientificName; family_WFO; order_majorGroup_WCVP [2026-03-11] | CoordinateCleaner QA applied without sea test (validity, equal, zeros, capitals, centroids, gbif, institutions) [2026-03-29]","","Colección","N.M.M.","N.M.M."
"2190","HEM2025_2190","PreservedSpecimen","Coleccion",NA,"UNICACH","SPECIES","HEM","H.G.D.","1039","H.G.D.","E","HEM2025",1,"Mormodes nagelii",15.6212222222222,-92.6844166666667,"2005-06-14","change1: Filled coordinateUncertaintyInMeters from decimal-place precision (conservative). | epi_taxo: acceptedName(match1); authorship_epig(match1); genus_from_scientificName; family_WFO; order_majorGroup_WCVP [2026-03-11] | CoordinateCleaner QA applied without sea test (validity, equal, zeros, capitals, centroids, gbif, institutions) [2026-03-29]","","Colección","H.G.D.","H.G.D."
"2191","HEM2025_2191","PreservedSpecimen","Coleccion",NA,"UNICACH","SPECIES","HEM","H.R.E.","3-bis","H.R.E.","E","HEM2025",1,"Mormodes nagelii",15.7072222222222,-92.9841666666667,"2005-04-22","change1: Filled coordinateUncertaintyInMeters from decimal-place precision (conservative). | epi_taxo: acceptedName(match1); authorship_epig(match1); genus_from_scientificName; family_WFO; order_majorGroup_WCVP [2026-03-11] | CoordinateCleaner QA applied without sea test (validity, equal, zeros, capitals, centroids, gbif, institutions) [2026-03-29]","","Colección","H.R.E.","H.R.E."
"2192","HEM2025_2192","PreservedSpecimen","Coleccion",NA,"UNICACH","SPECIES","HEM","N.M.M.","102","G.A.S.","E","HEM2025",1,"Mormodes nagelii",15.7011111111111,-92.9816666666667,"2001-08-01","change1: Filled coordinateUncertaintyInMeters from decimal-place precision (conservative). | epi_taxo: acceptedName(match1); authorship_epig(match1); genus_from_scientificName; family_WFO; order_majorGroup_WCVP [2026-03-11] | CoordinateCleaner QA applied without sea test (validity, equal, zeros, capitals, centroids, gbif, institutions) [2026-03-29]","","Colección","N.M.M.","G.A.S."
"2193","HEM2025_2193","PreservedSpecimen","Coleccion",NA,"UNICACH","GENUS","HEM","N.M.M.","1025","N.M.M.","E","HEM2025",NA,"",15.4593333333333,-92.6576111111111,"2005-07-23","change1: Genus placeholder (sp./spp.): moved to 'genus', set taxonRank=GENUS, cleared scientificName; kept original in verbatim. | change2: Filled coordinateUncertaintyInMeters from decimal-place precision (conservative). | epi_taxo: acceptedName(match1); authorship_epig(match1); genus_from_scientificName; family_WFO; order_majorGroup_WCVP [2026-03-11] | CoordinateCleaner QA applied without sea test (validity, equal, zeros, capitals, centroids, gbif, institutions) [2026-03-29]","","Colección","N.M.M.","N.M.M."
"2194","HEM2025_2194","PreservedSpecimen","Coleccion",NA,"UNICACH","SPECIES","HEM","J.M.M.","893","J.M.M.","E","HEM2025",1,"Mormodes tuxtlensis",15.8059166666667,-93.0508055555556,"2005-06-06","change1: Filled coordinateUncertaintyInMeters from decimal-place precision (conservative). | epi_taxo: acceptedName(match1); authorship_epig(match1); genus_from_scientificName; family_WFO; order_majorGroup_WCVP [2026-03-11] | CoordinateCleaner QA applied without sea test (validity, equal, zeros, capitals, centroids, gbif, institutions) [2026-03-29]","","Colección","J.M.M.","J.M.M."
"2195","HEM2025_2195","PreservedSpecimen","Coleccion",NA,"UNICACH","SPECIES","HEM","R.S.M.","28","R.S.M.","E","HEM2025",1,"Maxillaria lineolata",15.8944444444444,-93.7293888888889,"2006-04-08","change1: Filled coordinateUncertaintyInMeters from decimal-place precision (conservative). | epi_taxo: acceptedName(match1); authorship_epig(match1); genus_from_scientificName; family_WFO; order_majorGroup_WCVP [2026-03-11] | CoordinateCleaner QA applied without sea test (validity, equal, zeros, capitals, centroids, gbif, institutions) [2026-03-29]","","Colección","R.S.M.","R.S.M."
"2196","HEM2025_2196","PreservedSpecimen","Coleccion",NA,"UNICACH","SPECIES","HEM","J.M.M.","148","O.F.S. | Cachon, T.C.","E","HEM2025",1,"Maxillaria lineolata",15.9238888888889,-93.3622222222222,"2002-11-16","change1: Filled coordinateUncertaintyInMeters from decimal-place precision (conservative). | epi_taxo: acceptedName(match1); authorship_epig(match1); genus_from_scientificName; family_WFO; order_majorGroup_WCVP [2026-03-11] | CoordinateCleaner QA applied without sea test (validity, equal, zeros, capitals, centroids, gbif, institutions) [2026-03-29]","standardized authors names in identifiedBy","Colección","J.M.M.","O.F.S. & T.C. Cachón"
"2197","HEM2025_2197","PreservedSpecimen","Coleccion",NA,"UNICACH","SPECIES","HEM","R.S.M.","27-bis","R.S.M.","E","HEM2025",1,"Myrmecophila tibicinis",16.7478055555556,-93.3515555555555,"2006-04-25","change1: Filled coordinateUncertaintyInMeters from decimal-place precision (conservative). | epi_taxo: acceptedName(match1); authorship_epig(match1); genus_from_scientificName; family_WFO; order_majorGroup_WCVP [2026-03-11] | CoordinateCleaner QA applied without sea test (validity, equal, zeros, capitals, centroids, gbif, institutions) [2026-03-29]","","Colección","R.S.M.","R.S.M."
"2198","HEM2025_2198","PreservedSpecimen","Coleccion",NA,"UNICACH","SPECIES","HEM","C.L.M.M.","30","G.A.S.","E","HEM2025",1,"Myrmecophila tibicinis",16.6680555555556,-93.4152777777778,"1994-04-17","change1: Filled coordinateUncertaintyInMeters from decimal-place precision (conservative). | epi_taxo: acceptedName(match1); authorship_epig(match1); genus_from_scientificName; family_WFO; order_majorGroup_WCVP [2026-03-11] | CoordinateCleaner QA applied without sea test (validity, equal, zeros, capitals, centroids, gbif, institutions) [2026-03-29]","","Colección","C.L.M.M.","G.A.S."
"2199","HEM2025_2199","PreservedSpecimen","Coleccion",NA,"UNICACH","SPECIES","HEM","G.K.G.R.","31","C.R.B.B.","E","HEM2025",1,"Domingoa purpurea",16.9333333333333,-93.1866666666667,"2005-05-14","change1: Filled coordinateUncertaintyInMeters from decimal-place precision (conservative). | epi_taxo: acceptedName(match1); authorship_epig(match1); genus_from_scientificName; family_WFO; order_majorGroup_WCVP [2026-03-11] | CoordinateCleaner QA applied without sea test (validity, equal, zeros, capitals, centroids, gbif, institutions) [2026-03-29]","","Colección","G.K.G.R.","C.R.B.B."
"2200","HEM2025_2200","PreservedSpecimen","Coleccion",NA,"UNICACH","SPECIES","HEM","Najarro, F.H.","920","O.F.S. | Cachon, T.C.","E","HEM2025",1,"Domingoa purpurea",16.0063888888889,-93.4205555555556,"2002-06-29","change1: Filled coordinateUncertaintyInMeters from decimal-place precision (conservative). | epi_taxo: acceptedName(match1); authorship_epig(match1); genus_from_scientificName; family_WFO; order_majorGroup_WCVP [2026-03-11] | CoordinateCleaner QA applied without sea test (validity, equal, zeros, capitals, centroids, gbif, institutions) [2026-03-29]","standardized authors names in recordedBy / standardized authors names in identifiedBy","Colección","F.H. Najarro","O.F.S. & T.C. Cachón"
"2201","HEM2025_2201","PreservedSpecimen","Coleccion",NA,"UNICACH","SPECIES","HEM","Najarro, F.H. | M N.M.G. | U.G.M.","920","O.F.S. | Cachon, T.C.","E","HEM2025",1,"Domingoa purpurea",16.0063888888889,-93.4205555555556,"2002-06-29","change1: Filled coordinateUncertaintyInMeters from decimal-place precision (conservative). | epi_taxo: acceptedName(match1); authorship_epig(match1); genus_from_scientificName; family_WFO; order_majorGroup_WCVP [2026-03-11] | CoordinateCleaner QA applied without sea test (validity, equal, zeros, capitals, centroids, gbif, institutions) [2026-03-29]","standardized authors names in recordedBy / standardized authors names in identifiedBy","Colección","F.H. Najarro & M N.M.G. & U.G.M.","O.F.S. & T.C. Cachón"
"2202","HEM2025_2202","PreservedSpecimen","Coleccion",NA,"UNICACH","SPECIES","HEM","Najarro, F.H. | U.G.M.","759","N.M.M.","E","HEM2025",1,"Nemaconia striata",16.0077777777778,-93.4638888888889,"2002-02-03","change1: Trimmed whitespace in verbatimScientificName (and standardized blanks to NA) | change2: Filled coordinateUncertaintyInMeters from decimal-place precision (conservative). | epi_taxo: acceptedName(match1); authorship_epig(match1); genus_from_scientificName; family_WFO; order_majorGroup_WCVP [2026-03-11] | CoordinateCleaner QA applied without sea test (validity, equal, zeros, capitals, centroids, gbif, institutions) [2026-03-29]","standardized authors names in recordedBy","Colección","F.H. Najarro & U.G.M.","N.M.M."
"2203","HEM2025_2203","PreservedSpecimen","Coleccion",NA,"UNICACH","SPECIES","HEM","F.E.P.C.","208","Cachon, T.C.","E","HEM2025",1,"Nidema boothii",15.8541666666667,-93.2180555555556,"1999-05-28","change1: Filled coordinateUncertaintyInMeters from decimal-place precision (conservative). | epi_taxo: acceptedName(match1); authorship_epig(match1); genus_from_scientificName; family_WFO; order_majorGroup_WCVP [2026-03-11] | CoordinateCleaner QA applied without sea test (validity, equal, zeros, capitals, centroids, gbif, institutions) [2026-03-29]","standardized authors names in identifiedBy","Colección","F.E.P.C.","T.C. Cachón"
"2204","HEM2025_2204","PreservedSpecimen","Coleccion",NA,"UNICACH","SPECIES","HEM","E.D.R.","12","E.D.R.","E","HEM2025",1,"Nidema boothii",15.5216666666667,-92.5744444444444,"2005-03-21","change1: Filled coordinateUncertaintyInMeters from decimal-place precision (conservative). | epi_taxo: acceptedName(match1); authorship_epig(match1); genus_from_scientificName; family_WFO; order_majorGroup_WCVP [2026-03-11] | CoordinateCleaner QA applied without sea test (validity, equal, zeros, capitals, centroids, gbif, institutions) [2026-03-29]","","Colección","E.D.R.","E.D.R."
"2205","HEM2025_2205","PreservedSpecimen","Coleccion",NA,"UNICACH","SPECIES","HEM","H.R.E.","63","H.R.E.","E","HEM2025",1,"Nidema boothii",15.5490833333333,-92.6077222222222,"2005-07-21","change1: Filled coordinateUncertaintyInMeters from decimal-place precision (conservative). | epi_taxo: acceptedName(match1); authorship_epig(match1); genus_from_scientificName; family_WFO; order_majorGroup_WCVP [2026-03-11] | CoordinateCleaner QA applied without sea test (validity, equal, zeros, capitals, centroids, gbif, institutions) [2026-03-29]","","Colección","H.R.E.","H.R.E."
"2206","HEM2025_2206","PreservedSpecimen","Coleccion",NA,"UNICACH","SPECIES","HEM","E.M.L.","239","O.F.S. | Cachon, T.C.","E","HEM2025",1,"Nidema boothii",16.0011111111111,-93.4072222222222,"2002-06-29","change1: Filled coordinateUncertaintyInMeters from decimal-place precision (conservative). | epi_taxo: acceptedName(match1); authorship_epig(match1); genus_from_scientificName; family_WFO; order_majorGroup_WCVP [2026-03-11] | CoordinateCleaner QA applied without sea test (validity, equal, zeros, capitals, centroids, gbif, institutions) [2026-03-29]","standardized authors names in identifiedBy","Colección","E.M.L.","O.F.S. & T.C. Cachón"
"2207","HEM2025_2207","PreservedSpecimen","Coleccion",NA,"UNICACH","SPECIES","HEM","N.J.M.G.","58","N.J.M.G.","E","HEM2025",1,"Nidema boothii",15.7304444444444,-92.9659722222222,"2006-06-14","change1: Filled coordinateUncertaintyInMeters from decimal-place precision (conservative). | epi_taxo: acceptedName(match1); authorship_epig(match1); genus_from_scientificName; family_WFO; order_majorGroup_WCVP [2026-03-11] | CoordinateCleaner QA applied without sea test (validity, equal, zeros, capitals, centroids, gbif, institutions) [2026-03-29]","","Colección","N.J.M.G.","N.J.M.G."
"2208","HEM2025_2208","PreservedSpecimen","Coleccion",NA,"UNICACH","SPECIES","HEM","N.M.M.","1344","N.M.M.","E","HEM2025",1,"Nidema boothii",15.46,-92.65825,"2006-03-22","change1: Filled coordinateUncertaintyInMeters from decimal-place precision (conservative). | epi_taxo: acceptedName(match1); authorship_epig(match1); genus_from_scientificName; family_WFO; order_majorGroup_WCVP [2026-03-11] | CoordinateCleaner QA applied without sea test (validity, equal, zeros, capitals, centroids, gbif, institutions) [2026-03-29]","","Colección","N.M.M.","N.M.M."
"2209","HEM2025_2209","PreservedSpecimen","Coleccion",NA,"UNICACH","SPECIES","HEM","A.J.U.B.","10","J.M.M.","E","HEM2025",1,"Nidema boothii",17.1855555555556,-93.0655555555555,"2007-04-08","change1: Filled coordinateUncertaintyInMeters from decimal-place precision (conservative). | epi_taxo: acceptedName(match1); authorship_epig(match1); genus_from_scientificName; family_WFO; order_majorGroup_WCVP [2026-03-11] | CoordinateCleaner QA applied without sea test (validity, equal, zeros, capitals, centroids, gbif, institutions) [2026-03-29]","","Colección","A.J.U.B.","J.M.M."
"2210","HEM2025_2210","PreservedSpecimen","Coleccion",NA,"UNICACH","SPECIES","HEM","Camilo, R.M.","1154","N.M.M.","E","HEM2025",1,"Nidema boothii",15.7549083333333,-92.82765,"2006-03-12","change1: Filled coordinateUncertaintyInMeters from decimal-place precision (conservative). | epi_taxo: acceptedName(match1); authorship_epig(match1); genus_from_scientificName; family_WFO; order_majorGroup_WCVP [2026-03-11] | CoordinateCleaner QA applied without sea test (validity, equal, zeros, capitals, centroids, gbif, institutions) [2026-03-29]","standardized authors names in recordedBy","Colección","R.M. Camilo","N.M.M."
"2211","HEM2025_2211","PreservedSpecimen","Coleccion",NA,"UNICACH","SPECIES","HEM","J.A.E.J.","834","J.A.E.J.","E","HEM2025",1,"Nidema boothii",16.9297694444444,-93.0053138888889,"2009-05-21","change1: Filled coordinateUncertaintyInMeters from decimal-place precision (conservative). | epi_taxo: acceptedName(match1); authorship_epig(match1); genus_from_scientificName; family_WFO; order_majorGroup_WCVP [2026-03-11] | CoordinateCleaner QA applied without sea test (validity, equal, zeros, capitals, centroids, gbif, institutions) [2026-03-29]","","Colección","J.A.E.J.","J.A.E.J."
"2212","HEM2025_2212","PreservedSpecimen","Coleccion",NA,"UNICACH","SPECIES","HEM","M.M.M.","236","N.M.M.","E","HEM2025",1,"Nidema boothii",16.9519472222222,-92.9529805555556,"2009-04-16","change1: Filled coordinateUncertaintyInMeters from decimal-place precision (conservative). | epi_taxo: acceptedName(match1); authorship_epig(match1); genus_from_scientificName; family_WFO; order_majorGroup_WCVP [2026-03-11] | CoordinateCleaner QA applied without sea test (validity, equal, zeros, capitals, centroids, gbif, institutions) [2026-03-29]","","Colección","M.M.M.","N.M.M."
"2213","HEM2025_2213","PreservedSpecimen","Coleccion",NA,"UNICACH","SPECIES","HEM","H.G.D.","263","O.F.S. | Cachon, T.C.","E","HEM2025",1,"Nidema boothii",15.9975,-93.4847222222222,"2003-05-01","change1: Filled coordinateUncertaintyInMeters from decimal-place precision (conservative). | epi_taxo: acceptedName(match1); authorship_epig(match1); genus_from_scientificName; family_WFO; order_majorGroup_WCVP [2026-03-11] | CoordinateCleaner QA applied without sea test (validity, equal, zeros, capitals, centroids, gbif, institutions) [2026-03-29]","standardized authors names in identifiedBy","Colección","H.G.D.","O.F.S. & T.C. Cachón"
"2214","HEM2025_2214","PreservedSpecimen","Coleccion",NA,"UNICACH","SPECIES","HEM","J.M.M.","245","O.F.S.","E","HEM2025",1,"Nidema boothii",15.9897222222222,-93.41,"2003-06-22","change1: Filled coordinateUncertaintyInMeters from decimal-place precision (conservative). | epi_taxo: acceptedName(match1); authorship_epig(match1); genus_from_scientificName; family_WFO; order_majorGroup_WCVP [2026-03-11] | CoordinateCleaner QA applied without sea test (validity, equal, zeros, capitals, centroids, gbif, institutions) [2026-03-29]","","Colección","J.M.M.","O.F.S."
"2215","HEM2025_2215","PreservedSpecimen","Coleccion",NA,"UNICACH","SPECIES","HEM","A.R.G. | D.G.C. | C.C.H.","4759","M.A.S.A.","E","HEM2025",1,"Nidema boothii",16.25,-93.3394444444444,"2002-05-29","change1: Filled coordinateUncertaintyInMeters from decimal-place precision (conservative). | epi_taxo: acceptedName(match1); authorship_epig(match1); genus_from_scientificName; family_WFO; order_majorGroup_WCVP [2026-03-11] | CoordinateCleaner QA applied without sea test (validity, equal, zeros, capitals, centroids, gbif, institutions) [2026-03-29]","standardized authors names in recordedBy","Colección","A.R.G. & D.G.C. & C.C.H.","M.A.S.A."
"2216","HEM2025_2216","PreservedSpecimen","Coleccion",NA,"UNICACH","SPECIES","HEM","A.R.G. | D.G.C. | C.C.H.","4759","M.A.S.A.","E","HEM2025",1,"Nidema boothii",16.25,-93.3394444444444,"2002-05-29","change1: Filled coordinateUncertaintyInMeters from decimal-place precision (conservative). | epi_taxo: acceptedName(match1); authorship_epig(match1); genus_from_scientificName; family_WFO; order_majorGroup_WCVP [2026-03-11] | CoordinateCleaner QA applied without sea test (validity, equal, zeros, capitals, centroids, gbif, institutions) [2026-03-29]","standardized authors names in recordedBy","Colección","A.R.G. & D.G.C. & C.C.H.","M.A.S.A."
"2217","HEM2025_2217","PreservedSpecimen","Coleccion",NA,"UNICACH","SPECIES","HEM","G.L.V.","63","G.L.V.","E","HEM2025",1,"Notylia barkeri",15.0366666666667,-92.1227777777778,"2005-06-23","change1: Filled coordinateUncertaintyInMeters from decimal-place precision (conservative). | epi_taxo: acceptedName(match1); authorship_epig(match1); genus_from_scientificName; family_WFO; order_majorGroup_WCVP [2026-03-11] | CoordinateCleaner QA applied without sea test (validity, equal, zeros, capitals, centroids, gbif, institutions) [2026-03-29]","","Colección","G.L.V.","G.L.V."
"2218","HEM2025_2218","PreservedSpecimen","Coleccion",NA,"UNICACH","SPECIES","HEM","N.M.M.","479","N.M.M.","E","HEM2025",1,"Notylia barkeri",16.9019444444444,-93.4736111111111,"2001-08-24","change1: Filled coordinateUncertaintyInMeters from decimal-place precision (conservative). | epi_taxo: acceptedName(match1); authorship_epig(match1); genus_from_scientificName; family_WFO; order_majorGroup_WCVP [2026-03-11] | CoordinateCleaner QA applied without sea test (validity, equal, zeros, capitals, centroids, gbif, institutions) [2026-03-29]","","Colección","N.M.M.","N.M.M."
"2219","HEM2025_2219","PreservedSpecimen","Coleccion",NA,"UNICACH","SPECIES","HEM","R.K.R.M.","17","R.K.R.M.","E","HEM2025",1,"Notylia barkeri",16.7986111111111,-93.2555555555556,"2004-04-19","change1: Filled coordinateUncertaintyInMeters from decimal-place precision (conservative). | epi_taxo: acceptedName(match1); authorship_epig(match1); genus_from_scientificName; family_WFO; order_majorGroup_WCVP [2026-03-11] | CoordinateCleaner QA applied without sea test (validity, equal, zeros, capitals, centroids, gbif, institutions) [2026-03-29]","","Colección","R.K.R.M.","R.K.R.M."
"2220","HEM2025_2220","PreservedSpecimen","Coleccion",NA,"UNICACH","SPECIES","HEM","D.Z.P.","16","D.Z.P.","E","HEM2025",1,"Notylia barkeri",16.9305555555556,-93.41875,"2006-02-25","change1: Filled coordinateUncertaintyInMeters from decimal-place precision (conservative). | epi_taxo: acceptedName(match1); authorship_epig(match1); genus_from_scientificName; family_WFO; order_majorGroup_WCVP [2026-03-11] | CoordinateCleaner QA applied without sea test (validity, equal, zeros, capitals, centroids, gbif, institutions) [2026-03-29]","","Colección","D.Z.P.","D.Z.P."
"2221","HEM2025_2221","PreservedSpecimen","Coleccion",NA,"UNICACH","SPECIES","HEM","E.M.O.","22","E.M.O.","E","HEM2025",1,"Notylia barkeri",17.5033333333333,-93.1216666666667,"2006-04-02","change1: Filled coordinateUncertaintyInMeters from decimal-place precision (conservative). | epi_taxo: acceptedName(match1); authorship_epig(match1); genus_from_scientificName; family_WFO; order_majorGroup_WCVP [2026-03-11] | CoordinateCleaner QA applied without sea test (validity, equal, zeros, capitals, centroids, gbif, institutions) [2026-03-29]","","Colección","E.M.O.","E.M.O."
"2222","HEM2025_2222","PreservedSpecimen","Coleccion",NA,"UNICACH","SPECIES","HEM","A.L.C.","176","A.L.C.","E","HEM2025",1,"Notylia barkeri",15.3744444444444,-92.6611111111111,"2006-01-07","change1: Filled coordinateUncertaintyInMeters from decimal-place precision (conservative). | epi_taxo: acceptedName(match1); authorship_epig(match1); genus_from_scientificName; family_WFO; order_majorGroup_WCVP [2026-03-11] | CoordinateCleaner QA applied without sea test (validity, equal, zeros, capitals, centroids, gbif, institutions) [2026-03-29]","","Colección","A.L.C.","A.L.C."
"2223","HEM2025_2223","PreservedSpecimen","Coleccion",NA,"UNICACH","SPECIES","HEM","A.L.C.","278","A.L.C.","E","HEM2025",1,"Notylia barkeri",15.3797222222222,-92.6541666666667,"2006-04-11","change1: Filled coordinateUncertaintyInMeters from decimal-place precision (conservative). | epi_taxo: acceptedName(match1); authorship_epig(match1); genus_from_scientificName; family_WFO; order_majorGroup_WCVP [2026-03-11] | CoordinateCleaner QA applied without sea test (validity, equal, zeros, capitals, centroids, gbif, institutions) [2026-03-29]","","Colección","A.L.C.","A.L.C."
"2224","HEM2025_2224","PreservedSpecimen","Coleccion",NA,"UNICACH","SPECIES","HEM","N.M.M.","880","N.M.M.","E","HEM2025",1,"Notylia barkeri",15.7735277777778,-93.1635555555556,"2005-05-21","change1: Filled coordinateUncertaintyInMeters from decimal-place precision (conservative). | epi_taxo: acceptedName(match1); authorship_epig(match1); genus_from_scientificName; family_WFO; order_majorGroup_WCVP [2026-03-11] | CoordinateCleaner QA applied without sea test (validity, equal, zeros, capitals, centroids, gbif, institutions) [2026-03-29]","","Colección","N.M.M.","N.M.M."
"2225","HEM2025_2225","PreservedSpecimen","Coleccion",NA,"UNICACH","SPECIES","HEM","G.U. | E.M.S. | A.M.G.","70","W.C.I.","E","HEM2025",1,"Notylia barkeri",16.6608333333333,-90.8108333333333,"1987-05-16","change1: Filled coordinateUncertaintyInMeters from decimal-place precision (conservative). | epi_taxo: acceptedName(match1); authorship_epig(match1); genus_from_scientificName; family_WFO; order_majorGroup_WCVP [2026-03-11] | CoordinateCleaner QA applied without sea test (validity, equal, zeros, capitals, centroids, gbif, institutions) [2026-03-29]","standardized authors names in recordedBy","Colección","G.U. & E.M.S. & A.M.G.","W.C.I."
"2226","HEM2025_2226","PreservedSpecimen","Coleccion",NA,"UNICACH","SPECIES","HEM","A.S.N.V.","42","W.C.I.","E","HEM2025",1,"Notylia barkeri",16.6430555555556,-93.3997222222222,"2002-05-04","change1: Filled coordinateUncertaintyInMeters from decimal-place precision (conservative). | epi_taxo: acceptedName(match1); authorship_epig(match1); genus_from_scientificName; family_WFO; order_majorGroup_WCVP [2026-03-11] | CoordinateCleaner QA applied without sea test (validity, equal, zeros, capitals, centroids, gbif, institutions) [2026-03-29]","","Colección","A.S.N.V.","W.C.I."
"2227","HEM2025_2227","PreservedSpecimen","Coleccion",NA,"UNICACH","SPECIES","HEM","A.S.N.V.","42","W.C.I.","E","HEM2025",1,"Notylia barkeri",16.6430555555556,-93.3997222222222,"2002-05-04","change1: Filled coordinateUncertaintyInMeters from decimal-place precision (conservative). | epi_taxo: acceptedName(match1); authorship_epig(match1); genus_from_scientificName; family_WFO; order_majorGroup_WCVP [2026-03-11] | CoordinateCleaner QA applied without sea test (validity, equal, zeros, capitals, centroids, gbif, institutions) [2026-03-29]","","Colección","A.S.N.V.","W.C.I."
"2228","HEM2025_2228","PreservedSpecimen","Coleccion",NA,"UNICACH","SPECIES","HEM","Camilo, R.M.","762","G.L.V.","E","HEM2025",1,"Notylia barkeri",16.8791666666667,-93.4566666666667,"2003-03-19","change1: Filled coordinateUncertaintyInMeters from decimal-place precision (conservative). | epi_taxo: acceptedName(match1); authorship_epig(match1); genus_from_scientificName; family_WFO; order_majorGroup_WCVP [2026-03-11] | CoordinateCleaner QA applied without sea test (validity, equal, zeros, capitals, centroids, gbif, institutions) [2026-03-29]","standardized authors names in recordedBy","Colección","R.M. Camilo","G.L.V."
"2229","HEM2025_2229","PreservedSpecimen","Coleccion",NA,"UNICACH","SPECIES","HEM","Camilo, R.M.","762","G.L.V.","E","HEM2025",1,"Notylia barkeri",16.8791666666667,-93.4566666666667,"2003-03-19","change1: Filled coordinateUncertaintyInMeters from decimal-place precision (conservative). | epi_taxo: acceptedName(match1); authorship_epig(match1); genus_from_scientificName; family_WFO; order_majorGroup_WCVP [2026-03-11] | CoordinateCleaner QA applied without sea test (validity, equal, zeros, capitals, centroids, gbif, institutions) [2026-03-29]","standardized authors names in recordedBy","Colección","R.M. Camilo","G.L.V."
"2230","HEM2025_2230","PreservedSpecimen","Coleccion",NA,"UNICACH","GENUS","HEM","F.G.M.A.","48","G.A.S.","E","HEM2025",NA,"",16.6430555555556,-93.3997222222222,"2002-05-11","change1: Genus placeholder (sp./spp.): moved to 'genus', set taxonRank=GENUS, cleared scientificName; kept original in verbatim. | change2: Filled coordinateUncertaintyInMeters from decimal-place precision (conservative). | epi_taxo: acceptedName(match1); authorship_epig(match1); genus_from_scientificName; family_WFO; order_majorGroup_WCVP [2026-03-11] | CoordinateCleaner QA applied without sea test (validity, equal, zeros, capitals, centroids, gbif, institutions) [2026-03-29]","","Colección","F.G.M.A.","G.A.S."
"2231","HEM2025_2231","PreservedSpecimen","Coleccion",NA,"UNICACH","GENUS","HEM","F.G.M.A.","48","G.A.S.","E","HEM2025",NA,"",16.6430555555556,-93.3997222222222,"2002-05-11","change1: Genus placeholder (sp./spp.): moved to 'genus', set taxonRank=GENUS, cleared scientificName; kept original in verbatim. | change2: Filled coordinateUncertaintyInMeters from decimal-place precision (conservative). | epi_taxo: acceptedName(match1); authorship_epig(match1); genus_from_scientificName; family_WFO; order_majorGroup_WCVP [2026-03-11] | CoordinateCleaner QA applied without sea test (validity, equal, zeros, capitals, centroids, gbif, institutions) [2026-03-29]","","Colección","F.G.M.A.","G.A.S."
"2232","HEM2025_2232","PreservedSpecimen","Coleccion",NA,"UNICACH","SPECIES","HEM","H.G.D.","2507","H.G.D.","E","HEM2025",1,"Eulophia maculata",16.9614166666667,-93.0526944444444,"2009-08-19","change1: Filled coordinateUncertaintyInMeters from decimal-place precision (conservative). | epi_taxo: acceptedName(match1); authorship_epig(match1); genus_from_scientificName; family_WFO; order_majorGroup_WCVP [2026-03-11] | CoordinateCleaner QA applied without sea test (validity, equal, zeros, capitals, centroids, gbif, institutions) [2026-03-29]","","Colección","H.G.D.","H.G.D."
"2233","HEM2025_2233","PreservedSpecimen","Coleccion",NA,"UNICACH","SPECIES","HEM","N.M.M. | R.V.H.","3611","N.M.M.","E","HEM2025",1,"Trichocentrum bicallosum",15.1259444444444,-92.18,"2014-09-23","change1: Filled coordinateUncertaintyInMeters from decimal-place precision (conservative). | epi_taxo: acceptedName(match1); authorship_epig(match1); genus_from_scientificName; family_WFO; order_majorGroup_WCVP [2026-03-11] | CoordinateCleaner QA applied without sea test (validity, equal, zeros, capitals, centroids, gbif, institutions) [2026-03-29]","standardized authors names in recordedBy","Colección","N.M.M. & R.V.H.","N.M.M."
"2234","HEM2025_2234","PreservedSpecimen","Coleccion",NA,"UNICACH","SPECIES","HEM","M.A.S.A. | I.A. | R.J.M.","3498","ND","E","HEM2025",1,"Cuitlauzina candida",15.0775,-92.0941666666667,"1987-08-16","change1: Filled coordinateUncertaintyInMeters from decimal-place precision (conservative). | epi_taxo: acceptedName(match1); authorship_epig(match1); genus_from_scientificName; family_WFO; order_majorGroup_WCVP [2026-03-11] | CoordinateCleaner QA applied without sea test (validity, equal, zeros, capitals, centroids, gbif, institutions) [2026-03-29]","standardized authors names in recordedBy","Colección","M.A.S.A. & I.A. & R.J.M.","ND"
"2235","HEM2025_2235","PreservedSpecimen","Coleccion",NA,"UNICACH","SPECIES","HEM","M.A.S.A. | L.M.C. | G.A.S.","1696","ND","E","HEM2025",1,"Cuitlauzina candida",15.0902777777778,-92.1013888888889,"1985-09-15","change1: Filled coordinateUncertaintyInMeters from decimal-place precision (conservative). | epi_taxo: acceptedName(match1); authorship_epig(match1); genus_from_scientificName; family_WFO; order_majorGroup_WCVP [2026-03-11] | CoordinateCleaner QA applied without sea test (validity, equal, zeros, capitals, centroids, gbif, institutions) [2026-03-29]","standardized authors names in recordedBy","Colección","M.A.S.A. & L.M.C. & G.A.S.","ND"
"2236","HEM2025_2236","PreservedSpecimen","Coleccion",NA,"UNICACH","SPECIES","HEM","E.M.S. | A.M.G. | G.U. | M.R.","20015","R.J.M.","E","HEM2025",1,"Oncidium laeve",15.4027777777778,-92.2469444444445,"1987-02-11","change1: Filled coordinateUncertaintyInMeters from decimal-place precision (conservative). | epi_taxo: acceptedName(match1); authorship_epig(match1); genus_from_scientificName; family_WFO; order_majorGroup_WCVP [2026-03-11] | CoordinateCleaner QA applied without sea test (validity, equal, zeros, capitals, centroids, gbif, institutions) [2026-03-29]","standardized authors names in recordedBy","Colección","E.M.S. & A.M.G. & G.U. & M.R.","R.J.M."
"2237","HEM2025_2237","PreservedSpecimen","Coleccion",NA,"UNICACH","SPECIES","HEM","E.M.S. | A.M.G. | G.U.","20014","G.A.S.","E","HEM2025",1,"Oncidium laeve",15.4027777777778,-92.2469444444445,"1987-02-11","change1: Filled coordinateUncertaintyInMeters from decimal-place precision (conservative). | epi_taxo: acceptedName(match1); authorship_epig(match1); genus_from_scientificName; family_WFO; order_majorGroup_WCVP [2026-03-11] | CoordinateCleaner QA applied without sea test (validity, equal, zeros, capitals, centroids, gbif, institutions) [2026-03-29]","standardized authors names in recordedBy","Colección","E.M.S. & A.M.G. & G.U.","G.A.S."
"2238","HEM2025_2238","PreservedSpecimen","Coleccion",NA,"UNICACH","SPECIES","HEM","M.M.M. | D.A.J.L. | R.J.R.V.","5540","R.J.M.","E","HEM2025",1,"Oncidium laeve",15.1179722222222,-92.1553333333333,"2015-03-26","change1: Filled coordinateUncertaintyInMeters from decimal-place precision (conservative). | epi_taxo: acceptedName(match1); authorship_epig(match1); genus_from_scientificName; family_WFO; order_majorGroup_WCVP [2026-03-11] | CoordinateCleaner QA applied without sea test (validity, equal, zeros, capitals, centroids, gbif, institutions) [2026-03-29]","standardized authors names in recordedBy","Colección","M.M.M. & D.A.J.L. & R.J.R.V.","R.J.M."
"2239","HEM2025_2239","PreservedSpecimen","Coleccion",NA,"UNICACH","SPECIES","HEM","H.R.E.","16","H.R.E.","E","HEM2025",1,"Oncidium leucochilum",16.7013888888889,-92.6097222222222,"2005-07-15","change1: Filled coordinateUncertaintyInMeters from decimal-place precision (conservative). | epi_taxo: acceptedName(match1); authorship_epig(match1); genus_from_scientificName; family_WFO; order_majorGroup_WCVP [2026-03-11] | CoordinateCleaner QA applied without sea test (validity, equal, zeros, capitals, centroids, gbif, institutions) [2026-03-29]","","Colección","H.R.E.","H.R.E."
"2240","HEM2025_2240","PreservedSpecimen","Coleccion",NA,"UNICACH","SPECIES","HEM","H.R.E.","16","H.R.E.","E","HEM2025",1,"Oncidium leucochilum",16.7013888888889,-92.6097222222222,"2005-07-15","change1: Filled coordinateUncertaintyInMeters from decimal-place precision (conservative). | epi_taxo: acceptedName(match1); authorship_epig(match1); genus_from_scientificName; family_WFO; order_majorGroup_WCVP [2026-03-11] | CoordinateCleaner QA applied without sea test (validity, equal, zeros, capitals, centroids, gbif, institutions) [2026-03-29]","","Colección","H.R.E.","H.R.E."
"2241","HEM2025_2241","PreservedSpecimen","Coleccion",NA,"UNICACH","SPECIES","HEM","J.M.M.","40","N.M.M.","E","HEM2025",1,"Oncidium leucochilum",15.9691666666667,-93.4694444444444,"2002-04-28","change1: Filled coordinateUncertaintyInMeters from decimal-place precision (conservative). | epi_taxo: acceptedName(match1); authorship_epig(match1); genus_from_scientificName; family_WFO; order_majorGroup_WCVP [2026-03-11] | CoordinateCleaner QA applied without sea test (validity, equal, zeros, capitals, centroids, gbif, institutions) [2026-03-29]","","Colección","J.M.M.","N.M.M."
"2242","HEM2025_2242","PreservedSpecimen","Coleccion",NA,"UNICACH","FORM","HEM","M.M.M. | A.L.C.","4829","Camilo, R.M.","E","HEM2025",1,"Oncidium oliganthum",15.0942222222222,-92.1718611111111,"2014-08-15","change1: Corrected taxonRank (SPECIES→FORM); kept scientificName as-is. | change2: Filled coordinateUncertaintyInMeters from decimal-place precision (conservative). | epi_taxo: acceptedName(match1); authorship_epig(match1); genus_from_scientificName; family_WFO; order_majorGroup_WCVP [2026-03-11] | CoordinateCleaner QA applied without sea test (validity, equal, zeros, capitals, centroids, gbif, institutions) [2026-03-29]","standardized authors names in recordedBy / standardized authors names in identifiedBy","Colección","M.M.M. & A.L.C.","R.M. Camilo"
"2243","HEM2025_2243","PreservedSpecimen","Coleccion",NA,"UNICACH","SPECIES","HEM","N.M.M. | M.M.M. | R.V.H.","3610","R.J.M.","E","HEM2025",1,"Oncidium pergamineum",15.1259444444444,-92.18,"2014-09-24","change1: Filled coordinateUncertaintyInMeters from decimal-place precision (conservative). | epi_taxo: acceptedName(match1); authorship_epig(match1); genus_from_scientificName; family_WFO; order_majorGroup_WCVP [2026-03-11] | CoordinateCleaner QA applied without sea test (validity, equal, zeros, capitals, centroids, gbif, institutions) [2026-03-29]","standardized authors names in recordedBy","Colección","N.M.M. & M.M.M. & R.V.H.","R.J.M."
"2244","HEM2025_2244","PreservedSpecimen","Coleccion",NA,"UNICACH","SPECIES","HEM","M.M.M. | A.L.C.","4831","N.M.M.","E","HEM2025",1,"Oncidium poikilostalix",15.0942222222222,-92.1718611111111,"2014-08-15","change1: Filled coordinateUncertaintyInMeters from decimal-place precision (conservative). | epi_taxo: acceptedName(match1); authorship_epig(match1); genus_from_scientificName; family_WFO; order_majorGroup_WCVP [2026-03-11] | CoordinateCleaner QA applied without sea test (validity, equal, zeros, capitals, centroids, gbif, institutions) [2026-03-29]","standardized authors names in recordedBy","Colección","M.M.M. & A.L.C.","N.M.M."
"2245","HEM2025_2245","PreservedSpecimen","Coleccion",NA,"UNICACH","SPECIES","HEM","Camilo, R.M. | N.M.M.","2557","Camilo, R.M.","E","HEM2025",1,"Oncidium poikilostalix",15.0969444444444,-92.1347222222222,"2014-08-15","change1: Filled coordinateUncertaintyInMeters from decimal-place precision (conservative). | epi_taxo: acceptedName(match1); authorship_epig(match1); genus_from_scientificName; family_WFO; order_majorGroup_WCVP [2026-03-11] | CoordinateCleaner QA applied without sea test (validity, equal, zeros, capitals, centroids, gbif, institutions) [2026-03-29]","standardized authors names in recordedBy / standardized authors names in identifiedBy","Colección","R.M. Camilo & N.M.M.","R.M. Camilo"
"2246","HEM2025_2246","PreservedSpecimen","Coleccion",NA,"UNICACH","SPECIES","HEM","M.M.M. | M.C.R.M.","5163","N.M.M.","E","HEM2025",1,"Oncidium poikilostalix",15.1046944444444,-92.1807222222222,"2014-09-17","change1: Filled coordinateUncertaintyInMeters from decimal-place precision (conservative). | epi_taxo: acceptedName(match1); authorship_epig(match1); genus_from_scientificName; family_WFO; order_majorGroup_WCVP [2026-03-11] | CoordinateCleaner QA applied without sea test (validity, equal, zeros, capitals, centroids, gbif, institutions) [2026-03-29]","standardized authors names in recordedBy","Colección","M.M.M. & M.C.R.M.","N.M.M."
"2247","HEM2025_2247","PreservedSpecimen","Coleccion",NA,"UNICACH","SPECIES","HEM","F.E.P.C.","187","R.S","E","HEM2025",1,"Oncidium sotoanum",15.8775,-93.2275,"1999-04-30","change1: Filled coordinateUncertaintyInMeters from decimal-place precision (conservative). | epi_taxo: acceptedName(match1); authorship_epig(match1); genus_from_scientificName; family_WFO; order_majorGroup_WCVP [2026-03-11] | CoordinateCleaner QA applied without sea test (validity, equal, zeros, capitals, centroids, gbif, institutions) [2026-03-29]","","Colección","F.E.P.C.","R.S"
"2248","HEM2025_2248","PreservedSpecimen","Coleccion",NA,"UNICACH","SPECIES","HEM","Najarro, F.H. | U.G.M.","1066","R.S","E","HEM2025",1,"Oncidium sotoanum",15.9802777777778,-93.4677777777778,"2002-10-12","change1: Filled coordinateUncertaintyInMeters from decimal-place precision (conservative). | epi_taxo: acceptedName(match1); authorship_epig(match1); genus_from_scientificName; family_WFO; order_majorGroup_WCVP [2026-03-11] | CoordinateCleaner QA applied without sea test (validity, equal, zeros, capitals, centroids, gbif, institutions) [2026-03-29]","standardized authors names in recordedBy","Colección","F.H. Najarro & U.G.M.","R.S"
"2249","HEM2025_2249","PreservedSpecimen","Coleccion",NA,"UNICACH","SPECIES","HEM","C.A.P.B.","140","R.S","E","HEM2025",1,"Oncidium sotoanum",16.1944444444444,-93.6083333333333,"2005-12-14","change1: Filled coordinateUncertaintyInMeters from decimal-place precision (conservative). | epi_taxo: acceptedName(match1); authorship_epig(match1); genus_from_scientificName; family_WFO; order_majorGroup_WCVP [2026-03-11] | CoordinateCleaner QA applied without sea test (validity, equal, zeros, capitals, centroids, gbif, institutions) [2026-03-29]","","Colección","C.A.P.B.","R.S"
"2250","HEM2025_2250","PreservedSpecimen","Coleccion",NA,"UNICACH","SPECIES","HEM","J.M.M.","1553","R.S","E","HEM2025",1,"Oncidium sotoanum",15.4261388888889,-92.629,"2006-11-14","change1: Filled coordinateUncertaintyInMeters from decimal-place precision (conservative). | epi_taxo: acceptedName(match1); authorship_epig(match1); genus_from_scientificName; family_WFO; order_majorGroup_WCVP [2026-03-11] | CoordinateCleaner QA applied without sea test (validity, equal, zeros, capitals, centroids, gbif, institutions) [2026-03-29]","","Colección","J.M.M.","R.S"
"2251","HEM2025_2251","PreservedSpecimen","Coleccion",NA,"UNICACH","SPECIES","HEM","H.G.D.","1593","R.S","E","HEM2025",1,"Oncidium sotoanum",15.8979722222222,-93.1490277777778,"2006-12-01","change1: Filled coordinateUncertaintyInMeters from decimal-place precision (conservative). | epi_taxo: acceptedName(match1); authorship_epig(match1); genus_from_scientificName; family_WFO; order_majorGroup_WCVP [2026-03-11] | CoordinateCleaner QA applied without sea test (validity, equal, zeros, capitals, centroids, gbif, institutions) [2026-03-29]","","Colección","H.G.D.","R.S"
"2252","HEM2025_2252","PreservedSpecimen","Coleccion",NA,"UNICACH","SPECIES","HEM","J.M.M.","92","R.J.M.","E","HEM2025",1,"Oncidium sotoanum",15.9727777777778,-93.4708333333333,"2002-10-12","change1: Filled coordinateUncertaintyInMeters from decimal-place precision (conservative). | epi_taxo: acceptedName(match1); authorship_epig(match1); genus_from_scientificName; family_WFO; order_majorGroup_WCVP [2026-03-11] | CoordinateCleaner QA applied without sea test (validity, equal, zeros, capitals, centroids, gbif, institutions) [2026-03-29]","","Colección","J.M.M.","R.J.M."
"2253","HEM2025_2253","PreservedSpecimen","Coleccion",NA,"UNICACH","SPECIES","HEM","C.L.M.M.","482","N.M.M.","E","HEM2025",1,"Oncidium sphacelatum",15.6680555555556,-93.4155,"2001-09-05","change1: Filled coordinateUncertaintyInMeters from decimal-place precision (conservative). | epi_taxo: acceptedName(match1); authorship_epig(match1); genus_from_scientificName; family_WFO; order_majorGroup_WCVP [2026-03-11] | CoordinateCleaner QA applied without sea test (validity, equal, zeros, capitals, centroids, gbif, institutions) [2026-03-29]","","Colección","C.L.M.M.","N.M.M."
"2254","HEM2025_2254","PreservedSpecimen","Coleccion",NA,"UNICACH","SPECIES","HEM","E.M.L.","82","O.F.S.","E","HEM2025",1,"Oncidium sphacelatum",16.0008333333333,-93.4616666666667,"2002-03-02","change1: Filled coordinateUncertaintyInMeters from decimal-place precision (conservative). | epi_taxo: acceptedName(match1); authorship_epig(match1); genus_from_scientificName; family_WFO; order_majorGroup_WCVP [2026-03-11] | CoordinateCleaner QA applied without sea test (validity, equal, zeros, capitals, centroids, gbif, institutions) [2026-03-29]","","Colección","E.M.L.","O.F.S."
"2255","HEM2025_2255","PreservedSpecimen","Coleccion",NA,"UNICACH","SPECIES","HEM","E.M.L.","175","O.F.S.","E","HEM2025",1,"Oncidium sphacelatum",16.0269444444444,-93.3058333333333,"2002-03-09","change1: Filled coordinateUncertaintyInMeters from decimal-place precision (conservative). | epi_taxo: acceptedName(match1); authorship_epig(match1); genus_from_scientificName; family_WFO; order_majorGroup_WCVP [2026-03-11] | CoordinateCleaner QA applied without sea test (validity, equal, zeros, capitals, centroids, gbif, institutions) [2026-03-29]","","Colección","E.M.L.","O.F.S."
"2256","HEM2025_2256","PreservedSpecimen","Coleccion",NA,"UNICACH","SPECIES","HEM","J.A.G.S.","26","J.M.M.","E","HEM2025",1,"Oncidium sphacelatum",16.8941666666667,-93.3941666666667,"2004-03-18","change1: Filled coordinateUncertaintyInMeters from decimal-place precision (conservative). | epi_taxo: acceptedName(match1); authorship_epig(match1); genus_from_scientificName; family_WFO; order_majorGroup_WCVP [2026-03-11] | CoordinateCleaner QA applied without sea test (validity, equal, zeros, capitals, centroids, gbif, institutions) [2026-03-29]","","Colección","J.A.G.S.","J.M.M."
"2257","HEM2025_2257","PreservedSpecimen","Coleccion",NA,"UNICACH","SPECIES","HEM","J.A.G.S.","26","J.M.M.","E","HEM2025",1,"Oncidium sphacelatum",16.8941666666667,-93.3941666666667,"2004-03-18","change1: Filled coordinateUncertaintyInMeters from decimal-place precision (conservative). | epi_taxo: acceptedName(match1); authorship_epig(match1); genus_from_scientificName; family_WFO; order_majorGroup_WCVP [2026-03-11] | CoordinateCleaner QA applied without sea test (validity, equal, zeros, capitals, centroids, gbif, institutions) [2026-03-29]","","Colección","J.A.G.S.","J.M.M."
"2258","HEM2025_2258","PreservedSpecimen","Coleccion",NA,"UNICACH","SPECIES","HEM","Morales, M.","32","C.R.B.B.","E","HEM2025",1,"Oncidium sphacelatum",16.8941666666667,-93.3941666666667,"2004-03-18","change1: Filled coordinateUncertaintyInMeters from decimal-place precision (conservative). | epi_taxo: acceptedName(match1); authorship_epig(match1); genus_from_scientificName; family_WFO; order_majorGroup_WCVP [2026-03-11] | CoordinateCleaner QA applied without sea test (validity, equal, zeros, capitals, centroids, gbif, institutions) [2026-03-29]","standardized authors names in recordedBy","Colección","M. Morales","C.R.B.B."
"2259","HEM2025_2259","PreservedSpecimen","Coleccion",NA,"UNICACH","SPECIES","HEM","Morales, M.","32","C.R.B.B.","E","HEM2025",1,"Oncidium sphacelatum",16.8941666666667,-93.3941666666667,"2004-03-18","change1: Filled coordinateUncertaintyInMeters from decimal-place precision (conservative). | epi_taxo: acceptedName(match1); authorship_epig(match1); genus_from_scientificName; family_WFO; order_majorGroup_WCVP [2026-03-11] | CoordinateCleaner QA applied without sea test (validity, equal, zeros, capitals, centroids, gbif, institutions) [2026-03-29]","standardized authors names in recordedBy","Colección","M. Morales","C.R.B.B."
"2260","HEM2025_2260","PreservedSpecimen","Coleccion",NA,"UNICACH","SPECIES","HEM","N.M.M.","118","N.M.M.","E","HEM2025",1,"Oncidium sphacelatum",15.7,-92.9805555555556,"2001-12-21","change1: Filled coordinateUncertaintyInMeters from decimal-place precision (conservative). | epi_taxo: acceptedName(match1); authorship_epig(match1); genus_from_scientificName; family_WFO; order_majorGroup_WCVP [2026-03-11] | CoordinateCleaner QA applied without sea test (validity, equal, zeros, capitals, centroids, gbif, institutions) [2026-03-29]","","Colección","N.M.M.","N.M.M."
"2261","HEM2025_2261","PreservedSpecimen","Coleccion",NA,"UNICACH","SPECIES","HEM","F.J.S.G.","14","F.J.S.G.","E","HEM2025",1,"Oncidium sphacelatum",16.8711111111111,-93.2058333333333,"2006-03-22","change1: Filled coordinateUncertaintyInMeters from decimal-place precision (conservative). | epi_taxo: acceptedName(match1); authorship_epig(match1); genus_from_scientificName; family_WFO; order_majorGroup_WCVP [2026-03-11] | CoordinateCleaner QA applied without sea test (validity, equal, zeros, capitals, centroids, gbif, institutions) [2026-03-29]","","Colección","F.J.S.G.","F.J.S.G."
"2262","HEM2025_2262","PreservedSpecimen","Coleccion",NA,"UNICACH","SPECIES","HEM","A.L.C.","565","N.M.M.","E","HEM2025",1,"Oncidium sphacelatum",15.4330555555556,-92.6402777777778,"2007-01-14","change1: Filled coordinateUncertaintyInMeters from decimal-place precision (conservative). | epi_taxo: acceptedName(match1); authorship_epig(match1); genus_from_scientificName; family_WFO; order_majorGroup_WCVP [2026-03-11] | CoordinateCleaner QA applied without sea test (validity, equal, zeros, capitals, centroids, gbif, institutions) [2026-03-29]","","Colección","A.L.C.","N.M.M."
"2263","HEM2025_2263","PreservedSpecimen","Coleccion",NA,"UNICACH","SPECIES","HEM","N.M.M.","206","N.M.M.","E","HEM2025",1,"Oncidium sphacelatum",15.7888888888889,-93.065,"2002-02-23","change1: Filled coordinateUncertaintyInMeters from decimal-place precision (conservative). | epi_taxo: acceptedName(match1); authorship_epig(match1); genus_from_scientificName; family_WFO; order_majorGroup_WCVP [2026-03-11] | CoordinateCleaner QA applied without sea test (validity, equal, zeros, capitals, centroids, gbif, institutions) [2026-03-29]","","Colección","N.M.M.","N.M.M."
"2264","HEM2025_2264","PreservedSpecimen","Coleccion",NA,"UNICACH","SPECIES","HEM","E.C.Q.","ND","G.A.S.","E","HEM2025",1,"Oncidium sphacelatum",16.8041666666667,-92.9202777777778,"1986-04-26","change1: Filled coordinateUncertaintyInMeters from decimal-place precision (conservative). | epi_taxo: acceptedName(match1); authorship_epig(match1); genus_from_scientificName; family_WFO; order_majorGroup_WCVP [2026-03-11] | CoordinateCleaner QA applied without sea test (validity, equal, zeros, capitals, centroids, gbif, institutions) [2026-03-29]","","Colección","E.C.Q.","G.A.S."
"2265","HEM2025_2265","PreservedSpecimen","Coleccion",NA,"UNICACH","SPECIES","HEM","Perez-Farrera, M.A.","200","Cachon, T.C.","E","HEM2025",1,"Oncidium sphacelatum",16.1533333333333,-93.5961111111111,"1995-03-16","change1: Filled coordinateUncertaintyInMeters from decimal-place precision (conservative). | epi_taxo: acceptedName(match1); authorship_epig(match1); genus_from_scientificName; family_WFO; order_majorGroup_WCVP [2026-03-11] | CoordinateCleaner QA applied without sea test (validity, equal, zeros, capitals, centroids, gbif, institutions) [2026-03-29]","standardized authors names in recordedBy / standardized authors names in identifiedBy","Colección","M.A. Pérez-Farrera","T.C. Cachón"
"2266","HEM2025_2266","PreservedSpecimen","Coleccion",NA,"UNICACH","SPECIES","HEM","C.L.M.M.","17-bis","C.L.M.M.","E","HEM2025",1,"Oncidium sphacelatum",15.6680555555556,-93.4155,"1994-05-31","change1: Filled coordinateUncertaintyInMeters from decimal-place precision (conservative). | epi_taxo: acceptedName(match1); authorship_epig(match1); genus_from_scientificName; family_WFO; order_majorGroup_WCVP [2026-03-11] | CoordinateCleaner QA applied without sea test (validity, equal, zeros, capitals, centroids, gbif, institutions) [2026-03-29]","","Colección","C.L.M.M.","C.L.M.M."
"2267","HEM2025_2267","PreservedSpecimen","Coleccion",NA,"UNICACH","SPECIES","HEM","J.M.M.","710","R.J.M.","E","HEM2025",1,"Oncidium reflexum",15.8213888888889,-93.0488888888889,"2004-12-16","change1: Filled coordinateUncertaintyInMeters from decimal-place precision (conservative). | epi_taxo: acceptedName(match1); authorship_epig(match1); genus_from_scientificName; family_WFO; order_majorGroup_WCVP [2026-03-11] | CoordinateCleaner QA applied without sea test (validity, equal, zeros, capitals, centroids, gbif, institutions) [2026-03-29]","","Colección","J.M.M.","R.J.M."
"2268","HEM2025_2268","PreservedSpecimen","Coleccion",NA,"UNICACH","SPECIES","HEM","J.M.M.","1561","R.J.M.","E","HEM2025",1,"Oncidium reflexum",15.4261388888889,-92.629,"2006-11-14","change1: Filled coordinateUncertaintyInMeters from decimal-place precision (conservative). | epi_taxo: acceptedName(match1); authorship_epig(match1); genus_from_scientificName; family_WFO; order_majorGroup_WCVP [2026-03-11] | CoordinateCleaner QA applied without sea test (validity, equal, zeros, capitals, centroids, gbif, institutions) [2026-03-29]","","Colección","J.M.M.","R.J.M."
"2269","HEM2025_2269","PreservedSpecimen","Coleccion",NA,"UNICACH","SPECIES","HEM","N.M.M.","597","R.J.M.","E","HEM2025",1,"Oncidium tenuipes",15.6441666666667,-92.8275,"2004-11-12","change1: Filled coordinateUncertaintyInMeters from decimal-place precision (conservative). | epi_taxo: acceptedName(match1); authorship_epig(match1); genus_from_scientificName; family_WFO; order_majorGroup_WCVP [2026-03-11] | CoordinateCleaner QA applied without sea test (validity, equal, zeros, capitals, centroids, gbif, institutions) [2026-03-29]","","Colección","N.M.M.","R.J.M."
"2270","HEM2025_2270","PreservedSpecimen","Coleccion",NA,"UNICACH","SPECIES","HEM","P.C. | V.M.","48","C.R.B.B.","E","HEM2025",1,"Oncidium tenuipes",15.3944444444444,-92.6166666666667,"1998-11-26","change1: Filled coordinateUncertaintyInMeters from decimal-place precision (conservative). | epi_taxo: acceptedName(match1); authorship_epig(match1); genus_from_scientificName; family_WFO; order_majorGroup_WCVP [2026-03-11] | CoordinateCleaner QA applied without sea test (validity, equal, zeros, capitals, centroids, gbif, institutions) [2026-03-29]","standardized authors names in recordedBy","Colección","P.C. & V.M.","C.R.B.B."
"2271","HEM2025_2271","PreservedSpecimen","Coleccion",NA,"UNICACH","SPECIES","HEM","F.E.P.C.","48","C.R.B.B.","E","HEM2025",1,"Oncidium tenuipes",15.3944444444444,-92.6166666666667,"1998-11-26","change1: Filled coordinateUncertaintyInMeters from decimal-place precision (conservative). | epi_taxo: acceptedName(match1); authorship_epig(match1); genus_from_scientificName; family_WFO; order_majorGroup_WCVP [2026-03-11] | CoordinateCleaner QA applied without sea test (validity, equal, zeros, capitals, centroids, gbif, institutions) [2026-03-29]","","Colección","F.E.P.C.","C.R.B.B."
"2272","HEM2025_2272","PreservedSpecimen","Coleccion",NA,"UNICACH","SPECIES","HEM","P.C. | R.O. | M.V.M.","43","C.R.B.B.","E","HEM2025",1,"Oncidium tenuipes",15.3944444444444,-92.6166666666667,"1998-11-26","change1: Filled coordinateUncertaintyInMeters from decimal-place precision (conservative). | epi_taxo: acceptedName(match1); authorship_epig(match1); genus_from_scientificName; family_WFO; order_majorGroup_WCVP [2026-03-11] | CoordinateCleaner QA applied without sea test (validity, equal, zeros, capitals, centroids, gbif, institutions) [2026-03-29]","standardized authors names in recordedBy","Colección","P.C. & R.O. & M.V.M.","C.R.B.B."
"2273","HEM2025_2273","PreservedSpecimen","Coleccion",NA,"UNICACH","SPECIES","HEM","N.M.M.","924","N.M.M.","E","HEM2025",1,"Ornithocephalus tripterus",15.4168888888889,-92.6390833333333,"2005-07-22","change1: Filled coordinateUncertaintyInMeters from decimal-place precision (conservative). | epi_taxo: acceptedName(match1); authorship_epig(match1); genus_from_scientificName; family_WFO; order_majorGroup_WCVP [2026-03-11] | CoordinateCleaner QA applied without sea test (validity, equal, zeros, capitals, centroids, gbif, institutions) [2026-03-29]","","Colección","N.M.M.","N.M.M."
"2274","HEM2025_2274","PreservedSpecimen","Coleccion",NA,"UNICACH","SPECIES","HEM","N.M.M.","506","N.M.M.","E","HEM2025",1,"Ornithocephalus tripterus",16.8926972222222,-93.3419222222222,"2004-10-15","change1: Filled coordinateUncertaintyInMeters from decimal-place precision (conservative). | epi_taxo: acceptedName(match1); authorship_epig(match1); genus_from_scientificName; family_WFO; order_majorGroup_WCVP [2026-03-11] | CoordinateCleaner QA applied without sea test (validity, equal, zeros, capitals, centroids, gbif, institutions) [2026-03-29]","","Colección","N.M.M.","N.M.M."
"2275","HEM2025_2275","PreservedSpecimen","Coleccion",NA,"UNICACH","SPECIES","HEM","M.E.L.V.","296","M.A.S.A.","HE","HEM2025",0,"",16.2041666666667,-93.5819444444444,"2002-04-20","change1: Filled coordinateUncertaintyInMeters from decimal-place precision (conservative). | epi_taxo: acceptedName(match1); authorship_epig(match1); genus_from_scientificName; family_WFO; order_majorGroup_WCVP [2026-03-11] | CoordinateCleaner QA applied without sea test (validity, equal, zeros, capitals, centroids, gbif, institutions) [2026-03-29]","","Colección","M.E.L.V.","M.A.S.A."
"2276","HEM2025_2276","PreservedSpecimen","Coleccion",NA,"UNICACH","SPECIES","HEM","G.L.V.","14","G.L.V.","E","HEM2025",1,"Phloeophila peperomioides",16.8847222222222,-93.4641666666667,"2005-02-28","change1: Filled coordinateUncertaintyInMeters from decimal-place precision (conservative). | epi_taxo: acceptedName(match1); authorship_epig(match1); genus_from_scientificName; family_WFO; order_majorGroup_WCVP [2026-03-11] | CoordinateCleaner QA applied without sea test (validity, equal, zeros, capitals, centroids, gbif, institutions) [2026-03-29]","","Colección","G.L.V.","G.L.V."
"2277","HEM2025_2277","PreservedSpecimen","Coleccion",NA,"UNICACH","SPECIES","HEM","M.M.M. | D.A.J.L. | R.J.R.V.","5436","N.M.M.","E","HEM2025",1,"Platystele ovatilabia",15.1071944444444,-92.1756666666667,"2015-03-25","change1: Filled coordinateUncertaintyInMeters from decimal-place precision (conservative). | epi_taxo: acceptedName(match1); authorship_epig(match1); genus_from_scientificName; family_WFO; order_majorGroup_WCVP [2026-03-11] | CoordinateCleaner QA applied without sea test (validity, equal, zeros, capitals, centroids, gbif, institutions) [2026-03-29]","standardized authors names in recordedBy","Colección","M.M.M. & D.A.J.L. & R.J.R.V.","N.M.M."
"2278","HEM2025_2278","PreservedSpecimen","Coleccion",NA,"UNICACH","SPECIES","HEM","M.M.M. | E.A.M.A.","4771","N.M.M.","E","HEM2025",1,"Pleurothallis bivalvis",15.0935,-92.1405,"2014-07-08","change1: Filled coordinateUncertaintyInMeters from decimal-place precision (conservative). | epi_taxo: acceptedName(match1); authorship_epig(match1); genus_from_scientificName; family_WFO; order_majorGroup_WCVP [2026-03-11] | CoordinateCleaner QA applied without sea test (validity, equal, zeros, capitals, centroids, gbif, institutions) [2026-03-29]","standardized authors names in recordedBy","Colección","M.M.M. & E.A.M.A.","N.M.M."
"2279","HEM2025_2279","PreservedSpecimen","Coleccion",NA,"UNICACH","SPECIES","HEM","Camilo, R.M. | M.I.L.R. | N.A.F.R.","2338","Camilo, R.M.","E","HEM2025",1,"Pleurothallis bivalvis",15.0905833333333,-92.1476388888889,"2014-07-06","change1: Filled coordinateUncertaintyInMeters from decimal-place precision (conservative). | epi_taxo: acceptedName(match1); authorship_epig(match1); genus_from_scientificName; family_WFO; order_majorGroup_WCVP [2026-03-11] | CoordinateCleaner QA applied without sea test (validity, equal, zeros, capitals, centroids, gbif, institutions) [2026-03-29]","standardized authors names in recordedBy / standardized authors names in identifiedBy","Colección","R.M. Camilo & M.I.L.R. & N.A.F.R.","R.M. Camilo"
"2280","HEM2025_2280","PreservedSpecimen","Coleccion",NA,"UNICACH","SPECIES","HEM","M.M.M. | S.H.J. | V.E.G.J.","5916","N.M.M.","E","HEM2025",1,"Pleurothallis bivalvis",15.2310833333333,-92.3098888888889,"2015-05-29","change1: Filled coordinateUncertaintyInMeters from decimal-place precision (conservative). | epi_taxo: acceptedName(match1); authorship_epig(match1); genus_from_scientificName; family_WFO; order_majorGroup_WCVP [2026-03-11] | CoordinateCleaner QA applied without sea test (validity, equal, zeros, capitals, centroids, gbif, institutions) [2026-03-29]","standardized authors names in recordedBy","Colección","M.M.M. & S.H.J. & V.E.G.J.","N.M.M."
"2281","HEM2025_2281","PreservedSpecimen","Coleccion",NA,"UNICACH","SPECIES","HEM","M.M.M. | S.H.J. | V.E.G.J.","5986","N.M.M.","E","HEM2025",1,"Pleurothallis bivalvis",15.2405277777778,-92.3088333333333,"2015-05-31","change1: Filled coordinateUncertaintyInMeters from decimal-place precision (conservative). | epi_taxo: acceptedName(match1); authorship_epig(match1); genus_from_scientificName; family_WFO; order_majorGroup_WCVP [2026-03-11] | CoordinateCleaner QA applied without sea test (validity, equal, zeros, capitals, centroids, gbif, institutions) [2026-03-29]","standardized authors names in recordedBy","Colección","M.M.M. & S.H.J. & V.E.G.J.","N.M.M."
"2282","HEM2025_2282","PreservedSpecimen","Coleccion",NA,"UNICACH","SPECIES","HEM","M.M.M. | S.H.J. | V.E.G.J.","6045","N.M.M.","E","HEM2025",1,"Pleurothallis bivalvis",15.2342222222222,-92.3172777777778,"2015-06-01","change1: Filled coordinateUncertaintyInMeters from decimal-place precision (conservative). | epi_taxo: acceptedName(match1); authorship_epig(match1); genus_from_scientificName; family_WFO; order_majorGroup_WCVP [2026-03-11] | CoordinateCleaner QA applied without sea test (validity, equal, zeros, capitals, centroids, gbif, institutions) [2026-03-29]","standardized authors names in recordedBy","Colección","M.M.M. & S.H.J. & V.E.G.J.","N.M.M."
"2283","HEM2025_2283","PreservedSpecimen","Coleccion",NA,"UNICACH","FORM","HEM","E.M.S. | A.M.G. | G.U. | M.R.","19406","N.M.M.","E","HEM2025",1,"Pleurothallis cardiothallis",15.1113888888889,-92.1286111111111,"1987-02-04","change1: Corrected taxonRank (SPECIES→FORM); kept scientificName as-is. | change2: Filled coordinateUncertaintyInMeters from decimal-place precision (conservative). | epi_taxo: acceptedName(match1); authorship_epig(match1); genus_from_scientificName; family_WFO; order_majorGroup_WCVP [2026-03-11] | CoordinateCleaner QA applied without sea test (validity, equal, zeros, capitals, centroids, gbif, institutions) [2026-03-29]","standardized authors names in recordedBy","Colección","E.M.S. & A.M.G. & G.U. & M.R.","N.M.M."
"2284","HEM2025_2284","PreservedSpecimen","Coleccion",NA,"UNICACH","FORM","HEM","J.M.M.","1043","J.M.M.","E","HEM2025",1,"Pleurothallis cardiothallis",15.8220555555556,-93.0455555555556,"2005-07-17","change1: Corrected taxonRank (SPECIES→FORM); kept scientificName as-is. | change2: Filled coordinateUncertaintyInMeters from decimal-place precision (conservative). | epi_taxo: acceptedName(match1); authorship_epig(match1); genus_from_scientificName; family_WFO; order_majorGroup_WCVP [2026-03-11] | CoordinateCleaner QA applied without sea test (validity, equal, zeros, capitals, centroids, gbif, institutions) [2026-03-29]","","Colección","J.M.M.","J.M.M."
"2285","HEM2025_2285","PreservedSpecimen","Coleccion",NA,"UNICACH","FORM","HEM","N.M.M.","1775","C.R.B.B.","E","HEM2025",1,"Pleurothallis cardiothallis",15.7230555555556,-93.0013888888889,"2006-10-13","change1: Corrected taxonRank (SPECIES→FORM); kept scientificName as-is. | change2: Filled coordinateUncertaintyInMeters from decimal-place precision (conservative). | epi_taxo: acceptedName(match1); authorship_epig(match1); genus_from_scientificName; family_WFO; order_majorGroup_WCVP [2026-03-11] | CoordinateCleaner QA applied without sea test (validity, equal, zeros, capitals, centroids, gbif, institutions) [2026-03-29]","","Colección","N.M.M.","C.R.B.B."
"2286","HEM2025_2286","PreservedSpecimen","Coleccion",NA,"UNICACH","FORM","HEM","M.M.M. | M.A.D.V.","1843","N.M.M.","E","HEM2025",1,"Pleurothallis cardiothallis",15.0820555555556,-92.1015277777778,"2013-05-30","change1: Corrected taxonRank (SPECIES→FORM); kept scientificName as-is. | change2: Filled coordinateUncertaintyInMeters from decimal-place precision (conservative). | epi_taxo: acceptedName(match1); authorship_epig(match1); genus_from_scientificName; family_WFO; order_majorGroup_WCVP [2026-03-11] | CoordinateCleaner QA applied without sea test (validity, equal, zeros, capitals, centroids, gbif, institutions) [2026-03-29]","standardized authors names in recordedBy","Colección","M.M.M. & M.A.D.V.","N.M.M."
"2287","HEM2025_2287","PreservedSpecimen","Coleccion",NA,"UNICACH","SPECIES","HEM","B.L.","1","C.R.B.B.","E","HEM2025",1,"Stelis deregularis",17.18,-92.905,"1990-11-20","change1: Filled coordinateUncertaintyInMeters from decimal-place precision (conservative). | epi_taxo: acceptedName(match1); authorship_epig(match1); genus_from_scientificName; family_WFO; order_majorGroup_WCVP [2026-03-11] | CoordinateCleaner QA applied without sea test (validity, equal, zeros, capitals, centroids, gbif, institutions) [2026-03-29]","","Colección","B.L.","C.R.B.B."
"2288","HEM2025_2288","PreservedSpecimen","Coleccion",NA,"UNICACH","SPECIES","HEM","Perez-Farrera, M.A.","1619","O.F.S.","E","HEM2025",1,"Stelis poasensis",15.425,-92.6333333333333,"1998-01-24","change1: Filled coordinateUncertaintyInMeters from decimal-place precision (conservative). | epi_taxo: acceptedName(match1); authorship_epig(match1); genus_from_scientificName; family_WFO; order_majorGroup_WCVP [2026-03-11] | CoordinateCleaner QA applied without sea test (validity, equal, zeros, capitals, centroids, gbif, institutions) [2026-03-29]","standardized authors names in recordedBy","Colección","M.A. Pérez-Farrera","O.F.S."
"2289","HEM2025_2289","PreservedSpecimen","Coleccion",NA,"UNICACH","SPECIES","HEM","Escobar, O.R.","26","R.S","E","HEM2025",1,"Pleurothallis leucantha",16.8169444444444,-93.2969444444444,"2006-02-09","change1: Filled coordinateUncertaintyInMeters from decimal-place precision (conservative). | epi_taxo: acceptedName(match1); authorship_epig(match1); genus_from_scientificName; family_WFO; order_majorGroup_WCVP [2026-03-11] | CoordinateCleaner QA applied without sea test (validity, equal, zeros, capitals, centroids, gbif, institutions) [2026-03-29]","standardized authors names in recordedBy","Colección","O.R. Escobar","R.S"
"2290","HEM2025_2290","PreservedSpecimen","Coleccion",NA,"UNICACH","SPECIES","HEM","Escobar, O.R.","26","R.S","E","HEM2025",1,"Pleurothallis leucantha",16.8169444444444,-93.2969444444444,"2006-02-09","change1: Filled coordinateUncertaintyInMeters from decimal-place precision (conservative). | epi_taxo: acceptedName(match1); authorship_epig(match1); genus_from_scientificName; family_WFO; order_majorGroup_WCVP [2026-03-11] | CoordinateCleaner QA applied without sea test (validity, equal, zeros, capitals, centroids, gbif, institutions) [2026-03-29]","standardized authors names in recordedBy","Colección","O.R. Escobar","R.S"
"2291","HEM2025_2291","PreservedSpecimen","Coleccion",NA,"UNICACH","SPECIES","HEM","M.A.S.A. | L.M.C. | G.A.S.","1701","ND","E","HEM2025",1,"Pleurothallis matudana",15.0775,-92.0941666666667,"1985-09-15","change1: Filled coordinateUncertaintyInMeters from decimal-place precision (conservative). | epi_taxo: acceptedName(match1); authorship_epig(match1); genus_from_scientificName; family_WFO; order_majorGroup_WCVP [2026-03-11] | CoordinateCleaner QA applied without sea test (validity, equal, zeros, capitals, centroids, gbif, institutions) [2026-03-29]","standardized authors names in recordedBy","Colección","M.A.S.A. & L.M.C. & G.A.S.","ND"
"2292","HEM2025_2292","PreservedSpecimen","Coleccion",NA,"UNICACH","SPECIES","HEM","N.M.M.","529","N.M.M.","E","HEM2025",1,"Pleurothallis matudana",15.1527777777778,-92.5677777777778,"2004-11-10","change1: Filled coordinateUncertaintyInMeters from decimal-place precision (conservative). | epi_taxo: acceptedName(match1); authorship_epig(match1); genus_from_scientificName; family_WFO; order_majorGroup_WCVP [2026-03-11] | CoordinateCleaner QA applied without sea test (validity, equal, zeros, capitals, centroids, gbif, institutions) [2026-03-29]","","Colección","N.M.M.","N.M.M."
"2293","HEM2025_2293","PreservedSpecimen","Coleccion",NA,"UNICACH","SPECIES","HEM","N.M.M.","1153","N.M.M.","E","HEM2025",1,"Pleurothallis matudana",15.6641666666667,-92.8136111111111,"2005-08-06","change1: Filled coordinateUncertaintyInMeters from decimal-place precision (conservative). | epi_taxo: acceptedName(match1); authorship_epig(match1); genus_from_scientificName; family_WFO; order_majorGroup_WCVP [2026-03-11] | CoordinateCleaner QA applied without sea test (validity, equal, zeros, capitals, centroids, gbif, institutions) [2026-03-29]","","Colección","N.M.M.","N.M.M."
"2294","HEM2025_2294","PreservedSpecimen","Coleccion",NA,"UNICACH","SPECIES","HEM","F.E.P.C.","126","Cachon, T.C.","E","HEM2025",1,"Pleurothallis matudana",15.8244444444444,-93.0630555555556,"1999-02-11","change1: Filled coordinateUncertaintyInMeters from decimal-place precision (conservative). | epi_taxo: acceptedName(match1); authorship_epig(match1); genus_from_scientificName; family_WFO; order_majorGroup_WCVP [2026-03-11] | CoordinateCleaner QA applied without sea test (validity, equal, zeros, capitals, centroids, gbif, institutions) [2026-03-29]","standardized authors names in identifiedBy","Colección","F.E.P.C.","T.C. Cachón"
"2295","HEM2025_2295","PreservedSpecimen","Coleccion",NA,"UNICACH","SPECIES","HEM","J.M.M.","1157","C.R.B.B.","E","HEM2025",1,"Pleurothallis matudana",15.8172222222222,-93.0505555555555,"2005-08-27","change1: Filled coordinateUncertaintyInMeters from decimal-place precision (conservative). | epi_taxo: acceptedName(match1); authorship_epig(match1); genus_from_scientificName; family_WFO; order_majorGroup_WCVP [2026-03-11] | CoordinateCleaner QA applied without sea test (validity, equal, zeros, capitals, centroids, gbif, institutions) [2026-03-29]","","Colección","J.M.M.","C.R.B.B."
"2296","HEM2025_2296","PreservedSpecimen","Coleccion",NA,"UNICACH","SPECIES","HEM","C.A.P.B.","181","C.R.B.B.","E","HEM2025",1,"Pleurothallis matudana",15.5756111111111,-92.7583333333333,"2006-08-17","change1: Filled coordinateUncertaintyInMeters from decimal-place precision (conservative). | epi_taxo: acceptedName(match1); authorship_epig(match1); genus_from_scientificName; family_WFO; order_majorGroup_WCVP [2026-03-11] | CoordinateCleaner QA applied without sea test (validity, equal, zeros, capitals, centroids, gbif, institutions) [2026-03-29]","","Colección","C.A.P.B.","C.R.B.B."
"2297","HEM2025_2297","PreservedSpecimen","Coleccion",NA,"UNICACH","SPECIES","HEM","Chagala, J.L.","89","C.R.B.B.","E","HEM2025",1,"Pleurothallis matudana",15.5750277777778,-92.7436944444444,"","change1: Filled coordinateUncertaintyInMeters from decimal-place precision (conservative). | epi_taxo: acceptedName(match1); authorship_epig(match1); genus_from_scientificName; family_WFO; order_majorGroup_WCVP [2026-03-11] | CoordinateCleaner QA applied without sea test (validity, equal, zeros, capitals, centroids, gbif, institutions) [2026-03-29]","standardized authors names in recordedBy","Colección","J.L. Chagala","C.R.B.B."
"2298","HEM2025_2298","PreservedSpecimen","Coleccion",NA,"UNICACH","SPECIES","HEM","M.M.M. | M.A.D.V.","878","N.M.M. | J.M.M.","E","HEM2025",1,"Pleurothallis matudana",15.2484722222222,-92.2811666666667,"2013-03-02","change1: Filled coordinateUncertaintyInMeters from decimal-place precision (conservative). | epi_taxo: acceptedName(match1); authorship_epig(match1); genus_from_scientificName; family_WFO; order_majorGroup_WCVP [2026-03-11] | CoordinateCleaner QA applied without sea test (validity, equal, zeros, capitals, centroids, gbif, institutions) [2026-03-29]","standardized authors names in recordedBy / standardized authors names in identifiedBy","Colección","M.M.M. & M.A.D.V.","N.M.M. & J.M.M."
"2299","HEM2025_2299","PreservedSpecimen","Coleccion",NA,"UNICACH","SPECIES","HEM","N.M.M. | M.M.M. | R.V.H.","3071","N.M.M.","E","HEM2025",1,"Pleurothallis matudana",15.1036666666667,-92.1015277777778,"2014-09-23","change1: Filled coordinateUncertaintyInMeters from decimal-place precision (conservative). | epi_taxo: acceptedName(match1); authorship_epig(match1); genus_from_scientificName; family_WFO; order_majorGroup_WCVP [2026-03-11] | CoordinateCleaner QA applied without sea test (validity, equal, zeros, capitals, centroids, gbif, institutions) [2026-03-29]","standardized authors names in recordedBy","Colección","N.M.M. & M.M.M. & R.V.H.","N.M.M."
"2300","HEM2025_2300","PreservedSpecimen","Coleccion",NA,"UNICACH","SPECIES","HEM","N.M.M.","82","M.A.S.A.","E","HEM2025",1,"Pleurothallis matudana",15.7344444444444,-92.9341666666667,"2001-06-30","change1: Filled coordinateUncertaintyInMeters from decimal-place precision (conservative). | epi_taxo: acceptedName(match1); authorship_epig(match1); genus_from_scientificName; family_WFO; order_majorGroup_WCVP [2026-03-11] | CoordinateCleaner QA applied without sea test (validity, equal, zeros, capitals, centroids, gbif, institutions) [2026-03-29]","","Colección","N.M.M.","M.A.S.A."
"2301","HEM2025_2301","PreservedSpecimen","Coleccion",NA,"UNICACH","SPECIES","HEM","O.N.","4302","ND","E","HEM2025",3,"Stelis lennartii",15.2941666666667,-92.2775,"1936-01-12","change1: Filled coordinateUncertaintyInMeters from decimal-place precision (conservative). | epi_taxo: acceptedName(match1); authorship_epig(match1); genus_from_scientificName; family_WFO; order_majorGroup_WCVP [2026-03-11] | CoordinateCleaner QA applied without sea test (validity, equal, zeros, capitals, centroids, gbif, institutions) [2026-03-29]","","Colección","O.N.","ND"
"2302","HEM2025_2302","PreservedSpecimen","Coleccion",NA,"UNICACH","SPECIES","HEM","G.L.V.","215","G.L.V.","E","HEM2025",3,"Stelis lennartii",15.1027777777778,-92.0880555555556,"2005-11-23","change1: Filled coordinateUncertaintyInMeters from decimal-place precision (conservative). | epi_taxo: acceptedName(match1); authorship_epig(match1); genus_from_scientificName; family_WFO; order_majorGroup_WCVP [2026-03-11] | CoordinateCleaner QA applied without sea test (validity, equal, zeros, capitals, centroids, gbif, institutions) [2026-03-29]","","Colección","G.L.V.","G.L.V."
"2303","HEM2025_2303","PreservedSpecimen","Coleccion",NA,"UNICACH","SPECIES","HEM","D.A.J.L. | M.M.M.","18","D.A.J.L. | N.M.M.","E","HEM2025",3,"Stelis lennartii",15.0851111111111,-92.1007222222222,"2014-01-21","change1: Filled coordinateUncertaintyInMeters from decimal-place precision (conservative). | epi_taxo: acceptedName(match1); authorship_epig(match1); genus_from_scientificName; family_WFO; order_majorGroup_WCVP [2026-03-11] | CoordinateCleaner QA applied without sea test (validity, equal, zeros, capitals, centroids, gbif, institutions) [2026-03-29]","standardized authors names in recordedBy / standardized authors names in identifiedBy","Colección","D.A.J.L. & M.M.M.","D.A.J.L. & N.M.M."
"2304","HEM2025_2304","PreservedSpecimen","Coleccion",NA,"UNICACH","SPECIES","HEM","Camilo, R.M. | M.I.L.R. | N.A.F.R.","2253","Camilo, R.M.","E","HEM2025",3,"Stelis lennartii",15.0988888888889,-92.1424444444445,"2014-07-05","change1: Filled coordinateUncertaintyInMeters from decimal-place precision (conservative). | epi_taxo: acceptedName(match1); authorship_epig(match1); genus_from_scientificName; family_WFO; order_majorGroup_WCVP [2026-03-11] | CoordinateCleaner QA applied without sea test (validity, equal, zeros, capitals, centroids, gbif, institutions) [2026-03-29]","standardized authors names in recordedBy / standardized authors names in identifiedBy","Colección","R.M. Camilo & M.I.L.R. & N.A.F.R.","R.M. Camilo"
"2305","HEM2025_2305","PreservedSpecimen","Coleccion",NA,"UNICACH","SPECIES","HEM","N.M.M. | M.M.M. | E.C.N.","3939","R.S","E","HEM2025",3,"Stelis lennartii",15.1032777777778,-92.1645555555556,"2015-03-10","change1: Filled coordinateUncertaintyInMeters from decimal-place precision (conservative). | epi_taxo: acceptedName(match1); authorship_epig(match1); genus_from_scientificName; family_WFO; order_majorGroup_WCVP [2026-03-11] | CoordinateCleaner QA applied without sea test (validity, equal, zeros, capitals, centroids, gbif, institutions) [2026-03-29]","standardized authors names in recordedBy","Colección","N.M.M. & M.M.M. & E.C.N.","R.S"
"2306","HEM2025_2306","PreservedSpecimen","Coleccion",NA,"UNICACH","SPECIES","HEM","M.M.M. | D.A.J.L. | R.J.R.V.","5519","N.M.M.","E","HEM2025",3,"Stelis lennartii",15.1179722222222,-92.1553333333333,"2015-03-26","change1: Filled coordinateUncertaintyInMeters from decimal-place precision (conservative). | epi_taxo: acceptedName(match1); authorship_epig(match1); genus_from_scientificName; family_WFO; order_majorGroup_WCVP [2026-03-11] | CoordinateCleaner QA applied without sea test (validity, equal, zeros, capitals, centroids, gbif, institutions) [2026-03-29]","standardized authors names in recordedBy","Colección","M.M.M. & D.A.J.L. & R.J.R.V.","N.M.M."
"2307","HEM2025_2307","PreservedSpecimen","Coleccion",NA,"UNICACH","FORM","HEM","A.L.C.","541","R.S","E","HEM2025",1,"Pleurothallis quadrifida",15.4330555555556,-92.6402777777778,"2008-01-15","change1: Corrected taxonRank (SPECIES→FORM); kept scientificName as-is. | change2: Filled coordinateUncertaintyInMeters from decimal-place precision (conservative). | epi_taxo: acceptedName(match1); authorship_epig(match1); genus_from_scientificName; family_WFO; order_majorGroup_WCVP [2026-03-11] | CoordinateCleaner QA applied without sea test (validity, equal, zeros, capitals, centroids, gbif, institutions) [2026-03-29]","","Colección","A.L.C.","R.S"
"2308","HEM2025_2308","PreservedSpecimen","Coleccion",NA,"UNICACH","SPECIES","HEM","F.E.P.C.","ND","F.E.P.C.","E","HEM2025",2,"Stelis pachyglossa",15.8394444444444,-93.0708333333333,"1999-04-30","change1: Filled coordinateUncertaintyInMeters from decimal-place precision (conservative). | epi_taxo: acceptedName(match1); authorship_epig(match1); genus_from_scientificName; family_WFO; order_majorGroup_WCVP [2026-03-11] | CoordinateCleaner QA applied without sea test (validity, equal, zeros, capitals, centroids, gbif, institutions) [2026-03-29]","","Colección","F.E.P.C.","F.E.P.C."
"2309","HEM2025_2309","PreservedSpecimen","Coleccion",NA,"UNICACH","SPECIES","HEM","M.M.M. | M.D.E.M.","1555","N.M.M.","E","HEM2025",1,"Stelis pachyglossa",15.0990833333333,-92.0988333333333,"2013-05-02","change1: Filled coordinateUncertaintyInMeters from decimal-place precision (conservative). | epi_taxo: acceptedName(match1); authorship_epig(match1); genus_from_scientificName; family_WFO; order_majorGroup_WCVP [2026-03-11] | CoordinateCleaner QA applied without sea test (validity, equal, zeros, capitals, centroids, gbif, institutions) [2026-03-29]","standardized authors names in recordedBy","Colección","M.M.M. & M.D.E.M.","N.M.M."
"2310","HEM2025_2310","PreservedSpecimen","Coleccion",NA,"UNICACH","SPECIES","HEM","M.M.M. | M.A.D.V.","1983","N.M.M.","E","HEM2025",1,"Stelis pachyglossa",15.1056666666667,-92.1073611111111,"2013-05-31","change1: Filled coordinateUncertaintyInMeters from decimal-place precision (conservative). | epi_taxo: acceptedName(match1); authorship_epig(match1); genus_from_scientificName; family_WFO; order_majorGroup_WCVP [2026-03-11] | CoordinateCleaner QA applied without sea test (validity, equal, zeros, capitals, centroids, gbif, institutions) [2026-03-29]","standardized authors names in recordedBy","Colección","M.M.M. & M.A.D.V.","N.M.M."
"2311","HEM2025_2311","PreservedSpecimen","Coleccion",NA,"UNICACH","SPECIES","HEM","J.M.M.","34","N.M.M.","E","HEM2025",1,"Pleurothallis pansamalae",15.9836111111111,-93.2925,"2002-03-08","change1: Filled coordinateUncertaintyInMeters from decimal-place precision (conservative). | epi_taxo: acceptedName(match1); authorship_epig(match1); genus_from_scientificName; family_WFO; order_majorGroup_WCVP [2026-03-11] | CoordinateCleaner QA applied without sea test (validity, equal, zeros, capitals, centroids, gbif, institutions) [2026-03-29]","","Colección","J.M.M.","N.M.M."
"2312","HEM2025_2312","PreservedSpecimen","Coleccion",NA,"UNICACH","SPECIES","HEM","H.G.D.","216","O.F.S.","E","HEM2025",3,"Pleurothallis quadrifida",16.0402777777778,-93.3130555555556,"2003-02-22","change1: Filled coordinateUncertaintyInMeters from decimal-place precision (conservative). | epi_taxo: acceptedName(match1); authorship_epig(match1); genus_from_scientificName; family_WFO; order_majorGroup_WCVP [2026-03-11] | CoordinateCleaner QA applied without sea test (validity, equal, zeros, capitals, centroids, gbif, institutions) [2026-03-29]","","Colección","H.G.D.","O.F.S."
"2313","HEM2025_2313","PreservedSpecimen","Coleccion",NA,"UNICACH","SPECIES","HEM","M.M.M. | M.D.E.M.","1468","N.M.M.","E","HEM2025",1,"Pleurothallis quadrifida",15.0858333333333,-92.0996111111111,"2013-04-30","change1: Filled coordinateUncertaintyInMeters from decimal-place precision (conservative). | epi_taxo: acceptedName(match1); authorship_epig(match1); genus_from_scientificName; family_WFO; order_majorGroup_WCVP [2026-03-11] | CoordinateCleaner QA applied without sea test (validity, equal, zeros, capitals, centroids, gbif, institutions) [2026-03-29]","standardized authors names in recordedBy","Colección","M.M.M. & M.D.E.M.","N.M.M."
"2314","HEM2025_2314","PreservedSpecimen","Coleccion",NA,"UNICACH","SPECIES","HEM","Camilo, R.M.","530","R.S","E","HEM2025",1,"Pleurothallis saccatilabia",15.8138888888889,-93.0305555555556,"2002-03-15","change1: Filled coordinateUncertaintyInMeters from decimal-place precision (conservative). | epi_taxo: acceptedName(match1); authorship_epig(match1); genus_from_scientificName; family_WFO; order_majorGroup_WCVP [2026-03-11] | CoordinateCleaner QA applied without sea test (validity, equal, zeros, capitals, centroids, gbif, institutions) [2026-03-29]","standardized authors names in recordedBy","Colección","R.M. Camilo","R.S"
"2315","HEM2025_2315","PreservedSpecimen","Coleccion",NA,"UNICACH","GENUS","HEM","M.M.M. | M.A.D.V.","2175","N.M.M. | J.M.M.","E","HEM2025",NA,"",15.0979166666667,-92.0847777777778,"2013-07-01","change1: Genus placeholder (sp./spp.): moved to 'genus', set taxonRank=GENUS, cleared scientificName; kept original in verbatim. | change2: Filled coordinateUncertaintyInMeters from decimal-place precision (conservative). | epi_taxo: acceptedName(match1); authorship_epig(match1); genus_from_scientificName; family_WFO; order_majorGroup_WCVP [2026-03-11] | CoordinateCleaner QA applied without sea test (validity, equal, zeros, capitals, centroids, gbif, institutions) [2026-03-29]","standardized authors names in recordedBy / standardized authors names in identifiedBy","Colección","M.M.M. & M.A.D.V.","N.M.M. & J.M.M."
"2316","HEM2025_2316","PreservedSpecimen","Coleccion",NA,"UNICACH","SPECIES","HEM","A.R.A.","288","H.R.E.","E","HEM2025",1,"Polystachya cerea",15.8022222222222,-93.035,"2005-04-21","change1: Filled coordinateUncertaintyInMeters from decimal-place precision (conservative). | epi_taxo: acceptedName(match1); authorship_epig(match1); genus_from_scientificName; family_WFO; order_majorGroup_WCVP [2026-03-11] | CoordinateCleaner QA applied without sea test (validity, equal, zeros, capitals, centroids, gbif, institutions) [2026-03-29]","","Colección","A.R.A.","H.R.E."
"2317","HEM2025_2317","PreservedSpecimen","Coleccion",NA,"UNICACH","SPECIES","HEM","G.U. | E.M.S. | A.M.G.","20","G.A.S.","E","HEM2025",1,"Polystachya cerea",16.7944444444444,-93.1008333333333,"1987-02-18","change1: Filled coordinateUncertaintyInMeters from decimal-place precision (conservative). | epi_taxo: acceptedName(match1); authorship_epig(match1); genus_from_scientificName; family_WFO; order_majorGroup_WCVP [2026-03-11] | CoordinateCleaner QA applied without sea test (validity, equal, zeros, capitals, centroids, gbif, institutions) [2026-03-29]","standardized authors names in recordedBy","Colección","G.U. & E.M.S. & A.M.G.","G.A.S."
"2318","HEM2025_2318","PreservedSpecimen","Coleccion",NA,"UNICACH","SPECIES","HEM","G.U. | E.M.S. | A.M.G.","20","G.A.S.","E","HEM2025",1,"Polystachya cerea",16.7944444444444,-93.1008333333333,"1987-02-18","change1: Filled coordinateUncertaintyInMeters from decimal-place precision (conservative). | epi_taxo: acceptedName(match1); authorship_epig(match1); genus_from_scientificName; family_WFO; order_majorGroup_WCVP [2026-03-11] | CoordinateCleaner QA applied without sea test (validity, equal, zeros, capitals, centroids, gbif, institutions) [2026-03-29]","standardized authors names in recordedBy","Colección","G.U. & E.M.S. & A.M.G.","G.A.S."
"2319","HEM2025_2319","PreservedSpecimen","Coleccion",NA,"UNICACH","FORM","HEM","E.A.T.","39","Carnevali, G.","E","HEM2025",1,"Polystachya foliosa",16.3394444444444,-93.8752777777778,"2002-05-18","change1: Corrected taxonRank (SPECIES→FORM); kept scientificName as-is. | change2: Filled coordinateUncertaintyInMeters from decimal-place precision (conservative). | epi_taxo: acceptedName(match1); authorship_epig(match1); genus_from_scientificName; family_WFO; order_majorGroup_WCVP [2026-03-11] | CoordinateCleaner QA applied without sea test (validity, equal, zeros, capitals, centroids, gbif, institutions) [2026-03-29]","standardized authors names in identifiedBy","Colección","E.A.T.","G. Carnevali"
"2320","HEM2025_2320","PreservedSpecimen","Coleccion",NA,"UNICACH","FORM","HEM","A.L.C.","ND","A.L.C.","E","HEM2025",1,"Polystachya foliosa",16.9243111111111,-93.0366222222222,"2009-07-10","change1: Corrected taxonRank (SPECIES→FORM); kept scientificName as-is. | change2: Filled coordinateUncertaintyInMeters from decimal-place precision (conservative). | epi_taxo: acceptedName(match1); authorship_epig(match1); genus_from_scientificName; family_WFO; order_majorGroup_WCVP [2026-03-11] | CoordinateCleaner QA applied without sea test (validity, equal, zeros, capitals, centroids, gbif, institutions) [2026-03-29]","","Colección","A.L.C.","A.L.C."
"2321","HEM2025_2321","PreservedSpecimen","Coleccion",NA,"UNICACH","SPECIES","HEM","N.M.M.","2152","N.M.M.","E","HEM2025",1,"Nemaconia striata",16.7866111111111,-94.0265833333333,"2007-11-14","change1: Filled coordinateUncertaintyInMeters from decimal-place precision (conservative). | epi_taxo: acceptedName(match1); authorship_epig(match1); genus_from_scientificName; family_WFO; order_majorGroup_WCVP [2026-03-11] | CoordinateCleaner QA applied without sea test (validity, equal, zeros, capitals, centroids, gbif, institutions) [2026-03-29]","","Colección","N.M.M.","N.M.M."
"2322","HEM2025_2322","PreservedSpecimen","Coleccion",NA,"UNICACH","SPECIES","HEM","G.I.L.V.","14","G.A.S.","E","HEM2025",1,"Nemaconia striata",16.6430555555556,-93.3997222222222,"2002-05-04","change1: Filled coordinateUncertaintyInMeters from decimal-place precision (conservative). | epi_taxo: acceptedName(match1); authorship_epig(match1); genus_from_scientificName; family_WFO; order_majorGroup_WCVP [2026-03-11] | CoordinateCleaner QA applied without sea test (validity, equal, zeros, capitals, centroids, gbif, institutions) [2026-03-29]","","Colección","G.I.L.V.","G.A.S."
"2323","HEM2025_2323","PreservedSpecimen","Coleccion",NA,"UNICACH","SPECIES","HEM","G.I.L.V.","14","G.A.S.","E","HEM2025",1,"Nemaconia striata",16.6430555555556,-93.3997222222222,"2002-05-04","change1: Filled coordinateUncertaintyInMeters from decimal-place precision (conservative). | epi_taxo: acceptedName(match1); authorship_epig(match1); genus_from_scientificName; family_WFO; order_majorGroup_WCVP [2026-03-11] | CoordinateCleaner QA applied without sea test (validity, equal, zeros, capitals, centroids, gbif, institutions) [2026-03-29]","","Colección","G.I.L.V.","G.A.S."
"2324","HEM2025_2324","PreservedSpecimen","Coleccion",NA,"UNICACH","SPECIES","HEM","M.M.M. | M.A.D.V.","930","N.M.M.","E","HEM2025",3,"Ponthieva villosa",15.2508055555556,-92.2769722222222,"2013-03-04","change1: Filled coordinateUncertaintyInMeters from decimal-place precision (conservative). | epi_taxo: acceptedName(match1); authorship_epig(match1); genus_from_scientificName; family_WFO; order_majorGroup_WCVP [2026-03-11] | CoordinateCleaner QA applied without sea test (validity, equal, zeros, capitals, centroids, gbif, institutions) [2026-03-29]","standardized authors names in recordedBy","Colección","M.M.M. & M.A.D.V.","N.M.M."
"2325","HEM2025_2325","PreservedSpecimen","Coleccion",NA,"UNICACH","FORM","HEM","J.M.M.","1073","N.M.M.","E","HEM2025",1,"Prosthechea baculus",15.8105555555556,-93.0543611111111,"2005-08-22","change1: Corrected taxonRank (SPECIES→FORM); kept scientificName as-is. | change2: Filled coordinateUncertaintyInMeters from decimal-place precision (conservative). | epi_taxo: acceptedName(match1); authorship_epig(match1); genus_from_scientificName; family_WFO; order_majorGroup_WCVP [2026-03-11] | CoordinateCleaner QA applied without sea test (validity, equal, zeros, capitals, centroids, gbif, institutions) [2026-03-29]","","Colección","J.M.M.","N.M.M."
"2326","HEM2025_2326","PreservedSpecimen","Coleccion",NA,"UNICACH","FORM","HEM","H.R.E.","19-bis","C.R.B.B.","E","HEM2025",1,"Prosthechea baculus",15.7072222222222,-92.9841666666667,"2005-04-22","change1: Corrected taxonRank (SPECIES→FORM); kept scientificName as-is. | change2: Filled coordinateUncertaintyInMeters from decimal-place precision (conservative). | epi_taxo: acceptedName(match1); authorship_epig(match1); genus_from_scientificName; family_WFO; order_majorGroup_WCVP [2026-03-11] | CoordinateCleaner QA applied without sea test (validity, equal, zeros, capitals, centroids, gbif, institutions) [2026-03-29]","","Colección","H.R.E.","C.R.B.B."
"2327","HEM2025_2327","PreservedSpecimen","Coleccion",NA,"UNICACH","FORM","HEM","H.G.D.","1275","H.G.D.","E","HEM2025",1,"Prosthechea baculus",15.8138888888889,-93.0305555555556,"2006-04-20","change1: Corrected taxonRank (SPECIES→FORM); kept scientificName as-is. | change2: Filled coordinateUncertaintyInMeters from decimal-place precision (conservative). | epi_taxo: acceptedName(match1); authorship_epig(match1); genus_from_scientificName; family_WFO; order_majorGroup_WCVP [2026-03-11] | CoordinateCleaner QA applied without sea test (validity, equal, zeros, capitals, centroids, gbif, institutions) [2026-03-29]","","Colección","H.G.D.","H.G.D."
"2328","HEM2025_2328","PreservedSpecimen","Coleccion",NA,"UNICACH","FORM","HEM","N.M.M.","1340","N.M.M.","E","HEM2025",1,"Prosthechea baculus",15.46,-92.65825,"2006-03-22","change1: Corrected taxonRank (SPECIES→FORM); kept scientificName as-is. | change2: Filled coordinateUncertaintyInMeters from decimal-place precision (conservative). | epi_taxo: acceptedName(match1); authorship_epig(match1); genus_from_scientificName; family_WFO; order_majorGroup_WCVP [2026-03-11] | CoordinateCleaner QA applied without sea test (validity, equal, zeros, capitals, centroids, gbif, institutions) [2026-03-29]","","Colección","N.M.M.","N.M.M."
"2329","HEM2025_2329","PreservedSpecimen","Coleccion",NA,"UNICACH","FORM","HEM","A.L.C.","551","G.L.","E","HEM2025",1,"Prosthechea baculus",15.4330555555556,-92.6402777777778,"2008-01-15","change1: Corrected taxonRank (SPECIES→FORM); kept scientificName as-is. | change2: Filled coordinateUncertaintyInMeters from decimal-place precision (conservative). | epi_taxo: acceptedName(match1); authorship_epig(match1); genus_from_scientificName; family_WFO; order_majorGroup_WCVP [2026-03-11] | CoordinateCleaner QA applied without sea test (validity, equal, zeros, capitals, centroids, gbif, institutions) [2026-03-29]","","Colección","A.L.C.","G.L."
"2330","HEM2025_2330","PreservedSpecimen","Coleccion",NA,"UNICACH","FORM","HEM","Najarro, F.H. | U.G.M.","868","O.F.S.","E","HEM2025",1,"Prosthechea baculus",15.9838888888889,-93.4716666666667,"2002-04-27","change1: Corrected taxonRank (SPECIES→FORM); kept scientificName as-is. | change2: Filled coordinateUncertaintyInMeters from decimal-place precision (conservative). | epi_taxo: acceptedName(match1); authorship_epig(match1); genus_from_scientificName; family_WFO; order_majorGroup_WCVP [2026-03-11] | CoordinateCleaner QA applied without sea test (validity, equal, zeros, capitals, centroids, gbif, institutions) [2026-03-29]","standardized authors names in recordedBy","Colección","F.H. Najarro & U.G.M.","O.F.S."
"2331","HEM2025_2331","PreservedSpecimen","Coleccion",NA,"UNICACH","FORM","HEM","P.C. | V.M.","67","G.A.S.","E","HEM2025",1,"Prosthechea baculus",15.6055555555556,-92.5652777777778,"1998-10-28","change1: Corrected taxonRank (SPECIES→FORM); kept scientificName as-is. | change2: Filled coordinateUncertaintyInMeters from decimal-place precision (conservative). | epi_taxo: acceptedName(match1); authorship_epig(match1); genus_from_scientificName; family_WFO; order_majorGroup_WCVP [2026-03-11] | CoordinateCleaner QA applied without sea test (validity, equal, zeros, capitals, centroids, gbif, institutions) [2026-03-29]","standardized authors names in recordedBy","Colección","P.C. & V.M.","G.A.S."
"2332","HEM2025_2332","PreservedSpecimen","Coleccion",NA,"UNICACH","FORM","HEM","P.C. | V.M.","67","G.A.S.","E","HEM2025",1,"Prosthechea baculus",15.6055555555556,-92.5652777777778,"1998-10-28","change1: Corrected taxonRank (SPECIES→FORM); kept scientificName as-is. | change2: Filled coordinateUncertaintyInMeters from decimal-place precision (conservative). | epi_taxo: acceptedName(match1); authorship_epig(match1); genus_from_scientificName; family_WFO; order_majorGroup_WCVP [2026-03-11] | CoordinateCleaner QA applied without sea test (validity, equal, zeros, capitals, centroids, gbif, institutions) [2026-03-29]","standardized authors names in recordedBy","Colección","P.C. & V.M.","G.A.S."
"2333","HEM2025_2333","PreservedSpecimen","Coleccion",NA,"UNICACH","FORM","HEM","J.C.R.","206","Carnevali, G.","E","HEM2025",1,"Prosthechea baculus",15.855,-93.1397222222222,"2000-03-22","change1: Corrected taxonRank (SPECIES→FORM); kept scientificName as-is. | change2: Filled coordinateUncertaintyInMeters from decimal-place precision (conservative). | epi_taxo: acceptedName(match1); authorship_epig(match1); genus_from_scientificName; family_WFO; order_majorGroup_WCVP [2026-03-11] | CoordinateCleaner QA applied without sea test (validity, equal, zeros, capitals, centroids, gbif, institutions) [2026-03-29]","standardized authors names in identifiedBy","Colección","J.C.R.","G. Carnevali"
"2334","HEM2025_2334","PreservedSpecimen","Coleccion",NA,"UNICACH","FORM","HEM","O.N.","4346","ND","E","HEM2025",1,"Prosthechea baculus",15.0775,-92.0941666666667,"1936-05-20","change1: Corrected taxonRank (SPECIES→FORM); kept scientificName as-is. | change2: Filled coordinateUncertaintyInMeters from decimal-place precision (conservative). | epi_taxo: acceptedName(match1); authorship_epig(match1); genus_from_scientificName; family_WFO; order_majorGroup_WCVP [2026-03-11] | CoordinateCleaner QA applied without sea test (validity, equal, zeros, capitals, centroids, gbif, institutions) [2026-03-29]","","Colección","O.N.","ND"
"2335","HEM2025_2335","PreservedSpecimen","Coleccion",NA,"UNICACH","FORM","HEM","M.M.M. | D.A.J.L. | R.J.R.V.","5515-BIS","N.M.M.","E","HEM2025",1,"Prosthechea baculus",15.1179722222222,-92.1553333333333,"2015-03-26","change1: Corrected taxonRank (SPECIES→FORM); kept scientificName as-is. | change2: Filled coordinateUncertaintyInMeters from decimal-place precision (conservative). | epi_taxo: acceptedName(match1); authorship_epig(match1); genus_from_scientificName; family_WFO; order_majorGroup_WCVP [2026-03-11] | CoordinateCleaner QA applied without sea test (validity, equal, zeros, capitals, centroids, gbif, institutions) [2026-03-29]","standardized authors names in recordedBy","Colección","M.M.M. & D.A.J.L. & R.J.R.V.","N.M.M."
"2336","HEM2025_2336","PreservedSpecimen","Coleccion",NA,"UNICACH","FORM","HEM","C.R.B.B.","ND","C.R.B.B.","E","HEM2025",1,"Prosthechea brassavolae",16.3066666666667,-92.9727777777778,"2008-06-28","change1: Corrected taxonRank (SPECIES→FORM); kept scientificName as-is. | change2: Filled coordinateUncertaintyInMeters from decimal-place precision (conservative). | epi_taxo: acceptedName(match1); authorship_epig(match1); genus_from_scientificName; family_WFO; order_majorGroup_WCVP [2026-03-11] | CoordinateCleaner QA applied without sea test (validity, equal, zeros, capitals, centroids, gbif, institutions) [2026-03-29]","","Colección","C.R.B.B.","C.R.B.B."
"2337","HEM2025_2337","PreservedSpecimen","Coleccion",NA,"UNICACH","FORM","HEM","C.R.B.B.","ND","C.R.B.B.","E","HEM2025",1,"Prosthechea brassavolae",16.3066666666667,-92.9727777777778,"2008-06-28","change1: Corrected taxonRank (SPECIES→FORM); kept scientificName as-is. | change2: Filled coordinateUncertaintyInMeters from decimal-place precision (conservative). | epi_taxo: acceptedName(match1); authorship_epig(match1); genus_from_scientificName; family_WFO; order_majorGroup_WCVP [2026-03-11] | CoordinateCleaner QA applied without sea test (validity, equal, zeros, capitals, centroids, gbif, institutions) [2026-03-29]","","Colección","C.R.B.B.","C.R.B.B."
"2338","HEM2025_2338","PreservedSpecimen","Coleccion",NA,"UNICACH","FORM","HEM","M.D.R.S.","313","C.R.B.B.","E","HEM2025",1,"Prosthechea chacaoensis",15.5976388888889,-92.6570277777778,"2005-07-22","change1: Corrected taxonRank (SPECIES→FORM); kept scientificName as-is. | change2: Filled coordinateUncertaintyInMeters from decimal-place precision (conservative). | epi_taxo: acceptedName(match1); authorship_epig(match1); genus_from_scientificName; family_WFO; order_majorGroup_WCVP [2026-03-11] | CoordinateCleaner QA applied without sea test (validity, equal, zeros, capitals, centroids, gbif, institutions) [2026-03-29]","","Colección","M.D.R.S.","C.R.B.B."
"2339","HEM2025_2339","PreservedSpecimen","Coleccion",NA,"UNICACH","FORM","HEM","G.U. | E.M.S. | A.M.G.","203","G.A.S.","E","HEM2025",1,"Prosthechea chacaoensis",16.7477777777778,-93.3294444444444,"1987-05-31","change1: Corrected taxonRank (SPECIES→FORM); kept scientificName as-is. | change2: Filled coordinateUncertaintyInMeters from decimal-place precision (conservative). | epi_taxo: acceptedName(match1); authorship_epig(match1); genus_from_scientificName; family_WFO; order_majorGroup_WCVP [2026-03-11] | CoordinateCleaner QA applied without sea test (validity, equal, zeros, capitals, centroids, gbif, institutions) [2026-03-29]","standardized authors names in recordedBy","Colección","G.U. & E.M.S. & A.M.G.","G.A.S."
"2340","HEM2025_2340","PreservedSpecimen","Coleccion",NA,"UNICACH","FORM","HEM","G.U. | E.M.S. | A.M.G.","203","G.A.S.","E","HEM2025",1,"Prosthechea chacaoensis",16.7477777777778,-93.3294444444444,"1987-05-31","change1: Corrected taxonRank (SPECIES→FORM); kept scientificName as-is. | change2: Filled coordinateUncertaintyInMeters from decimal-place precision (conservative). | epi_taxo: acceptedName(match1); authorship_epig(match1); genus_from_scientificName; family_WFO; order_majorGroup_WCVP [2026-03-11] | CoordinateCleaner QA applied without sea test (validity, equal, zeros, capitals, centroids, gbif, institutions) [2026-03-29]","standardized authors names in recordedBy","Colección","G.U. & E.M.S. & A.M.G.","G.A.S."
"2341","HEM2025_2341","PreservedSpecimen","Coleccion",NA,"UNICACH","SPECIES","HEM","E.D.R.","7","E.D.R.","E","HEM2025",1,"Prosthechea cochleata",15.5216666666667,-92.5744444444444,"2005-03-21","change1: Filled coordinateUncertaintyInMeters from decimal-place precision (conservative). | epi_taxo: acceptedName(match1); authorship_epig(match1); genus_from_scientificName; family_WFO; order_majorGroup_WCVP [2026-03-11] | CoordinateCleaner QA applied without sea test (validity, equal, zeros, capitals, centroids, gbif, institutions) [2026-03-29]","","Colección","E.D.R.","E.D.R."
"2342","HEM2025_2342","PreservedSpecimen","Coleccion",NA,"UNICACH","SPECIES","HEM","M.N.M.G.","510","O.F.S.","E","HEM2025",1,"Prosthechea cochleata",16.0113888888889,-93.4705555555556,"2002-08-22","change1: Filled coordinateUncertaintyInMeters from decimal-place precision (conservative). | epi_taxo: acceptedName(match1); authorship_epig(match1); genus_from_scientificName; family_WFO; order_majorGroup_WCVP [2026-03-11] | CoordinateCleaner QA applied without sea test (validity, equal, zeros, capitals, centroids, gbif, institutions) [2026-03-29]","","Colección","M.N.M.G.","O.F.S."
"2343","HEM2025_2343","PreservedSpecimen","Coleccion",NA,"UNICACH","SPECIES","HEM","C.A.P.B.","155","C.A.P.B.","E","HEM2025",1,"Prosthechea cochleata",15.6641666666667,-92.8136111111111,"2006-01-20","change1: Filled coordinateUncertaintyInMeters from decimal-place precision (conservative). | epi_taxo: acceptedName(match1); authorship_epig(match1); genus_from_scientificName; family_WFO; order_majorGroup_WCVP [2026-03-11] | CoordinateCleaner QA applied without sea test (validity, equal, zeros, capitals, centroids, gbif, institutions) [2026-03-29]","","Colección","C.A.P.B.","C.A.P.B."
"2344","HEM2025_2344","PreservedSpecimen","Coleccion",NA,"UNICACH","SPECIES","HEM","A.F.R.Q.","12","A.F.R.Q.","E","HEM2025",1,"Prosthechea cochleata",16.9305555555556,-93.41875,"2006-04-15","change1: Filled coordinateUncertaintyInMeters from decimal-place precision (conservative). | epi_taxo: acceptedName(match1); authorship_epig(match1); genus_from_scientificName; family_WFO; order_majorGroup_WCVP [2026-03-11] | CoordinateCleaner QA applied without sea test (validity, equal, zeros, capitals, centroids, gbif, institutions) [2026-03-29]","","Colección","A.F.R.Q.","A.F.R.Q."
"2345","HEM2025_2345","PreservedSpecimen","Coleccion",NA,"UNICACH","SPECIES","HEM","M.M.M.","135","M.M.M.","E","HEM2025",1,"Prosthechea cochleata",16.7866111111111,-94.0265833333333,"2007-07-06","change1: Filled coordinateUncertaintyInMeters from decimal-place precision (conservative). | epi_taxo: acceptedName(match1); authorship_epig(match1); genus_from_scientificName; family_WFO; order_majorGroup_WCVP [2026-03-11] | CoordinateCleaner QA applied without sea test (validity, equal, zeros, capitals, centroids, gbif, institutions) [2026-03-29]","","Colección","M.M.M.","M.M.M."
"2346","HEM2025_2346","PreservedSpecimen","Coleccion",NA,"UNICACH","SPECIES","HEM","A.L.C.","870","A.L.C.","E","HEM2025",1,"Prosthechea cochleata",17.0314722222222,-93.1406111111111,"2009-09-21","change1: Filled coordinateUncertaintyInMeters from decimal-place precision (conservative). | epi_taxo: acceptedName(match1); authorship_epig(match1); genus_from_scientificName; family_WFO; order_majorGroup_WCVP [2026-03-11] | CoordinateCleaner QA applied without sea test (validity, equal, zeros, capitals, centroids, gbif, institutions) [2026-03-29]","","Colección","A.L.C.","A.L.C."
"2347","HEM2025_2347","PreservedSpecimen","Coleccion",NA,"UNICACH","SPECIES","HEM","J.A.E.J.","919","J.A.E.J.","E","HEM2025",1,"Prosthechea cochleata",16.9127777777778,-92.9891666666667,"2009-07-20","change1: Filled coordinateUncertaintyInMeters from decimal-place precision (conservative). | epi_taxo: acceptedName(match1); authorship_epig(match1); genus_from_scientificName; family_WFO; order_majorGroup_WCVP [2026-03-11] | CoordinateCleaner QA applied without sea test (validity, equal, zeros, capitals, centroids, gbif, institutions) [2026-03-29]","","Colección","J.A.E.J.","J.A.E.J."
"2348","HEM2025_2348","PreservedSpecimen","Coleccion",NA,"UNICACH","SPECIES","HEM","M.M.M. | H.G.D.","235","M.M.M.","E","HEM2025",1,"Prosthechea cochleata",16.9519472222222,-92.9529805555556,"2009-04-16","change1: Filled coordinateUncertaintyInMeters from decimal-place precision (conservative). | epi_taxo: acceptedName(match1); authorship_epig(match1); genus_from_scientificName; family_WFO; order_majorGroup_WCVP [2026-03-11] | CoordinateCleaner QA applied without sea test (validity, equal, zeros, capitals, centroids, gbif, institutions) [2026-03-29]","standardized authors names in recordedBy","Colección","M.M.M. & H.G.D.","M.M.M."
"2349","HEM2025_2349","PreservedSpecimen","Coleccion",NA,"UNICACH","SPECIES","HEM","N.M.M.","2672","N.M.M.","E","HEM2025",1,"Prosthechea cochleata",16.9651555555556,-93.2305583333333,"2009-06-01","change1: Filled coordinateUncertaintyInMeters from decimal-place precision (conservative). | epi_taxo: acceptedName(match1); authorship_epig(match1); genus_from_scientificName; family_WFO; order_majorGroup_WCVP [2026-03-11] | CoordinateCleaner QA applied without sea test (validity, equal, zeros, capitals, centroids, gbif, institutions) [2026-03-29]","","Colección","N.M.M.","N.M.M."
"2350","HEM2025_2350","PreservedSpecimen","Coleccion",NA,"UNICACH","SPECIES","HEM","P.C. | V.M.","64","G.A.S.","E","HEM2025",1,"Prosthechea cochleata",15.6055555555556,-92.5652777777778,"1998-08-21","change1: Filled coordinateUncertaintyInMeters from decimal-place precision (conservative). | epi_taxo: acceptedName(match1); authorship_epig(match1); genus_from_scientificName; family_WFO; order_majorGroup_WCVP [2026-03-11] | CoordinateCleaner QA applied without sea test (validity, equal, zeros, capitals, centroids, gbif, institutions) [2026-03-29]","standardized authors names in recordedBy","Colección","P.C. & V.M.","G.A.S."
"2351","HEM2025_2351","PreservedSpecimen","Coleccion",NA,"UNICACH","SPECIES","HEM","P.C. | V.M.","64","G.A.S.","E","HEM2025",1,"Prosthechea cochleata",15.6055555555556,-92.5652777777778,"1998-08-21","change1: Filled coordinateUncertaintyInMeters from decimal-place precision (conservative). | epi_taxo: acceptedName(match1); authorship_epig(match1); genus_from_scientificName; family_WFO; order_majorGroup_WCVP [2026-03-11] | CoordinateCleaner QA applied without sea test (validity, equal, zeros, capitals, centroids, gbif, institutions) [2026-03-29]","standardized authors names in recordedBy","Colección","P.C. & V.M.","G.A.S."
"2352","HEM2025_2352","PreservedSpecimen","Coleccion",NA,"UNICACH","SPECIES","HEM","C.R.","ND","G.A.S.","E","HEM2025",1,"Prosthechea cochleata",17.1305555555556,-93.1583333333333,"1994-03-18","change1: Filled coordinateUncertaintyInMeters from decimal-place precision (conservative). | epi_taxo: acceptedName(match1); authorship_epig(match1); genus_from_scientificName; family_WFO; order_majorGroup_WCVP [2026-03-11] | CoordinateCleaner QA applied without sea test (validity, equal, zeros, capitals, centroids, gbif, institutions) [2026-03-29]","","Colección","C.R.","G.A.S."
"2353","HEM2025_2353","PreservedSpecimen","Coleccion",NA,"UNICACH","SPECIES","HEM","G.U. | E.M.S. | A.M.G.","84","Camilo, R.M.","E","HEM2025",1,"Prosthechea cochleata",16.9913888888889,-91.6227777777778,"1987-05-24","change1: Filled coordinateUncertaintyInMeters from decimal-place precision (conservative). | epi_taxo: acceptedName(match1); authorship_epig(match1); genus_from_scientificName; family_WFO; order_majorGroup_WCVP [2026-03-11] | CoordinateCleaner QA applied without sea test (validity, equal, zeros, capitals, centroids, gbif, institutions) [2026-03-29]","standardized authors names in recordedBy / standardized authors names in identifiedBy","Colección","G.U. & E.M.S. & A.M.G.","R.M. Camilo"
"2354","HEM2025_2354","PreservedSpecimen","Coleccion",NA,"UNICACH","SPECIES","HEM","M.G.P.D.","23","G.A.S.","E","HEM2025",1,"Prosthechea cochleata",16.6430555555556,-93.3997222222222,"2002-05-04","change1: Filled coordinateUncertaintyInMeters from decimal-place precision (conservative). | epi_taxo: acceptedName(match1); authorship_epig(match1); genus_from_scientificName; family_WFO; order_majorGroup_WCVP [2026-03-11] | CoordinateCleaner QA applied without sea test (validity, equal, zeros, capitals, centroids, gbif, institutions) [2026-03-29]","","Colección","M.G.P.D.","G.A.S."
"2355","HEM2025_2355","PreservedSpecimen","Coleccion",NA,"UNICACH","SPECIES","HEM","M.G.P.D.","23","G.A.S.","E","HEM2025",1,"Prosthechea cochleata",16.6430555555556,-93.3997222222222,"2002-05-04","change1: Filled coordinateUncertaintyInMeters from decimal-place precision (conservative). | epi_taxo: acceptedName(match1); authorship_epig(match1); genus_from_scientificName; family_WFO; order_majorGroup_WCVP [2026-03-11] | CoordinateCleaner QA applied without sea test (validity, equal, zeros, capitals, centroids, gbif, institutions) [2026-03-29]","","Colección","M.G.P.D.","G.A.S."
"2356","HEM2025_2356","PreservedSpecimen","Coleccion",NA,"UNICACH","SPECIES","HEM","B.A.P.E.","29","G.A.S.","E","HEM2025",1,"Prosthechea cochleata",16.6430555555556,-93.3997222222222,"2002-05-04","change1: Filled coordinateUncertaintyInMeters from decimal-place precision (conservative). | epi_taxo: acceptedName(match1); authorship_epig(match1); genus_from_scientificName; family_WFO; order_majorGroup_WCVP [2026-03-11] | CoordinateCleaner QA applied without sea test (validity, equal, zeros, capitals, centroids, gbif, institutions) [2026-03-29]","","Colección","B.A.P.E.","G.A.S."
"2357","HEM2025_2357","PreservedSpecimen","Coleccion",NA,"UNICACH","SPECIES","HEM","B.A.P.E.","29","G.A.S.","E","HEM2025",1,"Prosthechea cochleata",16.6430555555556,-93.3997222222222,"2002-05-04","change1: Filled coordinateUncertaintyInMeters from decimal-place precision (conservative). | epi_taxo: acceptedName(match1); authorship_epig(match1); genus_from_scientificName; family_WFO; order_majorGroup_WCVP [2026-03-11] | CoordinateCleaner QA applied without sea test (validity, equal, zeros, capitals, centroids, gbif, institutions) [2026-03-29]","","Colección","B.A.P.E.","G.A.S."
"2358","HEM2025_2358","PreservedSpecimen","Coleccion",NA,"UNICACH","SPECIES","HEM","A.R.G. | C.C.H.","5065","M.A.S.A.","E","HEM2025",1,"Prosthechea cochleata",16.3452777777778,-93.9041666666667,"2002-06-06","change1: Filled coordinateUncertaintyInMeters from decimal-place precision (conservative). | epi_taxo: acceptedName(match1); authorship_epig(match1); genus_from_scientificName; family_WFO; order_majorGroup_WCVP [2026-03-11] | CoordinateCleaner QA applied without sea test (validity, equal, zeros, capitals, centroids, gbif, institutions) [2026-03-29]","standardized authors names in recordedBy","Colección","A.R.G. & C.C.H.","M.A.S.A."
"2359","HEM2025_2359","PreservedSpecimen","Coleccion",NA,"UNICACH","SPECIES","HEM","E.M.L.","237","C.R.B.B.","E","HEM2025",1,"Prosthechea cochleata",16.0011111111111,-93.4072222222222,"2002-06-29","change1: Filled coordinateUncertaintyInMeters from decimal-place precision (conservative). | epi_taxo: acceptedName(match1); authorship_epig(match1); genus_from_scientificName; family_WFO; order_majorGroup_WCVP [2026-03-11] | CoordinateCleaner QA applied without sea test (validity, equal, zeros, capitals, centroids, gbif, institutions) [2026-03-29]","","Colección","E.M.L.","C.R.B.B."
"2360","HEM2025_2360","PreservedSpecimen","Coleccion",NA,"UNICACH","SPECIES","HEM","M.C.R.M.","186","D.A.J.L.","E","HEM2025",1,"Prosthechea cochleata",16.819125,-92.9914305555556,"2015-04-21","change1: Filled coordinateUncertaintyInMeters from decimal-place precision (conservative). | epi_taxo: acceptedName(match1); authorship_epig(match1); genus_from_scientificName; family_WFO; order_majorGroup_WCVP [2026-03-11] | CoordinateCleaner QA applied without sea test (validity, equal, zeros, capitals, centroids, gbif, institutions) [2026-03-29]","","Colección","M.C.R.M.","D.A.J.L."
"2361","HEM2025_2361","PreservedSpecimen","Coleccion",NA,"UNICACH","SPECIES","HEM","H.G.D.","657","N.M.M.","E","HEM2025",1,"Prosthechea fragrans",16.0035555555556,-93.4614166666667,"2004-04-07","change1: Filled coordinateUncertaintyInMeters from decimal-place precision (conservative). | epi_taxo: acceptedName(match1); authorship_epig(match1); genus_from_scientificName; family_WFO; order_majorGroup_WCVP [2026-03-11] | CoordinateCleaner QA applied without sea test (validity, equal, zeros, capitals, centroids, gbif, institutions) [2026-03-29]","","Colección","H.G.D.","N.M.M."
"2362","HEM2025_2362","PreservedSpecimen","Coleccion",NA,"UNICACH","SPECIES","HEM","A.L.C.","36","N.M.M.","E","HEM2025",1,"Prosthechea fragrans",15.3766666666667,-92.6313888888889,"2005-05-23","change1: Filled coordinateUncertaintyInMeters from decimal-place precision (conservative). | epi_taxo: acceptedName(match1); authorship_epig(match1); genus_from_scientificName; family_WFO; order_majorGroup_WCVP [2026-03-11] | CoordinateCleaner QA applied without sea test (validity, equal, zeros, capitals, centroids, gbif, institutions) [2026-03-29]","","Colección","A.L.C.","N.M.M."
"2363","HEM2025_2363","PreservedSpecimen","Coleccion",NA,"UNICACH","SPECIES","HEM","Perez-Farrera, M.A.","564","G.A.S.","E","HEM2025",1,"Prosthechea livida",16.3166666666667,-93.6166666666667,"1995-07-17","change1: Filled coordinateUncertaintyInMeters from decimal-place precision (conservative). | epi_taxo: acceptedName(match1); authorship_epig(match1); genus_from_scientificName; family_WFO; order_majorGroup_WCVP [2026-03-11] | CoordinateCleaner QA applied without sea test (validity, equal, zeros, capitals, centroids, gbif, institutions) [2026-03-29]","standardized authors names in recordedBy","Colección","M.A. Pérez-Farrera","G.A.S."
"2364","HEM2025_2364","PreservedSpecimen","Coleccion",NA,"UNICACH","SPECIES","HEM","N.M.M.","481","N.M.M.","E","HEM2025",1,"Prosthechea livida",16.6680555555556,-93.4152777777778,"2001-09-05","change1: Filled coordinateUncertaintyInMeters from decimal-place precision (conservative). | epi_taxo: acceptedName(match1); authorship_epig(match1); genus_from_scientificName; family_WFO; order_majorGroup_WCVP [2026-03-11] | CoordinateCleaner QA applied without sea test (validity, equal, zeros, capitals, centroids, gbif, institutions) [2026-03-29]","","Colección","N.M.M.","N.M.M."
"2365","HEM2025_2365","PreservedSpecimen","Coleccion",NA,"UNICACH","SPECIES","HEM","C.E.C.H.","15","Carnevali, G.","E","HEM2025",1,"Prosthechea livida",16.6430555555556,-93.3997222222222,"2002-05-04","change1: Filled coordinateUncertaintyInMeters from decimal-place precision (conservative). | epi_taxo: acceptedName(match1); authorship_epig(match1); genus_from_scientificName; family_WFO; order_majorGroup_WCVP [2026-03-11] | CoordinateCleaner QA applied without sea test (validity, equal, zeros, capitals, centroids, gbif, institutions) [2026-03-29]","standardized authors names in identifiedBy","Colección","C.E.C.H.","G. Carnevali"
"2366","HEM2025_2366","PreservedSpecimen","Coleccion",NA,"UNICACH","SPECIES","HEM","C.E.C.H.","15","Carnevali, G.","E","HEM2025",1,"Prosthechea livida",16.6430555555556,-93.3997222222222,"2002-05-04","change1: Filled coordinateUncertaintyInMeters from decimal-place precision (conservative). | epi_taxo: acceptedName(match1); authorship_epig(match1); genus_from_scientificName; family_WFO; order_majorGroup_WCVP [2026-03-11] | CoordinateCleaner QA applied without sea test (validity, equal, zeros, capitals, centroids, gbif, institutions) [2026-03-29]","standardized authors names in identifiedBy","Colección","C.E.C.H.","G. Carnevali"
"2367","HEM2025_2367","PreservedSpecimen","Coleccion",NA,"UNICACH","SPECIES","HEM","E.M.L.","235","O.F.S. | Cachon, T.C.","E","HEM2025",1,"Prosthechea livida",16.0011111111111,-93.4072222222222,"2002-06-29","change1: Filled coordinateUncertaintyInMeters from decimal-place precision (conservative). | epi_taxo: acceptedName(match1); authorship_epig(match1); genus_from_scientificName; family_WFO; order_majorGroup_WCVP [2026-03-11] | CoordinateCleaner QA applied without sea test (validity, equal, zeros, capitals, centroids, gbif, institutions) [2026-03-29]","standardized authors names in identifiedBy","Colección","E.M.L.","O.F.S. & T.C. Cachón"
"2368","HEM2025_2368","PreservedSpecimen","Coleccion",NA,"UNICACH","SPECIES","HEM","R.S.M.","29","R.S.M.","E","HEM2025",1,"Prosthechea livida",16.7569444444444,-93.3427777777778,"2006-04-08","change1: Filled coordinateUncertaintyInMeters from decimal-place precision (conservative). | epi_taxo: acceptedName(match1); authorship_epig(match1); genus_from_scientificName; family_WFO; order_majorGroup_WCVP [2026-03-11] | CoordinateCleaner QA applied without sea test (validity, equal, zeros, capitals, centroids, gbif, institutions) [2026-03-29]","","Colección","R.S.M.","R.S.M."
"2369","HEM2025_2369","PreservedSpecimen","Coleccion",NA,"UNICACH","SPECIES","HEM","M.E.L.M.","652","N.M.M.","E","HEM2025",1,"Prosthechea livida",16.2063611111111,-92.1325416666667,"2005-06-21","change1: Filled coordinateUncertaintyInMeters from decimal-place precision (conservative). | epi_taxo: acceptedName(match1); authorship_epig(match1); genus_from_scientificName; family_WFO; order_majorGroup_WCVP [2026-03-11] | CoordinateCleaner QA applied without sea test (validity, equal, zeros, capitals, centroids, gbif, institutions) [2026-03-29]","","Colección","M.E.L.M.","N.M.M."
"2370","HEM2025_2370","PreservedSpecimen","Coleccion",NA,"UNICACH","FORM","HEM","M.D.R.S.","310","N.M.M.","E","HEM2025",3,"Prosthechea baculus",15.5976388888889,-92.6570277777778,"2005-06-22","change1: Corrected taxonRank (SPECIES→FORM); kept scientificName as-is. | change2: Filled coordinateUncertaintyInMeters from decimal-place precision (conservative). | epi_taxo: acceptedName(match1); authorship_epig(match1); genus_from_scientificName; family_WFO; order_majorGroup_WCVP [2026-03-11] | CoordinateCleaner QA applied without sea test (validity, equal, zeros, capitals, centroids, gbif, institutions) [2026-03-29]","","Colección","M.D.R.S.","N.M.M."
"2371","HEM2025_2371","PreservedSpecimen","Coleccion",NA,"UNICACH","FORM","HEM","C.A.P.B.","61","N.M.M.","E","HEM2025",3,"Prosthechea baculus",15.8220555555556,-93.0455555555556,"2005-07-17","change1: Corrected taxonRank (SPECIES→FORM); kept scientificName as-is. | change2: Filled coordinateUncertaintyInMeters from decimal-place precision (conservative). | epi_taxo: acceptedName(match1); authorship_epig(match1); genus_from_scientificName; family_WFO; order_majorGroup_WCVP [2026-03-11] | CoordinateCleaner QA applied without sea test (validity, equal, zeros, capitals, centroids, gbif, institutions) [2026-03-29]","","Colección","C.A.P.B.","N.M.M."
"2372","HEM2025_2372","PreservedSpecimen","Coleccion",NA,"UNICACH","FORM","HEM","H.G.D.","1136","N.M.M.","E","HEM2025",3,"Prosthechea baculus",15.6425,-92.5694444444444,"2005-07-23","change1: Corrected taxonRank (SPECIES→FORM); kept scientificName as-is. | change2: Filled coordinateUncertaintyInMeters from decimal-place precision (conservative). | epi_taxo: acceptedName(match1); authorship_epig(match1); genus_from_scientificName; family_WFO; order_majorGroup_WCVP [2026-03-11] | CoordinateCleaner QA applied without sea test (validity, equal, zeros, capitals, centroids, gbif, institutions) [2026-03-29]","","Colección","H.G.D.","N.M.M."
"2373","HEM2025_2373","PreservedSpecimen","Coleccion",NA,"UNICACH","FORM","HEM","J.M.M.","966","N.M.M.","E","HEM2025",3,"Prosthechea baculus",15.77425,-93.0506111111111,"2005-06-09","change1: Corrected taxonRank (SPECIES→FORM); kept scientificName as-is. | change2: Filled coordinateUncertaintyInMeters from decimal-place precision (conservative). | epi_taxo: acceptedName(match1); authorship_epig(match1); genus_from_scientificName; family_WFO; order_majorGroup_WCVP [2026-03-11] | CoordinateCleaner QA applied without sea test (validity, equal, zeros, capitals, centroids, gbif, institutions) [2026-03-29]","","Colección","J.M.M.","N.M.M."
"2374","HEM2025_2374","PreservedSpecimen","Coleccion",NA,"UNICACH","FORM","HEM","E.M.L.","234","O.F.S. | Cachon, T.C.","E","HEM2025",3,"Prosthechea baculus",16.0011111111111,-93.4072222222222,"2002-06-29","change1: Corrected taxonRank (SPECIES→FORM); kept scientificName as-is. | change2: Filled coordinateUncertaintyInMeters from decimal-place precision (conservative). | epi_taxo: acceptedName(match1); authorship_epig(match1); genus_from_scientificName; family_WFO; order_majorGroup_WCVP [2026-03-11] | CoordinateCleaner QA applied without sea test (validity, equal, zeros, capitals, centroids, gbif, institutions) [2026-03-29]","standardized authors names in identifiedBy","Colección","E.M.L.","O.F.S. & T.C. Cachón"
"2375","HEM2025_2375","PreservedSpecimen","Coleccion",NA,"UNICACH","FORM","HEM","A.M.G. | G.U. | E.M.S.","197-bis","Carnevali, G.","E","HEM2025",3,"Prosthechea baculus",16.7772222222222,-93.2741666666667,"1987-05-31","change1: Corrected taxonRank (SPECIES→FORM); kept scientificName as-is. | change2: Filled coordinateUncertaintyInMeters from decimal-place precision (conservative). | epi_taxo: acceptedName(match1); authorship_epig(match1); genus_from_scientificName; family_WFO; order_majorGroup_WCVP [2026-03-11] | CoordinateCleaner QA applied without sea test (validity, equal, zeros, capitals, centroids, gbif, institutions) [2026-03-29]","standardized authors names in recordedBy / standardized authors names in identifiedBy","Colección","A.M.G. & G.U. & E.M.S.","G. Carnevali"
"2376","HEM2025_2376","PreservedSpecimen","Coleccion",NA,"UNICACH","FORM","HEM","A.M.G. | G.U. | E.M.S.","197-bis","Carnevali, G.","E","HEM2025",3,"Prosthechea baculus",16.7772222222222,-93.2741666666667,"1987-05-31","change1: Corrected taxonRank (SPECIES→FORM); kept scientificName as-is. | change2: Filled coordinateUncertaintyInMeters from decimal-place precision (conservative). | epi_taxo: acceptedName(match1); authorship_epig(match1); genus_from_scientificName; family_WFO; order_majorGroup_WCVP [2026-03-11] | CoordinateCleaner QA applied without sea test (validity, equal, zeros, capitals, centroids, gbif, institutions) [2026-03-29]","standardized authors names in recordedBy / standardized authors names in identifiedBy","Colección","A.M.G. & G.U. & E.M.S.","G. Carnevali"
"2377","HEM2025_2377","PreservedSpecimen","Coleccion",NA,"UNICACH","FORM","HEM","N.M.M.","803","N.M.M.","E","HEM2025",3,"Prosthechea baculus",16.7925,-93.0783333333333,"2005-05-05","change1: Corrected taxonRank (SPECIES→FORM); kept scientificName as-is. | change2: Filled coordinateUncertaintyInMeters from decimal-place precision (conservative). | epi_taxo: acceptedName(match1); authorship_epig(match1); genus_from_scientificName; family_WFO; order_majorGroup_WCVP [2026-03-11] | CoordinateCleaner QA applied without sea test (validity, equal, zeros, capitals, centroids, gbif, institutions) [2026-03-29]","","Colección","N.M.M.","N.M.M."
"2378","HEM2025_2378","PreservedSpecimen","Coleccion",NA,"UNICACH","FORM","HEM","R.S.M.","29-bis","N.M.M.","E","HEM2025",3,"Prosthechea baculus",16.7478055555556,-93.3515555555555,"2006-05-01","change1: Corrected taxonRank (SPECIES→FORM); kept scientificName as-is. | change2: Filled coordinateUncertaintyInMeters from decimal-place precision (conservative). | epi_taxo: acceptedName(match1); authorship_epig(match1); genus_from_scientificName; family_WFO; order_majorGroup_WCVP [2026-03-11] | CoordinateCleaner QA applied without sea test (validity, equal, zeros, capitals, centroids, gbif, institutions) [2026-03-29]","","Colección","R.S.M.","N.M.M."
"2379","HEM2025_2379","PreservedSpecimen","Coleccion",NA,"UNICACH","FORM","HEM","A.M.G. | G.U. | E.M.S.","202","G.A.S.","E","HEM2025",3,"Prosthechea baculus",16.7477777777778,-93.3294444444444,"1987-05-31","change1: Corrected taxonRank (SPECIES→FORM); kept scientificName as-is. | change2: Filled coordinateUncertaintyInMeters from decimal-place precision (conservative). | epi_taxo: acceptedName(match1); authorship_epig(match1); genus_from_scientificName; family_WFO; order_majorGroup_WCVP [2026-03-11] | CoordinateCleaner QA applied without sea test (validity, equal, zeros, capitals, centroids, gbif, institutions) [2026-03-29]","standardized authors names in recordedBy","Colección","A.M.G. & G.U. & E.M.S.","G.A.S."
"2380","HEM2025_2380","PreservedSpecimen","Coleccion",NA,"UNICACH","FORM","HEM","A.M.G. | G.U. | E.M.S.","202","G.A.S.","E","HEM2025",3,"Prosthechea baculus",16.7477777777778,-93.3294444444444,"1987-05-31","change1: Corrected taxonRank (SPECIES→FORM); kept scientificName as-is. | change2: Filled coordinateUncertaintyInMeters from decimal-place precision (conservative). | epi_taxo: acceptedName(match1); authorship_epig(match1); genus_from_scientificName; family_WFO; order_majorGroup_WCVP [2026-03-11] | CoordinateCleaner QA applied without sea test (validity, equal, zeros, capitals, centroids, gbif, institutions) [2026-03-29]","standardized authors names in recordedBy","Colección","A.M.G. & G.U. & E.M.S.","G.A.S."
"2381","HEM2025_2381","PreservedSpecimen","Coleccion",NA,"UNICACH","FORM","HEM","N.M.M.","90","Carnevali, G.","E","HEM2025",3,"Prosthechea baculus",15.7727777777778,-93.09,"2001-07-18","change1: Corrected taxonRank (SPECIES→FORM); kept scientificName as-is. | change2: Filled coordinateUncertaintyInMeters from decimal-place precision (conservative). | epi_taxo: acceptedName(match1); authorship_epig(match1); genus_from_scientificName; family_WFO; order_majorGroup_WCVP [2026-03-11] | CoordinateCleaner QA applied without sea test (validity, equal, zeros, capitals, centroids, gbif, institutions) [2026-03-29]","standardized authors names in identifiedBy","Colección","N.M.M.","G. Carnevali"
"2382","HEM2025_2382","PreservedSpecimen","Coleccion",NA,"UNICACH","FORM","HEM","D.A.J.L. | M.M.M.","2","D.A.J.L. | N.M.M.","E","HEM2025",3,"Prosthechea baculus",15.1674166666667,-92.1498888888889,"2014-01-15","change1: Corrected taxonRank (SPECIES→FORM); kept scientificName as-is. | change2: Filled coordinateUncertaintyInMeters from decimal-place precision (conservative). | epi_taxo: acceptedName(match1); authorship_epig(match1); genus_from_scientificName; family_WFO; order_majorGroup_WCVP [2026-03-11] | CoordinateCleaner QA applied without sea test (validity, equal, zeros, capitals, centroids, gbif, institutions) [2026-03-29]","standardized authors names in recordedBy / standardized authors names in identifiedBy","Colección","D.A.J.L. & M.M.M.","D.A.J.L. & N.M.M."
"2383","HEM2025_2383","PreservedSpecimen","Coleccion",NA,"UNICACH","FORM","HEM","P.C. | V.M.","12","P.C. | V.M.","E","HEM2025",3,"Prosthechea baculus",15.6055555555556,-92.5652777777778,"1998-08-21","change1: Corrected taxonRank (SPECIES→FORM); kept scientificName as-is. | change2: Filled coordinateUncertaintyInMeters from decimal-place precision (conservative). | epi_taxo: acceptedName(match1); authorship_epig(match1); genus_from_scientificName; family_WFO; order_majorGroup_WCVP [2026-03-11] | CoordinateCleaner QA applied without sea test (validity, equal, zeros, capitals, centroids, gbif, institutions) [2026-03-29]","standardized authors names in recordedBy / standardized authors names in identifiedBy","Colección","P.C. & V.M.","P.C. & V.M."
"2384","HEM2025_2384","PreservedSpecimen","Coleccion",NA,"UNICACH","FORM","HEM","P.C. | V.M.","12","P.C. | V.M.","E","HEM2025",3,"Prosthechea baculus",15.6055555555556,-92.5652777777778,"1998-08-21","change1: Corrected taxonRank (SPECIES→FORM); kept scientificName as-is. | change2: Filled coordinateUncertaintyInMeters from decimal-place precision (conservative). | epi_taxo: acceptedName(match1); authorship_epig(match1); genus_from_scientificName; family_WFO; order_majorGroup_WCVP [2026-03-11] | CoordinateCleaner QA applied without sea test (validity, equal, zeros, capitals, centroids, gbif, institutions) [2026-03-29]","standardized authors names in recordedBy / standardized authors names in identifiedBy","Colección","P.C. & V.M.","P.C. & V.M."
"2385","HEM2025_2385","PreservedSpecimen","Coleccion",NA,"UNICACH","FORM","HEM","A.M.G. | G.U. | E.M.S.","197","N.M.M.","E","HEM2025",3,"Prosthechea baculus",16.7772222222222,-93.2741666666667,"1987-05-31","change1: Corrected taxonRank (SPECIES→FORM); kept scientificName as-is. | change2: Filled coordinateUncertaintyInMeters from decimal-place precision (conservative). | epi_taxo: acceptedName(match1); authorship_epig(match1); genus_from_scientificName; family_WFO; order_majorGroup_WCVP [2026-03-11] | CoordinateCleaner QA applied without sea test (validity, equal, zeros, capitals, centroids, gbif, institutions) [2026-03-29]","standardized authors names in recordedBy","Colección","A.M.G. & G.U. & E.M.S.","N.M.M."
"2386","HEM2025_2386","PreservedSpecimen","Coleccion",NA,"UNICACH","FORM","HEM","A.M.G. | G.U. | E.M.S.","197","N.M.M.","E","HEM2025",3,"Prosthechea baculus",16.7772222222222,-93.2741666666667,"1987-05-31","change1: Corrected taxonRank (SPECIES→FORM); kept scientificName as-is. | change2: Filled coordinateUncertaintyInMeters from decimal-place precision (conservative). | epi_taxo: acceptedName(match1); authorship_epig(match1); genus_from_scientificName; family_WFO; order_majorGroup_WCVP [2026-03-11] | CoordinateCleaner QA applied without sea test (validity, equal, zeros, capitals, centroids, gbif, institutions) [2026-03-29]","standardized authors names in recordedBy","Colección","A.M.G. & G.U. & E.M.S.","N.M.M."
"2387","HEM2025_2387","PreservedSpecimen","Coleccion",NA,"UNICACH","FORM","HEM","Perez-Farrera, M.A.","486-bis","Carnevali, G.","E","HEM2025",3,"Prosthechea baculus",15.9416666666667,-93.2916666666667,"2013-06-07","change1: Corrected taxonRank (SPECIES→FORM); kept scientificName as-is. | change2: Filled coordinateUncertaintyInMeters from decimal-place precision (conservative). | epi_taxo: acceptedName(match1); authorship_epig(match1); genus_from_scientificName; family_WFO; order_majorGroup_WCVP [2026-03-11] | CoordinateCleaner QA applied without sea test (validity, equal, zeros, capitals, centroids, gbif, institutions) [2026-03-29]","standardized authors names in recordedBy / standardized authors names in identifiedBy","Colección","M.A. Pérez-Farrera","G. Carnevali"
"2388","HEM2025_2388","PreservedSpecimen","Coleccion",NA,"UNICACH","FORM","HEM","J.C.S. | A.R.G. | M.E.L.V. | A.E.","22983","M.A.S.A.","E","HEM2025",3,"Prosthechea baculus",16.4366666666667,-93.9269444444444,"2002-04-25","change1: Corrected taxonRank (SPECIES→FORM); kept scientificName as-is. | change2: Filled coordinateUncertaintyInMeters from decimal-place precision (conservative). | epi_taxo: acceptedName(match1); authorship_epig(match1); genus_from_scientificName; family_WFO; order_majorGroup_WCVP [2026-03-11] | CoordinateCleaner QA applied without sea test (validity, equal, zeros, capitals, centroids, gbif, institutions) [2026-03-29]","standardized authors names in recordedBy","Colección","J.C.S. & A.R.G. & M.E.L.V. & A.E.","M.A.S.A."
"2389","HEM2025_2389","PreservedSpecimen","Coleccion",NA,"UNICACH","FORM","HEM","A.R.G. | J.C.S. | M.E.L.V.","4505","M.A.S.A.","E","HEM2025",3,"Prosthechea baculus",16.3208333333333,-93.9063888888889,"2002-04-23","change1: Corrected taxonRank (SPECIES→FORM); kept scientificName as-is. | change2: Filled coordinateUncertaintyInMeters from decimal-place precision (conservative). | epi_taxo: acceptedName(match1); authorship_epig(match1); genus_from_scientificName; family_WFO; order_majorGroup_WCVP [2026-03-11] | CoordinateCleaner QA applied without sea test (validity, equal, zeros, capitals, centroids, gbif, institutions) [2026-03-29]","standardized authors names in recordedBy","Colección","A.R.G. & J.C.S. & M.E.L.V.","M.A.S.A."
"2390","HEM2025_2390","PreservedSpecimen","Coleccion",NA,"UNICACH","FORM","HEM","A.R.G. | E.M.","4870","M.A.S.A.","E","HEM2025",3,"Prosthechea baculus",16.1608333333333,-93.5513888888889,"2002-05-31","change1: Corrected taxonRank (SPECIES→FORM); kept scientificName as-is. | change2: Filled coordinateUncertaintyInMeters from decimal-place precision (conservative). | epi_taxo: acceptedName(match1); authorship_epig(match1); genus_from_scientificName; family_WFO; order_majorGroup_WCVP [2026-03-11] | CoordinateCleaner QA applied without sea test (validity, equal, zeros, capitals, centroids, gbif, institutions) [2026-03-29]","standardized authors names in recordedBy","Colección","A.R.G. & E.M.","M.A.S.A."
"2391","HEM2025_2391","PreservedSpecimen","Coleccion",NA,"UNICACH","SPECIES","HEM","M.D.R.S.","25-bis","R.R.S.","E","HEM2025",1,"Prosthechea ochracea",15.7697222222222,-92.9361111111111,"2005-04-21","change1: Filled coordinateUncertaintyInMeters from decimal-place precision (conservative). | epi_taxo: acceptedName(match1); authorship_epig(match1); genus_from_scientificName; family_WFO; order_majorGroup_WCVP [2026-03-11] | CoordinateCleaner QA applied without sea test (validity, equal, zeros, capitals, centroids, gbif, institutions) [2026-03-29]","","Colección","M.D.R.S.","R.R.S."
"2392","HEM2025_2392","PreservedSpecimen","Coleccion",NA,"UNICACH","SPECIES","HEM","N.M.M.","988","N.M.M.","E","HEM2025",1,"Prosthechea ochracea",15.4593333333333,-92.6576111111111,"2005-07-23","change1: Filled coordinateUncertaintyInMeters from decimal-place precision (conservative). | epi_taxo: acceptedName(match1); authorship_epig(match1); genus_from_scientificName; family_WFO; order_majorGroup_WCVP [2026-03-11] | CoordinateCleaner QA applied without sea test (validity, equal, zeros, capitals, centroids, gbif, institutions) [2026-03-29]","","Colección","N.M.M.","N.M.M."
"2393","HEM2025_2393","PreservedSpecimen","Coleccion",NA,"UNICACH","SPECIES","HEM","G.K.G.R.","32","C.R.B.B.","E","HEM2025",1,"Prosthechea ochracea",16.9333333333333,-93.1866666666667,"2005-05-14","change1: Filled coordinateUncertaintyInMeters from decimal-place precision (conservative). | epi_taxo: acceptedName(match1); authorship_epig(match1); genus_from_scientificName; family_WFO; order_majorGroup_WCVP [2026-03-11] | CoordinateCleaner QA applied without sea test (validity, equal, zeros, capitals, centroids, gbif, institutions) [2026-03-29]","","Colección","G.K.G.R.","C.R.B.B."
"2394","HEM2025_2394","PreservedSpecimen","Coleccion",NA,"UNICACH","SPECIES","HEM","M.D.R.S.","265","R.R.S.","E","HEM2025",1,"Prosthechea ochracea",15.5977222222222,-92.6570277777778,"2005-07-21","change1: Filled coordinateUncertaintyInMeters from decimal-place precision (conservative). | epi_taxo: acceptedName(match1); authorship_epig(match1); genus_from_scientificName; family_WFO; order_majorGroup_WCVP [2026-03-11] | CoordinateCleaner QA applied without sea test (validity, equal, zeros, capitals, centroids, gbif, institutions) [2026-03-29]","","Colección","M.D.R.S.","R.R.S."
"2395","HEM2025_2395","PreservedSpecimen","Coleccion",NA,"UNICACH","SPECIES","HEM","C.A.P.B.","125","C.R.B.B.","E","HEM2025",1,"Prosthechea ochracea",15.5566666666667,-92.6038888888889,"2005-08-05","change1: Filled coordinateUncertaintyInMeters from decimal-place precision (conservative). | epi_taxo: acceptedName(match1); authorship_epig(match1); genus_from_scientificName; family_WFO; order_majorGroup_WCVP [2026-03-11] | CoordinateCleaner QA applied without sea test (validity, equal, zeros, capitals, centroids, gbif, institutions) [2026-03-29]","","Colección","C.A.P.B.","C.R.B.B."
"2396","HEM2025_2396","PreservedSpecimen","Coleccion",NA,"UNICACH","SPECIES","HEM","J.M.M.","612","N.M.M.","E","HEM2025",1,"Prosthechea ochracea",15.8079722222222,-93.0486666666667,"2004-11-07","change1: Filled coordinateUncertaintyInMeters from decimal-place precision (conservative). | epi_taxo: acceptedName(match1); authorship_epig(match1); genus_from_scientificName; family_WFO; order_majorGroup_WCVP [2026-03-11] | CoordinateCleaner QA applied without sea test (validity, equal, zeros, capitals, centroids, gbif, institutions) [2026-03-29]","","Colección","J.M.M.","N.M.M."
"2397","HEM2025_2397","PreservedSpecimen","Coleccion",NA,"UNICACH","SPECIES","HEM","J.M.M.","983","C.R.B.B.","E","HEM2025",1,"Prosthechea ochracea",15.8059166666667,-93.0508055555556,"2005-06-06","change1: Filled coordinateUncertaintyInMeters from decimal-place precision (conservative). | epi_taxo: acceptedName(match1); authorship_epig(match1); genus_from_scientificName; family_WFO; order_majorGroup_WCVP [2026-03-11] | CoordinateCleaner QA applied without sea test (validity, equal, zeros, capitals, centroids, gbif, institutions) [2026-03-29]","","Colección","J.M.M.","C.R.B.B."
"2398","HEM2025_2398","PreservedSpecimen","Coleccion",NA,"UNICACH","SPECIES","HEM","E.D.R.","17","J.M.M.","E","HEM2025",1,"Prosthechea ochracea",16.5108333333333,-92.5647222222222,"2005-03-23","change1: Filled coordinateUncertaintyInMeters from decimal-place precision (conservative). | epi_taxo: acceptedName(match1); authorship_epig(match1); genus_from_scientificName; family_WFO; order_majorGroup_WCVP [2026-03-11] | CoordinateCleaner QA applied without sea test (validity, equal, zeros, capitals, centroids, gbif, institutions) [2026-03-29]","","Colección","E.D.R.","J.M.M."
"2399","HEM2025_2399","PreservedSpecimen","Coleccion",NA,"UNICACH","SPECIES","HEM","J.M.M.","17","Carnevali, G.","E","HEM2025",1,"Prosthechea ochracea",15.9638888888889,-93.2861111111111,"2002-03-08","change1: Filled coordinateUncertaintyInMeters from decimal-place precision (conservative). | epi_taxo: acceptedName(match1); authorship_epig(match1); genus_from_scientificName; family_WFO; order_majorGroup_WCVP [2026-03-11] | CoordinateCleaner QA applied without sea test (validity, equal, zeros, capitals, centroids, gbif, institutions) [2026-03-29]","standardized authors names in identifiedBy","Colección","J.M.M.","G. Carnevali"
"2400","HEM2025_2400","PreservedSpecimen","Coleccion",NA,"UNICACH","SPECIES","HEM","J.M.M.","1192","J.M.M.","E","HEM2025",1,"Prosthechea ochracea",15.4665277777778,-92.6646944444445,"2006-03-22","change1: Filled coordinateUncertaintyInMeters from decimal-place precision (conservative). | epi_taxo: acceptedName(match1); authorship_epig(match1); genus_from_scientificName; family_WFO; order_majorGroup_WCVP [2026-03-11] | CoordinateCleaner QA applied without sea test (validity, equal, zeros, capitals, centroids, gbif, institutions) [2026-03-29]","","Colección","J.M.M.","J.M.M."
"2401","HEM2025_2401","PreservedSpecimen","Coleccion",NA,"UNICACH","SPECIES","HEM","H.G.D.","1295","H.G.D.","E","HEM2025",1,"Prosthechea ochracea",15.688,-92.7426944444444,"2006-07-21","change1: Filled coordinateUncertaintyInMeters from decimal-place precision (conservative). | epi_taxo: acceptedName(match1); authorship_epig(match1); genus_from_scientificName; family_WFO; order_majorGroup_WCVP [2026-03-11] | CoordinateCleaner QA applied without sea test (validity, equal, zeros, capitals, centroids, gbif, institutions) [2026-03-29]","","Colección","H.G.D.","H.G.D."
"2402","HEM2025_2402","PreservedSpecimen","Coleccion",NA,"UNICACH","SPECIES","HEM","E.M.M.L.","24","E.M.M.L.","E","HEM2025",1,"Prosthechea ochracea",16.6430555555556,-93.3997222222222,"2006-05-04","change1: Filled coordinateUncertaintyInMeters from decimal-place precision (conservative). | epi_taxo: acceptedName(match1); authorship_epig(match1); genus_from_scientificName; family_WFO; order_majorGroup_WCVP [2026-03-11] | CoordinateCleaner QA applied without sea test (validity, equal, zeros, capitals, centroids, gbif, institutions) [2026-03-29]","","Colección","E.M.M.L.","E.M.M.L."
"2403","HEM2025_2403","PreservedSpecimen","Coleccion",NA,"UNICACH","SPECIES","HEM","E.M.M.L.","24","E.M.M.L.","E","HEM2025",1,"Prosthechea ochracea",16.6430555555556,-93.3997222222222,"2006-05-04","change1: Filled coordinateUncertaintyInMeters from decimal-place precision (conservative). | epi_taxo: acceptedName(match1); authorship_epig(match1); genus_from_scientificName; family_WFO; order_majorGroup_WCVP [2026-03-11] | CoordinateCleaner QA applied without sea test (validity, equal, zeros, capitals, centroids, gbif, institutions) [2026-03-29]","","Colección","E.M.M.L.","E.M.M.L."
"2404","HEM2025_2404","PreservedSpecimen","Coleccion",NA,"UNICACH","SPECIES","HEM","A.C.S.","3","A.C.S.","E","HEM2025",1,"Prosthechea ochracea",16.0791666666667,-91.6708333333333,"2006-03-04","change1: Filled coordinateUncertaintyInMeters from decimal-place precision (conservative). | epi_taxo: acceptedName(match1); authorship_epig(match1); genus_from_scientificName; family_WFO; order_majorGroup_WCVP [2026-03-11] | CoordinateCleaner QA applied without sea test (validity, equal, zeros, capitals, centroids, gbif, institutions) [2026-03-29]","","Colección","A.C.S.","A.C.S."
"2405","HEM2025_2405","PreservedSpecimen","Coleccion",NA,"UNICACH","SPECIES","HEM","M.M.M.","133","M.M.M.","E","HEM2025",1,"Prosthechea ochracea",16.7866111111111,-94.0265833333333,"2007-07-06","change1: Filled coordinateUncertaintyInMeters from decimal-place precision (conservative). | epi_taxo: acceptedName(match1); authorship_epig(match1); genus_from_scientificName; family_WFO; order_majorGroup_WCVP [2026-03-11] | CoordinateCleaner QA applied without sea test (validity, equal, zeros, capitals, centroids, gbif, institutions) [2026-03-29]","","Colección","M.M.M.","M.M.M."
"2406","HEM2025_2406","PreservedSpecimen","Coleccion",NA,"UNICACH","SPECIES","HEM","H.G.D.","2212","H.G.D.","E","HEM2025",1,"Prosthechea ochracea",16.9614166666667,-93.0526944444444,"2009-08-19","change1: Filled coordinateUncertaintyInMeters from decimal-place precision (conservative). | epi_taxo: acceptedName(match1); authorship_epig(match1); genus_from_scientificName; family_WFO; order_majorGroup_WCVP [2026-03-11] | CoordinateCleaner QA applied without sea test (validity, equal, zeros, capitals, centroids, gbif, institutions) [2026-03-29]","","Colección","H.G.D.","H.G.D."
"2407","HEM2025_2407","PreservedSpecimen","Coleccion",NA,"UNICACH","SPECIES","HEM","J.A.E.J.","883","J.A.E.J.","E","HEM2025",1,"Prosthechea ochracea",16.9129972222222,-93.0579444444444,"2009-07-08","change1: Filled coordinateUncertaintyInMeters from decimal-place precision (conservative). | epi_taxo: acceptedName(match1); authorship_epig(match1); genus_from_scientificName; family_WFO; order_majorGroup_WCVP [2026-03-11] | CoordinateCleaner QA applied without sea test (validity, equal, zeros, capitals, centroids, gbif, institutions) [2026-03-29]","","Colección","J.A.E.J.","J.A.E.J."
"2408","HEM2025_2408","PreservedSpecimen","Coleccion",NA,"UNICACH","SPECIES","HEM","A.L.C.","960","N.M.M.","E","HEM2025",1,"Prosthechea ochracea",17.0071027777778,-93.2372,"2009-10-05","change1: Filled coordinateUncertaintyInMeters from decimal-place precision (conservative). | epi_taxo: acceptedName(match1); authorship_epig(match1); genus_from_scientificName; family_WFO; order_majorGroup_WCVP [2026-03-11] | CoordinateCleaner QA applied without sea test (validity, equal, zeros, capitals, centroids, gbif, institutions) [2026-03-29]","","Colección","A.L.C.","N.M.M."
"2409","HEM2025_2409","PreservedSpecimen","Coleccion",NA,"UNICACH","SPECIES","HEM","M.M.M. | H.G.D.","239","N.M.M.","E","HEM2025",1,"Prosthechea ochracea",16.9519472222222,-92.9529805555556,"2009-04-16","change1: Filled coordinateUncertaintyInMeters from decimal-place precision (conservative). | epi_taxo: acceptedName(match1); authorship_epig(match1); genus_from_scientificName; family_WFO; order_majorGroup_WCVP [2026-03-11] | CoordinateCleaner QA applied without sea test (validity, equal, zeros, capitals, centroids, gbif, institutions) [2026-03-29]","standardized authors names in recordedBy","Colección","M.M.M. & H.G.D.","N.M.M."
"2410","HEM2025_2410","PreservedSpecimen","Coleccion",NA,"UNICACH","SPECIES","HEM","J.C.R.","207","Perez-Farrera, M.A.","E","HEM2025",1,"Prosthechea ochracea",15.855,-93.1397222222222,"2000-03-22","change1: Filled coordinateUncertaintyInMeters from decimal-place precision (conservative). | epi_taxo: acceptedName(match1); authorship_epig(match1); genus_from_scientificName; family_WFO; order_majorGroup_WCVP [2026-03-11] | CoordinateCleaner QA applied without sea test (validity, equal, zeros, capitals, centroids, gbif, institutions) [2026-03-29]","standardized authors names in identifiedBy","Colección","J.C.R.","M.A. Pérez-Farrera"
"2411","HEM2025_2411","PreservedSpecimen","Coleccion",NA,"UNICACH","SPECIES","HEM","J.M.M.","118","O.F.S.","E","HEM2025",1,"Prosthechea ochracea",15.9172222222222,-93.2505555555556,"2002-10-26","change1: Filled coordinateUncertaintyInMeters from decimal-place precision (conservative). | epi_taxo: acceptedName(match1); authorship_epig(match1); genus_from_scientificName; family_WFO; order_majorGroup_WCVP [2026-03-11] | CoordinateCleaner QA applied without sea test (validity, equal, zeros, capitals, centroids, gbif, institutions) [2026-03-29]","","Colección","J.M.M.","O.F.S."
"2412","HEM2025_2412","PreservedSpecimen","Coleccion",NA,"UNICACH","SPECIES","HEM","J.M.M.","17","O.F.S. | Cachon, T.C.","E","HEM2025",1,"Prosthechea ochracea",15.9527777777778,-93.2861111111111,"2002-03-08","change1: Filled coordinateUncertaintyInMeters from decimal-place precision (conservative). | epi_taxo: acceptedName(match1); authorship_epig(match1); genus_from_scientificName; family_WFO; order_majorGroup_WCVP [2026-03-11] | CoordinateCleaner QA applied without sea test (validity, equal, zeros, capitals, centroids, gbif, institutions) [2026-03-29]","standardized authors names in identifiedBy","Colección","J.M.M.","O.F.S. & T.C. Cachón"
"2413","HEM2025_2413","PreservedSpecimen","Coleccion",NA,"UNICACH","SPECIES","HEM","E.M.L.","1145","O.F.S.","E","HEM2025",1,"Prosthechea ochracea",15.9891666666667,-93.4827777777778,"2003-10-02","change1: Filled coordinateUncertaintyInMeters from decimal-place precision (conservative). | epi_taxo: acceptedName(match1); authorship_epig(match1); genus_from_scientificName; family_WFO; order_majorGroup_WCVP [2026-03-11] | CoordinateCleaner QA applied without sea test (validity, equal, zeros, capitals, centroids, gbif, institutions) [2026-03-29]","","Colección","E.M.L.","O.F.S."
"2414","HEM2025_2414","PreservedSpecimen","Coleccion",NA,"UNICACH","SPECIES","HEM","N.M.M.","92-bis","G.A.S.","E","HEM2025",1,"Prosthechea ochracea",15.7727777777778,-93.09,"2001-07-18","change1: Filled coordinateUncertaintyInMeters from decimal-place precision (conservative). | epi_taxo: acceptedName(match1); authorship_epig(match1); genus_from_scientificName; family_WFO; order_majorGroup_WCVP [2026-03-11] | CoordinateCleaner QA applied without sea test (validity, equal, zeros, capitals, centroids, gbif, institutions) [2026-03-29]","","Colección","N.M.M.","G.A.S."
"2415","HEM2025_2415","PreservedSpecimen","Coleccion",NA,"UNICACH","SPECIES","HEM","V.CH.H.","12","Carnevali, G.","E","HEM2025",1,"Prosthechea ochracea",17.1563888888889,-93.1658333333333,"1993-03-13","change1: Filled coordinateUncertaintyInMeters from decimal-place precision (conservative). | epi_taxo: acceptedName(match1); authorship_epig(match1); genus_from_scientificName; family_WFO; order_majorGroup_WCVP [2026-03-11] | CoordinateCleaner QA applied without sea test (validity, equal, zeros, capitals, centroids, gbif, institutions) [2026-03-29]","standardized authors names in identifiedBy","Colección","V.CH.H.","G. Carnevali"
"2416","HEM2025_2416","PreservedSpecimen","Coleccion",NA,"UNICACH","SPECIES","HEM","N.M.M.","61","Carnevali, G.","E","HEM2025",1,"Prosthechea ochracea",15.7363888888889,-92.9361111111111,"2001-05-28","change1: Filled coordinateUncertaintyInMeters from decimal-place precision (conservative). | epi_taxo: acceptedName(match1); authorship_epig(match1); genus_from_scientificName; family_WFO; order_majorGroup_WCVP [2026-03-11] | CoordinateCleaner QA applied without sea test (validity, equal, zeros, capitals, centroids, gbif, institutions) [2026-03-29]","standardized authors names in identifiedBy","Colección","N.M.M.","G. Carnevali"
"2417","HEM2025_2417","PreservedSpecimen","Coleccion",NA,"UNICACH","SPECIES","HEM","N.M.M.","106","G.A.S.","E","HEM2025",1,"Prosthechea ochracea",15.7227777777778,-92.9436111111111,"2001-08-01","change1: Filled coordinateUncertaintyInMeters from decimal-place precision (conservative). | epi_taxo: acceptedName(match1); authorship_epig(match1); genus_from_scientificName; family_WFO; order_majorGroup_WCVP [2026-03-11] | CoordinateCleaner QA applied without sea test (validity, equal, zeros, capitals, centroids, gbif, institutions) [2026-03-29]","","Colección","N.M.M.","G.A.S."
"2418","HEM2025_2418","PreservedSpecimen","Coleccion",NA,"UNICACH","SPECIES","HEM","R.R.S.","601","A.L.C.","E","HEM2025",1,"Prosthechea ochracea",15.6396388888889,-92.6553611111111,"2005-01-17","change1: Filled coordinateUncertaintyInMeters from decimal-place precision (conservative). | epi_taxo: acceptedName(match1); authorship_epig(match1); genus_from_scientificName; family_WFO; order_majorGroup_WCVP [2026-03-11] | CoordinateCleaner QA applied without sea test (validity, equal, zeros, capitals, centroids, gbif, institutions) [2026-03-29]","","Colección","R.R.S.","A.L.C."
"2419","HEM2025_2419","PreservedSpecimen","Coleccion",NA,"UNICACH","SPECIES","HEM","E.M.S. | A.M.G. | G.U. | M.R.","19615","N.M.M.","E","HEM2025",1,"Prosthechea ochracea",15.1113888888889,-92.1286111111111,"1987-02-06","change1: Filled coordinateUncertaintyInMeters from decimal-place precision (conservative). | epi_taxo: acceptedName(match1); authorship_epig(match1); genus_from_scientificName; family_WFO; order_majorGroup_WCVP [2026-03-11] | CoordinateCleaner QA applied without sea test (validity, equal, zeros, capitals, centroids, gbif, institutions) [2026-03-29]","standardized authors names in recordedBy","Colección","E.M.S. & A.M.G. & G.U. & M.R.","N.M.M."
"2420","HEM2025_2420","PreservedSpecimen","Coleccion",NA,"UNICACH","SPECIES","HEM","Camilo, R.M.","997","N.M.M.","E","HEM2025",1,"Prosthechea ochracea",15.6844444444444,-92.7186111111111,"2006-07-20","change1: Filled coordinateUncertaintyInMeters from decimal-place precision (conservative). | epi_taxo: acceptedName(match1); authorship_epig(match1); genus_from_scientificName; family_WFO; order_majorGroup_WCVP [2026-03-11] | CoordinateCleaner QA applied without sea test (validity, equal, zeros, capitals, centroids, gbif, institutions) [2026-03-29]","standardized authors names in recordedBy","Colección","R.M. Camilo","N.M.M."
"2421","HEM2025_2421","PreservedSpecimen","Coleccion",NA,"UNICACH","SPECIES","HEM","H.F.L.A.","2","F.J.B.J.","E","HEM2025",1,"Prosthechea ochracea",16.8169444444444,-93.2969444444444,"2008-04-27","change1: Filled coordinateUncertaintyInMeters from decimal-place precision (conservative). | epi_taxo: acceptedName(match1); authorship_epig(match1); genus_from_scientificName; family_WFO; order_majorGroup_WCVP [2026-03-11] | CoordinateCleaner QA applied without sea test (validity, equal, zeros, capitals, centroids, gbif, institutions) [2026-03-29]","","Colección","H.F.L.A.","F.J.B.J."
"2422","HEM2025_2422","PreservedSpecimen","Coleccion",NA,"UNICACH","SPECIES","HEM","H.F.L.A.","2","F.J.B.J.","E","HEM2025",1,"Prosthechea ochracea",16.8169444444444,-93.2969444444444,"2008-04-27","change1: Filled coordinateUncertaintyInMeters from decimal-place precision (conservative). | epi_taxo: acceptedName(match1); authorship_epig(match1); genus_from_scientificName; family_WFO; order_majorGroup_WCVP [2026-03-11] | CoordinateCleaner QA applied without sea test (validity, equal, zeros, capitals, centroids, gbif, institutions) [2026-03-29]","","Colección","H.F.L.A.","F.J.B.J."
"2423","HEM2025_2423","PreservedSpecimen","Coleccion",NA,"UNICACH","SPECIES","HEM","F.J.S.G.","22","F.J.B.J.","E","HEM2025",1,"Prosthechea ochracea",16.5982333333333,-93.3672888888889,"2006-04-27","change1: Filled coordinateUncertaintyInMeters from decimal-place precision (conservative). | epi_taxo: acceptedName(match1); authorship_epig(match1); genus_from_scientificName; family_WFO; order_majorGroup_WCVP [2026-03-11] | CoordinateCleaner QA applied without sea test (validity, equal, zeros, capitals, centroids, gbif, institutions) [2026-03-29]","","Colección","F.J.S.G.","F.J.B.J."
"2424","HEM2025_2424","PreservedSpecimen","Coleccion",NA,"UNICACH","SPECIES","HEM","N.M.M.","92","N.M.M.","E","HEM2025",1,"Prosthechea ochracea",15.7727777777778,-93.09,"2001-07-18","change1: Filled coordinateUncertaintyInMeters from decimal-place precision (conservative). | epi_taxo: acceptedName(match1); authorship_epig(match1); genus_from_scientificName; family_WFO; order_majorGroup_WCVP [2026-03-11] | CoordinateCleaner QA applied without sea test (validity, equal, zeros, capitals, centroids, gbif, institutions) [2026-03-29]","","Colección","N.M.M.","N.M.M."
"2425","HEM2025_2425","PreservedSpecimen","Coleccion",NA,"UNICACH","FORM","HEM","Cachon, T.C.","248","C.R.B.B.","E","HEM2025",1,"Prosthechea panthera",17.1305555555556,-93.1583333333333,"1995-04-21","change1: Corrected taxonRank (SPECIES→FORM); kept scientificName as-is. | change2: Filled coordinateUncertaintyInMeters from decimal-place precision (conservative). | epi_taxo: acceptedName(match1); authorship_epig(match1); genus_from_scientificName; family_WFO; order_majorGroup_WCVP [2026-03-11] | CoordinateCleaner QA applied without sea test (validity, equal, zeros, capitals, centroids, gbif, institutions) [2026-03-29]","standardized authors names in recordedBy","Colección","T.C. Cachón","C.R.B.B."
"2426","HEM2025_2426","PreservedSpecimen","Coleccion",NA,"UNICACH","FORM","HEM","Osorio, T.L.","1","G.A.S.","E","HEM2025",1,"Prosthechea panthera",17.1563888888889,-93.1658333333333,"1995-04-04","change1: Corrected taxonRank (SPECIES→FORM); kept scientificName as-is. | change2: Filled coordinateUncertaintyInMeters from decimal-place precision (conservative). | epi_taxo: acceptedName(match1); authorship_epig(match1); genus_from_scientificName; family_WFO; order_majorGroup_WCVP [2026-03-11] | CoordinateCleaner QA applied without sea test (validity, equal, zeros, capitals, centroids, gbif, institutions) [2026-03-29]","standardized authors names in recordedBy","Colección","T.L. Osorio","G.A.S."
"2427","HEM2025_2427","PreservedSpecimen","Coleccion",NA,"UNICACH","FORM","HEM","A.M.C.","7","G.A.S.","E","HEM2025",1,"Prosthechea panthera",17.1305555555556,-93.1583333333333,"1995-04-05","change1: Corrected taxonRank (SPECIES→FORM); kept scientificName as-is. | change2: Filled coordinateUncertaintyInMeters from decimal-place precision (conservative). | epi_taxo: acceptedName(match1); authorship_epig(match1); genus_from_scientificName; family_WFO; order_majorGroup_WCVP [2026-03-11] | CoordinateCleaner QA applied without sea test (validity, equal, zeros, capitals, centroids, gbif, institutions) [2026-03-29]","","Colección","A.M.C.","G.A.S."
"2428","HEM2025_2428","PreservedSpecimen","Coleccion",NA,"UNICACH","FORM","HEM","A.H.C.","1","G.A.S.","E","HEM2025",1,"Prosthechea panthera",17.1441666666667,-93.1775,"1995-05-05","change1: Corrected taxonRank (SPECIES→FORM); kept scientificName as-is. | change2: Filled coordinateUncertaintyInMeters from decimal-place precision (conservative). | epi_taxo: acceptedName(match1); authorship_epig(match1); genus_from_scientificName; family_WFO; order_majorGroup_WCVP [2026-03-11] | CoordinateCleaner QA applied without sea test (validity, equal, zeros, capitals, centroids, gbif, institutions) [2026-03-29]","","Colección","A.H.C.","G.A.S."
"2429","HEM2025_2429","PreservedSpecimen","Coleccion",NA,"UNICACH","FORM","HEM","A.R.H.","ND","G.A.S.","E","HEM2025",1,"Prosthechea panthera",17.1563888888889,-93.1658333333333,"1995-05-05","change1: Corrected taxonRank (SPECIES→FORM); kept scientificName as-is. | change2: Filled coordinateUncertaintyInMeters from decimal-place precision (conservative). | epi_taxo: acceptedName(match1); authorship_epig(match1); genus_from_scientificName; family_WFO; order_majorGroup_WCVP [2026-03-11] | CoordinateCleaner QA applied without sea test (validity, equal, zeros, capitals, centroids, gbif, institutions) [2026-03-29]","","Colección","A.R.H.","G.A.S."
"2430","HEM2025_2430","PreservedSpecimen","Coleccion",NA,"UNICACH","FORM","HEM","A.R.P.","5","G.A.S.","E","HEM2025",1,"Prosthechea panthera",17.1305555555556,-93.1583333333333,"2004-06-07","change1: Corrected taxonRank (SPECIES→FORM); kept scientificName as-is. | change2: Filled coordinateUncertaintyInMeters from decimal-place precision (conservative). | epi_taxo: acceptedName(match1); authorship_epig(match1); genus_from_scientificName; family_WFO; order_majorGroup_WCVP [2026-03-11] | CoordinateCleaner QA applied without sea test (validity, equal, zeros, capitals, centroids, gbif, institutions) [2026-03-29]","","Colección","A.R.P.","G.A.S."
"2431","HEM2025_2431","PreservedSpecimen","Coleccion",NA,"UNICACH","FORM","HEM","J.B.","1","G.A.S.","E","HEM2025",1,"Prosthechea panthera",17.1563888888889,-93.1658333333333,"1995-04-06","change1: Corrected taxonRank (SPECIES→FORM); kept scientificName as-is. | change2: Filled coordinateUncertaintyInMeters from decimal-place precision (conservative). | epi_taxo: acceptedName(match1); authorship_epig(match1); genus_from_scientificName; family_WFO; order_majorGroup_WCVP [2026-03-11] | CoordinateCleaner QA applied without sea test (validity, equal, zeros, capitals, centroids, gbif, institutions) [2026-03-29]","","Colección","J.B.","G.A.S."
"2432","HEM2025_2432","PreservedSpecimen","Coleccion",NA,"UNICACH","FORM","HEM","F.J.S.G.","18","F.J.B.J.","E","HEM2025",1,"Prosthechea panthera",16.5982333333333,-93.3672888888889,"2006-04-27","change1: Corrected taxonRank (SPECIES→FORM); kept scientificName as-is. | change2: Filled coordinateUncertaintyInMeters from decimal-place precision (conservative). | epi_taxo: acceptedName(match1); authorship_epig(match1); genus_from_scientificName; family_WFO; order_majorGroup_WCVP [2026-03-11] | CoordinateCleaner QA applied without sea test (validity, equal, zeros, capitals, centroids, gbif, institutions) [2026-03-29]","","Colección","F.J.S.G.","F.J.B.J."
"2433","HEM2025_2433","PreservedSpecimen","Coleccion",NA,"UNICACH","SPECIES","HEM","N.M.M.","174","M.A.S.A.","E","HEM2025",1,"Prosthechea pseudopygmaea",15.7197222222222,-92.9361111111111,"2001-08-31","change1: Filled coordinateUncertaintyInMeters from decimal-place precision (conservative). | epi_taxo: acceptedName(match1); authorship_epig(match1); genus_from_scientificName; family_WFO; order_majorGroup_WCVP [2026-03-11] | CoordinateCleaner QA applied without sea test (validity, equal, zeros, capitals, centroids, gbif, institutions) [2026-03-29]","","Colección","N.M.M.","M.A.S.A."
"2434","HEM2025_2434","PreservedSpecimen","Coleccion",NA,"UNICACH","SPECIES","HEM","A.L.C.","134","F.J.B.J.","E","HEM2025",1,"Prosthechea pygmaea",16.7758333333333,-93.7155555555556,"2005-11-30","change1: Filled coordinateUncertaintyInMeters from decimal-place precision (conservative). | epi_taxo: acceptedName(match1); authorship_epig(match1); genus_from_scientificName; family_WFO; order_majorGroup_WCVP [2026-03-11] | CoordinateCleaner QA applied without sea test (validity, equal, zeros, capitals, centroids, gbif, institutions) [2026-03-29]","","Colección","A.L.C.","F.J.B.J."
"2435","HEM2025_2435","PreservedSpecimen","Coleccion",NA,"UNICACH","SPECIES","HEM","Perez-Farrera, M.A.","567-bis2","Carnevali, G.","E","HEM2025",1,"Prosthechea radiata",16.3166666666667,-93.6166666666667,"1995-07-17","change1: Filled coordinateUncertaintyInMeters from decimal-place precision (conservative). | epi_taxo: acceptedName(match1); authorship_epig(match1); genus_from_scientificName; family_WFO; order_majorGroup_WCVP [2026-03-11] | CoordinateCleaner QA applied without sea test (validity, equal, zeros, capitals, centroids, gbif, institutions) [2026-03-29]","standardized authors names in recordedBy / standardized authors names in identifiedBy","Colección","M.A. Pérez-Farrera","G. Carnevali"
"2436","HEM2025_2436","PreservedSpecimen","Coleccion",NA,"UNICACH","SPECIES","HEM","Perez-Farrera, M.A.","567-bis","Perez-Farrera, M.A.","E","HEM2025",1,"Prosthechea radiata",16.3166666666667,-93.6166666666667,"1995-07-17","change1: Filled coordinateUncertaintyInMeters from decimal-place precision (conservative). | epi_taxo: acceptedName(match1); authorship_epig(match1); genus_from_scientificName; family_WFO; order_majorGroup_WCVP [2026-03-11] | CoordinateCleaner QA applied without sea test (validity, equal, zeros, capitals, centroids, gbif, institutions) [2026-03-29]","standardized authors names in recordedBy / standardized authors names in identifiedBy","Colección","M.A. Pérez-Farrera","M.A. Pérez-Farrera"
"2437","HEM2025_2437","PreservedSpecimen","Coleccion",NA,"UNICACH","SPECIES","HEM","N.M.M.","819","N.M.M.","E","HEM2025",1,"Prosthechea radiata",16.7671388888889,-93.1065,"2005-05-18","change1: Filled coordinateUncertaintyInMeters from decimal-place precision (conservative). | epi_taxo: acceptedName(match1); authorship_epig(match1); genus_from_scientificName; family_WFO; order_majorGroup_WCVP [2026-03-11] | CoordinateCleaner QA applied without sea test (validity, equal, zeros, capitals, centroids, gbif, institutions) [2026-03-29]","","Colección","N.M.M.","N.M.M."
"2438","HEM2025_2438","PreservedSpecimen","Coleccion",NA,"UNICACH","SPECIES","HEM","J.M.M.","1037","C.R.B.B.","E","HEM2025",1,"Prosthechea radiata",15.8063333333333,-92.9828333333333,"2005-07-18","change1: Filled coordinateUncertaintyInMeters from decimal-place precision (conservative). | epi_taxo: acceptedName(match1); authorship_epig(match1); genus_from_scientificName; family_WFO; order_majorGroup_WCVP [2026-03-11] | CoordinateCleaner QA applied without sea test (validity, equal, zeros, capitals, centroids, gbif, institutions) [2026-03-29]","","Colección","J.M.M.","C.R.B.B."
"2439","HEM2025_2439","PreservedSpecimen","Coleccion",NA,"UNICACH","SPECIES","HEM","J.M.M.","316","O.F.S.","E","HEM2025",1,"Prosthechea radiata",16.0705555555556,-93.3877777777778,"2003-07-02","change1: Filled coordinateUncertaintyInMeters from decimal-place precision (conservative). | epi_taxo: acceptedName(match1); authorship_epig(match1); genus_from_scientificName; family_WFO; order_majorGroup_WCVP [2026-03-11] | CoordinateCleaner QA applied without sea test (validity, equal, zeros, capitals, centroids, gbif, institutions) [2026-03-29]","","Colección","J.M.M.","O.F.S."
"2440","HEM2025_2440","PreservedSpecimen","Coleccion",NA,"UNICACH","SPECIES","HEM","H.G.D.","306","O.F.S.","E","HEM2025",1,"Prosthechea radiata",16.01,-93.3122222222222,"2003-05-02","change1: Filled coordinateUncertaintyInMeters from decimal-place precision (conservative). | epi_taxo: acceptedName(match1); authorship_epig(match1); genus_from_scientificName; family_WFO; order_majorGroup_WCVP [2026-03-11] | CoordinateCleaner QA applied without sea test (validity, equal, zeros, capitals, centroids, gbif, institutions) [2026-03-29]","","Colección","H.G.D.","O.F.S."
"2441","HEM2025_2441","PreservedSpecimen","Coleccion",NA,"UNICACH","SPECIES","HEM","J.P.V.H.","310","J.P.V.H. | O.F.S.","E","HEM2025",1,"Prosthechea radiata",16.0638888888889,-93.3708333333333,"2003-07-16","change1: Filled coordinateUncertaintyInMeters from decimal-place precision (conservative). | epi_taxo: acceptedName(match1); authorship_epig(match1); genus_from_scientificName; family_WFO; order_majorGroup_WCVP [2026-03-11] | CoordinateCleaner QA applied without sea test (validity, equal, zeros, capitals, centroids, gbif, institutions) [2026-03-29]","standardized authors names in identifiedBy","Colección","J.P.V.H.","J.P.V.H. & O.F.S."
"2442","HEM2025_2442","PreservedSpecimen","Coleccion",NA,"UNICACH","SPECIES","HEM","Najarro, F.H. | C.M.M.","1381","Najarro, F.H. | O.F.S.","E","HEM2025",1,"Prosthechea radiata",16.0422222222222,-93.3941666666667,"2003-07-03","change1: Filled coordinateUncertaintyInMeters from decimal-place precision (conservative). | epi_taxo: acceptedName(match1); authorship_epig(match1); genus_from_scientificName; family_WFO; order_majorGroup_WCVP [2026-03-11] | CoordinateCleaner QA applied without sea test (validity, equal, zeros, capitals, centroids, gbif, institutions) [2026-03-29]","standardized authors names in recordedBy / standardized authors names in identifiedBy","Colección","F.H. Najarro & C.M.M.","F.H. Najarro & O. F. S."
"2443","HEM2025_2443","PreservedSpecimen","Coleccion",NA,"UNICACH","SPECIES","HEM","R.S.M.","21","R.S.M.","E","HEM2025",1,"Prosthechea radiata",15.8944444444444,-93.7293888888889,"2006-04-08","change1: Filled coordinateUncertaintyInMeters from decimal-place precision (conservative). | epi_taxo: acceptedName(match1); authorship_epig(match1); genus_from_scientificName; family_WFO; order_majorGroup_WCVP [2026-03-11] | CoordinateCleaner QA applied without sea test (validity, equal, zeros, capitals, centroids, gbif, institutions) [2026-03-29]","","Colección","R.S.M.","R.S.M."
"2444","HEM2025_2444","PreservedSpecimen","Coleccion",NA,"UNICACH","SPECIES","HEM","V.M.","5","Carnevali, G.","E","HEM2025",1,"Prosthechea radiata",15.6805555555556,-92.5958333333333,"1998-06-23","change1: Filled coordinateUncertaintyInMeters from decimal-place precision (conservative). | epi_taxo: acceptedName(match1); authorship_epig(match1); genus_from_scientificName; family_WFO; order_majorGroup_WCVP [2026-03-11] | CoordinateCleaner QA applied without sea test (validity, equal, zeros, capitals, centroids, gbif, institutions) [2026-03-29]","standardized authors names in identifiedBy","Colección","V.M.","G. Carnevali"
"2445","HEM2025_2445","PreservedSpecimen","Coleccion",NA,"UNICACH","SPECIES","HEM","M.M.M.","151","M.M.M.","E","HEM2025",1,"Prosthechea radiata",16.7866111111111,-94.0265833333333,"2007-07-09","change1: Filled coordinateUncertaintyInMeters from decimal-place precision (conservative). | epi_taxo: acceptedName(match1); authorship_epig(match1); genus_from_scientificName; family_WFO; order_majorGroup_WCVP [2026-03-11] | CoordinateCleaner QA applied without sea test (validity, equal, zeros, capitals, centroids, gbif, institutions) [2026-03-29]","","Colección","M.M.M.","M.M.M."
"2446","HEM2025_2446","PreservedSpecimen","Coleccion",NA,"UNICACH","SPECIES","HEM","D.N.L.A.","77","O.F.S.","E","HEM2025",1,"Prosthechea radiata",15.9627777777778,-93.3761111111111,"2003-06-24","change1: Filled coordinateUncertaintyInMeters from decimal-place precision (conservative). | epi_taxo: acceptedName(match1); authorship_epig(match1); genus_from_scientificName; family_WFO; order_majorGroup_WCVP [2026-03-11] | CoordinateCleaner QA applied without sea test (validity, equal, zeros, capitals, centroids, gbif, institutions) [2026-03-29]","","Colección","D.N.L.A.","O.F.S."
"2447","HEM2025_2447","PreservedSpecimen","Coleccion",NA,"UNICACH","SPECIES","HEM","J.A.E.J.","830","J.A.E.J.","E","HEM2025",1,"Prosthechea radiata",16.9297694444444,-93.0053138888889,"2009-05-21","change1: Filled coordinateUncertaintyInMeters from decimal-place precision (conservative). | epi_taxo: acceptedName(match1); authorship_epig(match1); genus_from_scientificName; family_WFO; order_majorGroup_WCVP [2026-03-11] | CoordinateCleaner QA applied without sea test (validity, equal, zeros, capitals, centroids, gbif, institutions) [2026-03-29]","","Colección","J.A.E.J.","J.A.E.J."
"2448","HEM2025_2448","PreservedSpecimen","Coleccion",NA,"UNICACH","SPECIES","HEM","A.L.C.","778-bis","N.M.M.","E","HEM2025",1,"Prosthechea radiata",16.9129972222222,-93.0579444444444,"2009-07-07","change1: Filled coordinateUncertaintyInMeters from decimal-place precision (conservative). | epi_taxo: acceptedName(match1); authorship_epig(match1); genus_from_scientificName; family_WFO; order_majorGroup_WCVP [2026-03-11] | CoordinateCleaner QA applied without sea test (validity, equal, zeros, capitals, centroids, gbif, institutions) [2026-03-29]","","Colección","A.L.C.","N.M.M."
"2449","HEM2025_2449","PreservedSpecimen","Coleccion",NA,"UNICACH","SPECIES","HEM","N.M.M.","2674","N.M.M.","E","HEM2025",1,"Prosthechea radiata",16.9651555555556,-93.2305583333333,"2009-06-01","change1: Filled coordinateUncertaintyInMeters from decimal-place precision (conservative). | epi_taxo: acceptedName(match1); authorship_epig(match1); genus_from_scientificName; family_WFO; order_majorGroup_WCVP [2026-03-11] | CoordinateCleaner QA applied without sea test (validity, equal, zeros, capitals, centroids, gbif, institutions) [2026-03-29]","","Colección","N.M.M.","N.M.M."
"2450","HEM2025_2450","PreservedSpecimen","Coleccion",NA,"UNICACH","SPECIES","HEM","J.M.M.","251","J.M.M. | O.F.S.","E","HEM2025",1,"Prosthechea radiata",15.9897222222222,-93.41,"2003-06-22","change1: Filled coordinateUncertaintyInMeters from decimal-place precision (conservative). | epi_taxo: acceptedName(match1); authorship_epig(match1); genus_from_scientificName; family_WFO; order_majorGroup_WCVP [2026-03-11] | CoordinateCleaner QA applied without sea test (validity, equal, zeros, capitals, centroids, gbif, institutions) [2026-03-29]","standardized authors names in identifiedBy","Colección","J.M.M.","J.M.M. & O. F. S."
"2451","HEM2025_2451","PreservedSpecimen","Coleccion",NA,"UNICACH","SPECIES","HEM","E.M.L.","240","J.M.M.","E","HEM2025",1,"Prosthechea radiata",16.0011111111111,-93.4072222222222,"2002-06-29","change1: Filled coordinateUncertaintyInMeters from decimal-place precision (conservative). | epi_taxo: acceptedName(match1); authorship_epig(match1); genus_from_scientificName; family_WFO; order_majorGroup_WCVP [2026-03-11] | CoordinateCleaner QA applied without sea test (validity, equal, zeros, capitals, centroids, gbif, institutions) [2026-03-29]","","Colección","E.M.L.","J.M.M."
"2452","HEM2025_2452","PreservedSpecimen","Coleccion",NA,"UNICACH","SPECIES","HEM","N.M.M.","341","Carnevali, G.","E","HEM2025",1,"Prosthechea radiata",15.7555555555556,-93.0333333333333,"2002-03-16","change1: Filled coordinateUncertaintyInMeters from decimal-place precision (conservative). | epi_taxo: acceptedName(match1); authorship_epig(match1); genus_from_scientificName; family_WFO; order_majorGroup_WCVP [2026-03-11] | CoordinateCleaner QA applied without sea test (validity, equal, zeros, capitals, centroids, gbif, institutions) [2026-03-29]","standardized authors names in identifiedBy","Colección","N.M.M.","G. Carnevali"
"2453","HEM2025_2453","PreservedSpecimen","Coleccion",NA,"UNICACH","SPECIES","HEM","C.L.M.M.","28","Carnevali, G.","E","HEM2025",1,"Prosthechea radiata",15.5791666666667,-92.5361111111111,"1998-10-28","change1: Filled coordinateUncertaintyInMeters from decimal-place precision (conservative). | epi_taxo: acceptedName(match1); authorship_epig(match1); genus_from_scientificName; family_WFO; order_majorGroup_WCVP [2026-03-11] | CoordinateCleaner QA applied without sea test (validity, equal, zeros, capitals, centroids, gbif, institutions) [2026-03-29]","standardized authors names in identifiedBy","Colección","C.L.M.M.","G. Carnevali"
"2454","HEM2025_2454","PreservedSpecimen","Coleccion",NA,"UNICACH","SPECIES","HEM","C.L.M.M.","28","Carnevali, G.","E","HEM2025",1,"Prosthechea radiata",15.5791666666667,-92.5361111111111,"1998-10-28","change1: Filled coordinateUncertaintyInMeters from decimal-place precision (conservative). | epi_taxo: acceptedName(match1); authorship_epig(match1); genus_from_scientificName; family_WFO; order_majorGroup_WCVP [2026-03-11] | CoordinateCleaner QA applied without sea test (validity, equal, zeros, capitals, centroids, gbif, institutions) [2026-03-29]","standardized authors names in identifiedBy","Colección","C.L.M.M.","G. Carnevali"
"2455","HEM2025_2455","PreservedSpecimen","Coleccion",NA,"UNICACH","SPECIES","HEM","F.G.M.A.","13","G.L.V.","E","HEM2025",1,"Prosthechea radiata",16.6430555555556,-93.3997222222222,"2002-05-04","change1: Filled coordinateUncertaintyInMeters from decimal-place precision (conservative). | epi_taxo: acceptedName(match1); authorship_epig(match1); genus_from_scientificName; family_WFO; order_majorGroup_WCVP [2026-03-11] | CoordinateCleaner QA applied without sea test (validity, equal, zeros, capitals, centroids, gbif, institutions) [2026-03-29]","","Colección","F.G.M.A.","G.L.V."
"2456","HEM2025_2456","PreservedSpecimen","Coleccion",NA,"UNICACH","SPECIES","HEM","F.G.M.A.","13","G.L.V.","E","HEM2025",1,"Prosthechea radiata",16.6430555555556,-93.3997222222222,"2002-05-04","change1: Filled coordinateUncertaintyInMeters from decimal-place precision (conservative). | epi_taxo: acceptedName(match1); authorship_epig(match1); genus_from_scientificName; family_WFO; order_majorGroup_WCVP [2026-03-11] | CoordinateCleaner QA applied without sea test (validity, equal, zeros, capitals, centroids, gbif, institutions) [2026-03-29]","","Colección","F.G.M.A.","G.L.V."
"2457","HEM2025_2457","PreservedSpecimen","Coleccion",NA,"UNICACH","SPECIES","HEM","Perez-Farrera, M.A.","567","G.L.V.","E","HEM2025",1,"Prosthechea radiata",16.3166666666667,-93.6166666666667,"1995-07-17","change1: Filled coordinateUncertaintyInMeters from decimal-place precision (conservative). | epi_taxo: acceptedName(match1); authorship_epig(match1); genus_from_scientificName; family_WFO; order_majorGroup_WCVP [2026-03-11] | CoordinateCleaner QA applied without sea test (validity, equal, zeros, capitals, centroids, gbif, institutions) [2026-03-29]","standardized authors names in recordedBy","Colección","M.A. Pérez-Farrera","G.L.V."
"2458","HEM2025_2458","PreservedSpecimen","Coleccion",NA,"UNICACH","SPECIES","HEM","C.L.M.M.","26","Carnevali, G.","E","HEM2025",1,"Prosthechea radiata",16.8543805555556,-93.4468388888889,"1994-03-12","change1: Filled coordinateUncertaintyInMeters from decimal-place precision (conservative). | epi_taxo: acceptedName(match1); authorship_epig(match1); genus_from_scientificName; family_WFO; order_majorGroup_WCVP [2026-03-11] | CoordinateCleaner QA applied without sea test (validity, equal, zeros, capitals, centroids, gbif, institutions) [2026-03-29]","standardized authors names in identifiedBy","Colección","C.L.M.M.","G. Carnevali"
"2459","HEM2025_2459","PreservedSpecimen","Coleccion",NA,"UNICACH","SPECIES","HEM","J.M.M.","1396","J.M.M.","E","HEM2025",1,"Prosthechea rhynchophora",16.2145277777778,-93.7202777777778,"2006-07-09","change1: Filled coordinateUncertaintyInMeters from decimal-place precision (conservative). | epi_taxo: acceptedName(match1); authorship_epig(match1); genus_from_scientificName; family_WFO; order_majorGroup_WCVP [2026-03-11] | CoordinateCleaner QA applied without sea test (validity, equal, zeros, capitals, centroids, gbif, institutions) [2026-03-29]","","Colección","J.M.M.","J.M.M."
"2460","HEM2025_2460","PreservedSpecimen","Coleccion",NA,"UNICACH","SPECIES","HEM","J.M.M.","1375","J.M.M.","E","HEM2025",1,"Prosthechea rhynchophora",16.2145277777778,-93.7202777777778,"2006-06-04","change1: Filled coordinateUncertaintyInMeters from decimal-place precision (conservative). | epi_taxo: acceptedName(match1); authorship_epig(match1); genus_from_scientificName; family_WFO; order_majorGroup_WCVP [2026-03-11] | CoordinateCleaner QA applied without sea test (validity, equal, zeros, capitals, centroids, gbif, institutions) [2026-03-29]","","Colección","J.M.M.","J.M.M."
"2461","HEM2025_2461","PreservedSpecimen","Coleccion",NA,"UNICACH","SPECIES","HEM","M.M.M.","163","M.M.M.","E","HEM2025",1,"Prosthechea rhynchophora",16.7866111111111,-94.0265833333333,"2007-09-16","change1: Filled coordinateUncertaintyInMeters from decimal-place precision (conservative). | epi_taxo: acceptedName(match1); authorship_epig(match1); genus_from_scientificName; family_WFO; order_majorGroup_WCVP [2026-03-11] | CoordinateCleaner QA applied without sea test (validity, equal, zeros, capitals, centroids, gbif, institutions) [2026-03-29]","","Colección","M.M.M.","M.M.M."
"2462","HEM2025_2462","PreservedSpecimen","Coleccion",NA,"UNICACH","GENUS","HEM","Perez-Farrera, M.A.","562","G.A.S.","E","HEM2025",NA,"",16.3166666666667,-93.6166666666667,"1995-07-17","change1: Genus placeholder (sp./spp.): moved to 'genus', set taxonRank=GENUS, cleared scientificName; kept original in verbatim. | change2: Filled coordinateUncertaintyInMeters from decimal-place precision (conservative). | epi_taxo: acceptedName(match1); authorship_epig(match1); genus_from_scientificName; family_WFO; order_majorGroup_WCVP [2026-03-11] | CoordinateCleaner QA applied without sea test (validity, equal, zeros, capitals, centroids, gbif, institutions) [2026-03-29]","standardized authors names in recordedBy","Colección","M.A. Pérez-Farrera","G.A.S."
"2463","HEM2025_2463","PreservedSpecimen","Coleccion",NA,"UNICACH","GENUS","HEM","J.M.M.","1368","C.R.B.B.","E","HEM2025",NA,"",16.2352777777778,-93.70475,"2006-06-04","change1: Genus placeholder (sp./spp.): moved to 'genus', set taxonRank=GENUS, cleared scientificName; kept original in verbatim. | change2: Filled coordinateUncertaintyInMeters from decimal-place precision (conservative). | epi_taxo: acceptedName(match1); authorship_epig(match1); genus_from_scientificName; family_WFO; order_majorGroup_WCVP [2026-03-11] | CoordinateCleaner QA applied without sea test (validity, equal, zeros, capitals, centroids, gbif, institutions) [2026-03-29]","","Colección","J.M.M.","C.R.B.B."
"2464","HEM2025_2464","PreservedSpecimen","Coleccion",NA,"UNICACH","GENUS","HEM","Camilo, R.M.","1583","N.M.M.","E","HEM2025",NA,"",15.0896388888889,-92.1052222222222,"2013-07-24","change1: Genus placeholder (sp./spp.): moved to 'genus', set taxonRank=GENUS, cleared scientificName; kept original in verbatim. | change2: Filled coordinateUncertaintyInMeters from decimal-place precision (conservative). | epi_taxo: acceptedName(match1); authorship_epig(match1); genus_from_scientificName; family_WFO; order_majorGroup_WCVP [2026-03-11] | CoordinateCleaner QA applied without sea test (validity, equal, zeros, capitals, centroids, gbif, institutions) [2026-03-29]","standardized authors names in recordedBy","Colección","R.M. Camilo","N.M.M."
"2465","HEM2025_2465","PreservedSpecimen","Coleccion",NA,"UNICACH","GENUS","HEM","P.C. | V.M.","46","G.A.S.","E","HEM2025",NA,"",15.1222222222222,-92.4180555555556,"1998-11-14","change1: Genus placeholder (sp./spp.): moved to 'genus', set taxonRank=GENUS, cleared scientificName; kept original in verbatim. | change2: Filled coordinateUncertaintyInMeters from decimal-place precision (conservative). | epi_taxo: acceptedName(match1); authorship_epig(match1); genus_from_scientificName; family_WFO; order_majorGroup_WCVP [2026-03-11] | CoordinateCleaner QA applied without sea test (validity, equal, zeros, capitals, centroids, gbif, institutions) [2026-03-29]","standardized authors names in recordedBy","Colección","P.C. & V.M.","G.A.S."
"2466","HEM2025_2466","PreservedSpecimen","Coleccion",NA,"UNICACH","SPECIES","HEM","N.M.M.","531","N.M.M.","E","HEM2025",1,"Prosthechea varicosa",15.6608333333333,-92.8275,"2004-11-11","change1: Filled coordinateUncertaintyInMeters from decimal-place precision (conservative). | epi_taxo: acceptedName(match1); authorship_epig(match1); genus_from_scientificName; family_WFO; order_majorGroup_WCVP [2026-03-11] | CoordinateCleaner QA applied without sea test (validity, equal, zeros, capitals, centroids, gbif, institutions) [2026-03-29]","","Colección","N.M.M.","N.M.M."
"2467","HEM2025_2467","PreservedSpecimen","Coleccion",NA,"UNICACH","SPECIES","HEM","J.M.M.","813","J.M.M.","E","HEM2025",1,"Prosthechea varicosa",15.8213888888889,-93.0488888888889,"2005-04-22","change1: Filled coordinateUncertaintyInMeters from decimal-place precision (conservative). | epi_taxo: acceptedName(match1); authorship_epig(match1); genus_from_scientificName; family_WFO; order_majorGroup_WCVP [2026-03-11] | CoordinateCleaner QA applied without sea test (validity, equal, zeros, capitals, centroids, gbif, institutions) [2026-03-29]","","Colección","J.M.M.","J.M.M."
"2468","HEM2025_2468","PreservedSpecimen","Coleccion",NA,"UNICACH","SPECIES","HEM","J.M.M.","676-bis","J.M.M.","E","HEM2025",1,"Prosthechea varicosa",15.8213333333333,-93.0480277777778,"2004-12-16","change1: Filled coordinateUncertaintyInMeters from decimal-place precision (conservative). | epi_taxo: acceptedName(match1); authorship_epig(match1); genus_from_scientificName; family_WFO; order_majorGroup_WCVP [2026-03-11] | CoordinateCleaner QA applied without sea test (validity, equal, zeros, capitals, centroids, gbif, institutions) [2026-03-29]","","Colección","J.M.M.","J.M.M."
"2469","HEM2025_2469","PreservedSpecimen","Coleccion",NA,"UNICACH","SPECIES","HEM","J.M.M.","1642","J.M.M.","E","HEM2025",1,"Prosthechea varicosa",15.6666666666667,-92.805,"2006-12-13","change1: Filled coordinateUncertaintyInMeters from decimal-place precision (conservative). | epi_taxo: acceptedName(match1); authorship_epig(match1); genus_from_scientificName; family_WFO; order_majorGroup_WCVP [2026-03-11] | CoordinateCleaner QA applied without sea test (validity, equal, zeros, capitals, centroids, gbif, institutions) [2026-03-29]","","Colección","J.M.M.","J.M.M."
"2470","HEM2025_2470","PreservedSpecimen","Coleccion",NA,"UNICACH","SPECIES","HEM","J.M.M.","1633","J.M.M.","E","HEM2025",1,"Prosthechea varicosa",15.6666666666667,-92.805,"2006-12-13","change1: Filled coordinateUncertaintyInMeters from decimal-place precision (conservative). | epi_taxo: acceptedName(match1); authorship_epig(match1); genus_from_scientificName; family_WFO; order_majorGroup_WCVP [2026-03-11] | CoordinateCleaner QA applied without sea test (validity, equal, zeros, capitals, centroids, gbif, institutions) [2026-03-29]","","Colección","J.M.M.","J.M.M."
"2471","HEM2025_2471","PreservedSpecimen","Coleccion",NA,"UNICACH","SPECIES","HEM","A.L.C.","952","J.M.M.","E","HEM2025",1,"Prosthechea varicosa",17.0071027777778,-93.2372,"2009-10-05","change1: Filled coordinateUncertaintyInMeters from decimal-place precision (conservative). | epi_taxo: acceptedName(match1); authorship_epig(match1); genus_from_scientificName; family_WFO; order_majorGroup_WCVP [2026-03-11] | CoordinateCleaner QA applied without sea test (validity, equal, zeros, capitals, centroids, gbif, institutions) [2026-03-29]","","Colección","A.L.C.","J.M.M."
"2472","HEM2025_2472","PreservedSpecimen","Coleccion",NA,"UNICACH","SPECIES","HEM","Perez-Farrera, M.A.","201-bis","Carnevali, G.","E","HEM2025",1,"Prosthechea varicosa",16.1533333333333,-93.5961111111111,"1995-03-16","change1: Filled coordinateUncertaintyInMeters from decimal-place precision (conservative). | epi_taxo: acceptedName(match1); authorship_epig(match1); genus_from_scientificName; family_WFO; order_majorGroup_WCVP [2026-03-11] | CoordinateCleaner QA applied without sea test (validity, equal, zeros, capitals, centroids, gbif, institutions) [2026-03-29]","standardized authors names in recordedBy / standardized authors names in identifiedBy","Colección","M.A. Pérez-Farrera","G. Carnevali"
"2473","HEM2025_2473","PreservedSpecimen","Coleccion",NA,"UNICACH","SPECIES","HEM","B.L.","2-bis","Carnevali, G.","E","HEM2025",1,"Prosthechea varicosa",17.18,-92.905,"1990-12-12","change1: Filled coordinateUncertaintyInMeters from decimal-place precision (conservative). | epi_taxo: acceptedName(match1); authorship_epig(match1); genus_from_scientificName; family_WFO; order_majorGroup_WCVP [2026-03-11] | CoordinateCleaner QA applied without sea test (validity, equal, zeros, capitals, centroids, gbif, institutions) [2026-03-29]","standardized authors names in identifiedBy","Colección","B.L.","G. Carnevali"
"2474","HEM2025_2474","PreservedSpecimen","Coleccion",NA,"UNICACH","SPECIES","HEM","A.R.G. | J.C.S. | M.E.L.V. | Cruz, D.","4356","M.A.S.A.","E","HEM2025",1,"Prosthechea varicosa",16.1963888888889,-93.6094444444444,"2002-04-19","change1: Filled coordinateUncertaintyInMeters from decimal-place precision (conservative). | epi_taxo: acceptedName(match1); authorship_epig(match1); genus_from_scientificName; family_WFO; order_majorGroup_WCVP [2026-03-11] | CoordinateCleaner QA applied without sea test (validity, equal, zeros, capitals, centroids, gbif, institutions) [2026-03-29]","standardized authors names in recordedBy","Colección","A.R.G. & J.C.S. & M.E.L.V. & D. Cruz","M.A.S.A."
"2475","HEM2025_2475","PreservedSpecimen","Coleccion",NA,"UNICACH","SPECIES","HEM","H.G.D.","1175","R.S","E","HEM2025",1,"Prosthechea varicosa",15.6187222222222,-92.7273333333333,"","change1: Filled coordinateUncertaintyInMeters from decimal-place precision (conservative). | epi_taxo: acceptedName(match1); authorship_epig(match1); genus_from_scientificName; family_WFO; order_majorGroup_WCVP [2026-03-11] | CoordinateCleaner QA applied without sea test (validity, equal, zeros, capitals, centroids, gbif, institutions) [2026-03-29]","","Colección","H.G.D.","R.S"
"2476","HEM2025_2476","PreservedSpecimen","Coleccion",NA,"UNICACH","SPECIES","HEM","M.M.M. | M.A.D.V.","824","N.M.M.","E","HEM2025",1,"Prosthechea varicosa",15.2487777777778,-92.2863333333333,"2013-03-01","change1: Filled coordinateUncertaintyInMeters from decimal-place precision (conservative). | epi_taxo: acceptedName(match1); authorship_epig(match1); genus_from_scientificName; family_WFO; order_majorGroup_WCVP [2026-03-11] | CoordinateCleaner QA applied without sea test (validity, equal, zeros, capitals, centroids, gbif, institutions) [2026-03-29]","standardized authors names in recordedBy","Colección","M.M.M. & M.A.D.V.","N.M.M."
"2477","HEM2025_2477","PreservedSpecimen","Coleccion",NA,"UNICACH","SPECIES","HEM","M.M.M. | M.A.D.V.","904","N.M.M.","E","HEM2025",1,"Prosthechea varicosa",15.2828333333333,-92.2869388888889,"2013-03-03","change1: Filled coordinateUncertaintyInMeters from decimal-place precision (conservative). | epi_taxo: acceptedName(match1); authorship_epig(match1); genus_from_scientificName; family_WFO; order_majorGroup_WCVP [2026-03-11] | CoordinateCleaner QA applied without sea test (validity, equal, zeros, capitals, centroids, gbif, institutions) [2026-03-29]","standardized authors names in recordedBy","Colección","M.M.M. & M.A.D.V.","N.M.M."
"2478","HEM2025_2478","PreservedSpecimen","Coleccion",NA,"UNICACH","SPECIES","HEM","M.M.M. | M.A.D.V.","2149","N.M.M. | J.M.M.","E","HEM2025",1,"Prosthechea varicosa",15.04225,-92.1473611111111,"2013-06-30","change1: Filled coordinateUncertaintyInMeters from decimal-place precision (conservative). | epi_taxo: acceptedName(match1); authorship_epig(match1); genus_from_scientificName; family_WFO; order_majorGroup_WCVP [2026-03-11] | CoordinateCleaner QA applied without sea test (validity, equal, zeros, capitals, centroids, gbif, institutions) [2026-03-29]","standardized authors names in recordedBy / standardized authors names in identifiedBy","Colección","M.M.M. & M.A.D.V.","N.M.M. & J.M.M."
"2479","HEM2025_2479","PreservedSpecimen","Coleccion",NA,"UNICACH","SPECIES","HEM","M.M.M. | S.H.J. | J.A.B.B.","5732","N.M.M.","E","HEM2025",1,"Prosthechea varicosa",15.2408055555556,-92.3045555555556,"2015-04-30","change1: Filled coordinateUncertaintyInMeters from decimal-place precision (conservative). | epi_taxo: acceptedName(match1); authorship_epig(match1); genus_from_scientificName; family_WFO; order_majorGroup_WCVP [2026-03-11] | CoordinateCleaner QA applied without sea test (validity, equal, zeros, capitals, centroids, gbif, institutions) [2026-03-29]","standardized authors names in recordedBy","Colección","M.M.M. & S.H.J. & J.A.B.B.","N.M.M."
"2480","HEM2025_2480","PreservedSpecimen","Coleccion",NA,"UNICACH","SPECIES","HEM","N.M.M. | M.M.M. | R.V.H.","4075","N.M.M. | M.M.M.","E","HEM2025",1,"Prosthechea varicosa",15.1103333333333,-92.1109444444444,"2015-05-04","change1: Filled coordinateUncertaintyInMeters from decimal-place precision (conservative). | epi_taxo: acceptedName(match1); authorship_epig(match1); genus_from_scientificName; family_WFO; order_majorGroup_WCVP [2026-03-11] | CoordinateCleaner QA applied without sea test (validity, equal, zeros, capitals, centroids, gbif, institutions) [2026-03-29]","standardized authors names in recordedBy / standardized authors names in identifiedBy","Colección","N.M.M. & M.M.M. & R.V.H.","N.M.M. & M.M.M."
"2481","HEM2025_2481","PreservedSpecimen","Coleccion",NA,"UNICACH","SPECIES","HEM","C.A.P.B.","170","C.A.P.B.","E","HEM2025",1,"Prosthechea vitellina",15.5756944444444,-92.5801388888889,"2006-08-17","change1: Filled coordinateUncertaintyInMeters from decimal-place precision (conservative). | epi_taxo: acceptedName(match1); authorship_epig(match1); genus_from_scientificName; family_WFO; order_majorGroup_WCVP [2026-03-11] | CoordinateCleaner QA applied without sea test (validity, equal, zeros, capitals, centroids, gbif, institutions) [2026-03-29]","","Colección","C.A.P.B.","C.A.P.B."
"2482","HEM2025_2482","PreservedSpecimen","Coleccion",NA,"UNICACH","SPECIES","HEM","N.M.M.","58","Carnevali, G.","E","HEM2025",1,"Prosthechea vitellina",15.7380555555556,-92.9355555555556,"2001-05-01","change1: Filled coordinateUncertaintyInMeters from decimal-place precision (conservative). | epi_taxo: acceptedName(match1); authorship_epig(match1); genus_from_scientificName; family_WFO; order_majorGroup_WCVP [2026-03-11] | CoordinateCleaner QA applied without sea test (validity, equal, zeros, capitals, centroids, gbif, institutions) [2026-03-29]","standardized authors names in identifiedBy","Colección","N.M.M.","G. Carnevali"
"2483","HEM2025_2483","PreservedSpecimen","Coleccion",NA,"UNICACH","FORM","HEM","C.A.P.B.","158","C.A.P.B.","E","HEM2025",1,"Restrepia muscifera",16.9226388888889,-93.4755555555556,"2006-02-20","change1: Corrected taxonRank (SPECIES→FORM); kept scientificName as-is. | change2: Filled coordinateUncertaintyInMeters from decimal-place precision (conservative). | epi_taxo: acceptedName(match1); authorship_epig(match1); genus_from_scientificName; family_WFO; order_majorGroup_WCVP [2026-03-11] | CoordinateCleaner QA applied without sea test (validity, equal, zeros, capitals, centroids, gbif, institutions) [2026-03-29]","","Colección","C.A.P.B.","C.A.P.B."
"2484","HEM2025_2484","PreservedSpecimen","Coleccion",NA,"UNICACH","SPECIES","HEM","J.M.M.","126","J.M.M.","E","HEM2025",1,"Restrepiella ophiocephala",15.9172222222222,-93.2505555555556,"2002-10-26","change1: Filled coordinateUncertaintyInMeters from decimal-place precision (conservative). | epi_taxo: acceptedName(match1); authorship_epig(match1); genus_from_scientificName; family_WFO; order_majorGroup_WCVP [2026-03-11] | CoordinateCleaner QA applied without sea test (validity, equal, zeros, capitals, centroids, gbif, institutions) [2026-03-29]","","Colección","J.M.M.","J.M.M."
"2485","HEM2025_2485","PreservedSpecimen","Coleccion",NA,"UNICACH","SPECIES","HEM","F.E.P.C.","61","Carnevali, G.","E","HEM2025",1,"Restrepiella ophiocephala",15.3944444444444,-92.6166666666667,"1998-11-27","change1: Filled coordinateUncertaintyInMeters from decimal-place precision (conservative). | epi_taxo: acceptedName(match1); authorship_epig(match1); genus_from_scientificName; family_WFO; order_majorGroup_WCVP [2026-03-11] | CoordinateCleaner QA applied without sea test (validity, equal, zeros, capitals, centroids, gbif, institutions) [2026-03-29]","standardized authors names in identifiedBy","Colección","F.E.P.C.","G. Carnevali"
"2486","HEM2025_2486","PreservedSpecimen","Coleccion",NA,"UNICACH","SPECIES","HEM","N.M.M.","338","G.L.V.","E","HEM2025",1,"Restrepiella ophiocephala",15.7555555555556,-93.0333333333333,"2002-03-16","change1: Filled coordinateUncertaintyInMeters from decimal-place precision (conservative). | epi_taxo: acceptedName(match1); authorship_epig(match1); genus_from_scientificName; family_WFO; order_majorGroup_WCVP [2026-03-11] | CoordinateCleaner QA applied without sea test (validity, equal, zeros, capitals, centroids, gbif, institutions) [2026-03-29]","","Colección","N.M.M.","G.L.V."
"2487","HEM2025_2487","PreservedSpecimen","Coleccion",NA,"UNICACH","FORM","HEM","H.R.E.","7","R.S","E","HEM2025",3,"Restrepia trichoglossa",15.7380555555556,-92.9355555555556,"2005-04-22","change1: Corrected taxonRank (SPECIES→FORM); kept scientificName as-is. | change2: Filled coordinateUncertaintyInMeters from decimal-place precision (conservative). | epi_taxo: acceptedName(match1); authorship_epig(match1); genus_from_scientificName; family_WFO; order_majorGroup_WCVP [2026-03-11] | CoordinateCleaner QA applied without sea test (validity, equal, zeros, capitals, centroids, gbif, institutions) [2026-03-29]","","Colección","H.R.E.","R.S"
"2488","HEM2025_2488","PreservedSpecimen","Coleccion",NA,"UNICACH","FORM","HEM","J.M.M.","1758","J.M.M.","E","HEM2025",3,"Restrepia trichoglossa",15.7675833333333,-93.0800277777778,"2007-03-08","change1: Corrected taxonRank (SPECIES→FORM); kept scientificName as-is. | change2: Filled coordinateUncertaintyInMeters from decimal-place precision (conservative). | epi_taxo: acceptedName(match1); authorship_epig(match1); genus_from_scientificName; family_WFO; order_majorGroup_WCVP [2026-03-11] | CoordinateCleaner QA applied without sea test (validity, equal, zeros, capitals, centroids, gbif, institutions) [2026-03-29]","","Colección","J.M.M.","J.M.M."
"2489","HEM2025_2489","PreservedSpecimen","Coleccion",NA,"UNICACH","SPECIES","HEM","N.M.M.","646","N.M.M.","E","HEM2025",1,"Rhynchostele bictoniensis",15.6396388888889,-92.6553611111111,"2005-01-17","change1: Filled coordinateUncertaintyInMeters from decimal-place precision (conservative). | epi_taxo: acceptedName(match1); authorship_epig(match1); genus_from_scientificName; family_WFO; order_majorGroup_WCVP [2026-03-11] | CoordinateCleaner QA applied without sea test (validity, equal, zeros, capitals, centroids, gbif, institutions) [2026-03-29]","","Colección","N.M.M.","N.M.M."
"2490","HEM2025_2490","PreservedSpecimen","Coleccion",NA,"UNICACH","SPECIES","HEM","C.A.P.B.","43","C.A.P.B.","E","HEM2025",1,"Rhynchostele bictoniensis",16.1963888888889,-93.6077777777778,"2005-07-03","change1: Filled coordinateUncertaintyInMeters from decimal-place precision (conservative). | epi_taxo: acceptedName(match1); authorship_epig(match1); genus_from_scientificName; family_WFO; order_majorGroup_WCVP [2026-03-11] | CoordinateCleaner QA applied without sea test (validity, equal, zeros, capitals, centroids, gbif, institutions) [2026-03-29]","","Colección","C.A.P.B.","C.A.P.B."
"2491","HEM2025_2491","PreservedSpecimen","Coleccion",NA,"UNICACH","SPECIES","HEM","H.R.E.","6","Carnevali, G.","E","HEM2025",1,"Rhynchostele bictoniensis",16.7358333333333,-92.6369444444445,"","change1: Filled coordinateUncertaintyInMeters from decimal-place precision (conservative). | epi_taxo: acceptedName(match1); authorship_epig(match1); genus_from_scientificName; family_WFO; order_majorGroup_WCVP [2026-03-11] | CoordinateCleaner QA applied without sea test (validity, equal, zeros, capitals, centroids, gbif, institutions) [2026-03-29]","standardized authors names in identifiedBy","Colección","H.R.E.","G. Carnevali"
"2492","HEM2025_2492","PreservedSpecimen","Coleccion",NA,"UNICACH","SPECIES","HEM","H.R.E.","6","Carnevali, G.","E","HEM2025",1,"Rhynchostele bictoniensis",16.7358333333333,-92.6369444444445,"","change1: Filled coordinateUncertaintyInMeters from decimal-place precision (conservative). | epi_taxo: acceptedName(match1); authorship_epig(match1); genus_from_scientificName; family_WFO; order_majorGroup_WCVP [2026-03-11] | CoordinateCleaner QA applied without sea test (validity, equal, zeros, capitals, centroids, gbif, institutions) [2026-03-29]","standardized authors names in identifiedBy","Colección","H.R.E.","G. Carnevali"
"2493","HEM2025_2493","PreservedSpecimen","Coleccion",NA,"UNICACH","SPECIES","HEM","M.M.M. | M.D.E.M.","1467","N.M.M. | J.M.M.","E","HEM2025",1,"Rhynchostele bictoniensis",15.0858333333333,-92.0996111111111,"2013-04-30","change1: Filled coordinateUncertaintyInMeters from decimal-place precision (conservative). | epi_taxo: acceptedName(match1); authorship_epig(match1); genus_from_scientificName; family_WFO; order_majorGroup_WCVP [2026-03-11] | CoordinateCleaner QA applied without sea test (validity, equal, zeros, capitals, centroids, gbif, institutions) [2026-03-29]","standardized authors names in recordedBy / standardized authors names in identifiedBy","Colección","M.M.M. & M.D.E.M.","N.M.M. & J.M.M."
"2494","HEM2025_2494","PreservedSpecimen","Coleccion",NA,"UNICACH","SPECIES","HEM","M.M.M. | M.C.R.M.","2616","N.M.M.","E","HEM2025",1,"Rhynchostele bictoniensis",15.1495833333333,-92.1474166666667,"2013-11-15","change1: Filled coordinateUncertaintyInMeters from decimal-place precision (conservative). | epi_taxo: acceptedName(match1); authorship_epig(match1); genus_from_scientificName; family_WFO; order_majorGroup_WCVP [2026-03-11] | CoordinateCleaner QA applied without sea test (validity, equal, zeros, capitals, centroids, gbif, institutions) [2026-03-29]","standardized authors names in recordedBy","Colección","M.M.M. & M.C.R.M.","N.M.M."
"2495","HEM2025_2495","PreservedSpecimen","Coleccion",NA,"UNICACH","SPECIES","HEM","M.M.M. | M.C.R.M.","2737","N.M.M.","E","HEM2025",1,"Rhynchostele bictoniensis",15.1624722222222,-92.1471666666667,"2013-11-18","change1: Filled coordinateUncertaintyInMeters from decimal-place precision (conservative). | epi_taxo: acceptedName(match1); authorship_epig(match1); genus_from_scientificName; family_WFO; order_majorGroup_WCVP [2026-03-11] | CoordinateCleaner QA applied without sea test (validity, equal, zeros, capitals, centroids, gbif, institutions) [2026-03-29]","standardized authors names in recordedBy","Colección","M.M.M. & M.C.R.M.","N.M.M."
"2496","HEM2025_2496","PreservedSpecimen","Coleccion",NA,"UNICACH","SPECIES","HEM","M.M.M. | M.C.R.M.","2715","N.M.M.","E","HEM2025",1,"Rhynchostele bictoniensis",15.1569722222222,-92.1405555555556,"2013-11-16","change1: Filled coordinateUncertaintyInMeters from decimal-place precision (conservative). | epi_taxo: acceptedName(match1); authorship_epig(match1); genus_from_scientificName; family_WFO; order_majorGroup_WCVP [2026-03-11] | CoordinateCleaner QA applied without sea test (validity, equal, zeros, capitals, centroids, gbif, institutions) [2026-03-29]","standardized authors names in recordedBy","Colección","M.M.M. & M.C.R.M.","N.M.M."
"2497","HEM2025_2497","PreservedSpecimen","Coleccion",NA,"UNICACH","SPECIES","HEM","R.R.S.","600","R.S","E","HEM2025",1,"Rhynchostele cordata",15.6396388888889,-92.6553611111111,"2005-01-17","change1: Filled coordinateUncertaintyInMeters from decimal-place precision (conservative). | epi_taxo: acceptedName(match1); authorship_epig(match1); genus_from_scientificName; family_WFO; order_majorGroup_WCVP [2026-03-11] | CoordinateCleaner QA applied without sea test (validity, equal, zeros, capitals, centroids, gbif, institutions) [2026-03-29]","","Colección","R.R.S.","R.S"
"2498","HEM2025_2498","PreservedSpecimen","Coleccion",NA,"UNICACH","SPECIES","HEM","C.A.P.B.","149","C.A.P.B.","E","HEM2025",1,"Rhynchostele cordata",16.1958333333333,-93.6125,"2005-12-14","change1: Filled coordinateUncertaintyInMeters from decimal-place precision (conservative). | epi_taxo: acceptedName(match1); authorship_epig(match1); genus_from_scientificName; family_WFO; order_majorGroup_WCVP [2026-03-11] | CoordinateCleaner QA applied without sea test (validity, equal, zeros, capitals, centroids, gbif, institutions) [2026-03-29]","","Colección","C.A.P.B.","C.A.P.B."
"2499","HEM2025_2499","PreservedSpecimen","Coleccion",NA,"UNICACH","SPECIES","HEM","J.M.M.","1182","C.R.B.B.","E","HEM2025",1,"Rhynchostele cordata",15.4665277777778,-92.6646944444445,"2006-03-22","change1: Filled coordinateUncertaintyInMeters from decimal-place precision (conservative). | epi_taxo: acceptedName(match1); authorship_epig(match1); genus_from_scientificName; family_WFO; order_majorGroup_WCVP [2026-03-11] | CoordinateCleaner QA applied without sea test (validity, equal, zeros, capitals, centroids, gbif, institutions) [2026-03-29]","","Colección","J.M.M.","C.R.B.B."
"2500","HEM2025_2500","PreservedSpecimen","Coleccion",NA,"UNICACH","SPECIES","HEM","M.M.M. | M.A.D.V.","966","N.M.M. | J.M.M.","E","HEM2025",1,"Rhynchostele cordata",15.2396666666667,-92.2612222222222,"2013-03-05","change1: Filled coordinateUncertaintyInMeters from decimal-place precision (conservative). | epi_taxo: acceptedName(match1); authorship_epig(match1); genus_from_scientificName; family_WFO; order_majorGroup_WCVP [2026-03-11] | CoordinateCleaner QA applied without sea test (validity, equal, zeros, capitals, centroids, gbif, institutions) [2026-03-29]","standardized authors names in recordedBy / standardized authors names in identifiedBy","Colección","M.M.M. & M.A.D.V.","N.M.M. & J.M.M."
"2501","HEM2025_2501","PreservedSpecimen","Coleccion",NA,"UNICACH","SPECIES","HEM","M.M.M. | M.A.D.V.","1034","N.M.M. | J.M.M.","E","HEM2025",1,"Rhynchostele cordata",15.2485,-92.2715,"2013-03-06","change1: Filled coordinateUncertaintyInMeters from decimal-place precision (conservative). | epi_taxo: acceptedName(match1); authorship_epig(match1); genus_from_scientificName; family_WFO; order_majorGroup_WCVP [2026-03-11] | CoordinateCleaner QA applied without sea test (validity, equal, zeros, capitals, centroids, gbif, institutions) [2026-03-29]","standardized authors names in recordedBy / standardized authors names in identifiedBy","Colección","M.M.M. & M.A.D.V.","N.M.M. & J.M.M."
"2502","HEM2025_2502","PreservedSpecimen","Coleccion",NA,"UNICACH","SPECIES","HEM","N.M.M.","185","G.A.S.","E","HEM2025",1,"Rhynchostele cordata",15.7227777777778,-92.9436111111111,"2002-02-05","change1: Filled coordinateUncertaintyInMeters from decimal-place precision (conservative). | epi_taxo: acceptedName(match1); authorship_epig(match1); genus_from_scientificName; family_WFO; order_majorGroup_WCVP [2026-03-11] | CoordinateCleaner QA applied without sea test (validity, equal, zeros, capitals, centroids, gbif, institutions) [2026-03-29]","","Colección","N.M.M.","G.A.S."
"2503","HEM2025_2503","PreservedSpecimen","Coleccion",NA,"UNICACH","SPECIES","HEM","N.M.M.","185-bis","G.A.S.","E","HEM2025",1,"Rhynchostele cordata",15.7227777777778,-92.9436111111111,"2002-02-05","change1: Filled coordinateUncertaintyInMeters from decimal-place precision (conservative). | epi_taxo: acceptedName(match1); authorship_epig(match1); genus_from_scientificName; family_WFO; order_majorGroup_WCVP [2026-03-11] | CoordinateCleaner QA applied without sea test (validity, equal, zeros, capitals, centroids, gbif, institutions) [2026-03-29]","","Colección","N.M.M.","G.A.S."
"2504","HEM2025_2504","PreservedSpecimen","Coleccion",NA,"UNICACH","SPECIES","HEM","M.M.M. | M.C.R.M.","2624","N.M.M.","E","HEM2025",1,"Rhynchostele maculata",15.1495833333333,-92.1474166666667,"2013-11-15","change1: Filled coordinateUncertaintyInMeters from decimal-place precision (conservative). | epi_taxo: acceptedName(match1); authorship_epig(match1); genus_from_scientificName; family_WFO; order_majorGroup_WCVP [2026-03-11] | CoordinateCleaner QA applied without sea test (validity, equal, zeros, capitals, centroids, gbif, institutions) [2026-03-29]","standardized authors names in recordedBy","Colección","M.M.M. & M.C.R.M.","N.M.M."
"2505","HEM2025_2505","PreservedSpecimen","Coleccion",NA,"UNICACH","SPECIES","HEM","R.R.S.","109","G.L.V.","E","HEM2025",1,"Rhynchostele rossii",15.7,-92.9361111111111,"2001-01-24","change1: Filled coordinateUncertaintyInMeters from decimal-place precision (conservative). | epi_taxo: acceptedName(match1); authorship_epig(match1); genus_from_scientificName; family_WFO; order_majorGroup_WCVP [2026-03-11] | CoordinateCleaner QA applied without sea test (validity, equal, zeros, capitals, centroids, gbif, institutions) [2026-03-29]","","Colección","R.R.S.","G.L.V."
"2506","HEM2025_2506","PreservedSpecimen","Coleccion",NA,"UNICACH","SPECIES","HEM","H.G.D.","840","N.M.M.","E","HEM2025",1,"Rhynchostele rossii",15.6685,-92.8115277777778,"2004-11-11","change1: Filled coordinateUncertaintyInMeters from decimal-place precision (conservative). | epi_taxo: acceptedName(match1); authorship_epig(match1); genus_from_scientificName; family_WFO; order_majorGroup_WCVP [2026-03-11] | CoordinateCleaner QA applied without sea test (validity, equal, zeros, capitals, centroids, gbif, institutions) [2026-03-29]","","Colección","H.G.D.","N.M.M."
"2507","HEM2025_2507","PreservedSpecimen","Coleccion",NA,"UNICACH","SPECIES","HEM","F.E.P.C.","127","Cachon, T.C.","E","HEM2025",1,"Rhynchostele rossii",15.8244444444444,-93.0630555555556,"1999-02-11","change1: Filled coordinateUncertaintyInMeters from decimal-place precision (conservative). | epi_taxo: acceptedName(match1); authorship_epig(match1); genus_from_scientificName; family_WFO; order_majorGroup_WCVP [2026-03-11] | CoordinateCleaner QA applied without sea test (validity, equal, zeros, capitals, centroids, gbif, institutions) [2026-03-29]","standardized authors names in identifiedBy","Colección","F.E.P.C.","T.C. Cachón"
"2508","HEM2025_2508","PreservedSpecimen","Coleccion",NA,"UNICACH","SPECIES","HEM","N.M.M.","184","G.L.V.","E","HEM2025",1,"Rhynchostele rossii",15.7227777777778,-92.9436111111111,"2002-02-05","change1: Filled coordinateUncertaintyInMeters from decimal-place precision (conservative). | epi_taxo: acceptedName(match1); authorship_epig(match1); genus_from_scientificName; family_WFO; order_majorGroup_WCVP [2026-03-11] | CoordinateCleaner QA applied without sea test (validity, equal, zeros, capitals, centroids, gbif, institutions) [2026-03-29]","","Colección","N.M.M.","G.L.V."
"2509","HEM2025_2509","PreservedSpecimen","Coleccion",NA,"UNICACH","SPECIES","HEM","D.E.B.","68940","ND","E","HEM2025",1,"Rhynchostele stellata",15.2941666666667,-92.2775,"1988-06-01","change1: Filled coordinateUncertaintyInMeters from decimal-place precision (conservative). | epi_taxo: acceptedName(match1); authorship_epig(match1); genus_from_scientificName; family_WFO; order_majorGroup_WCVP [2026-03-11] | CoordinateCleaner QA applied without sea test (validity, equal, zeros, capitals, centroids, gbif, institutions) [2026-03-29]","","Colección","D.E.B.","ND"
"2510","HEM2025_2510","PreservedSpecimen","Coleccion",NA,"UNICACH","SPECIES","HEM","J.M.M.","728","R.S","E","HEM2025",1,"Rhynchostele stellata",15.6063055555556,-92.6553611111111,"2005-01-17","change1: Filled coordinateUncertaintyInMeters from decimal-place precision (conservative). | epi_taxo: acceptedName(match1); authorship_epig(match1); genus_from_scientificName; family_WFO; order_majorGroup_WCVP [2026-03-11] | CoordinateCleaner QA applied without sea test (validity, equal, zeros, capitals, centroids, gbif, institutions) [2026-03-29]","","Colección","J.M.M.","R.S"
"2511","HEM2025_2511","PreservedSpecimen","Coleccion",NA,"UNICACH","SPECIES","HEM","M.M.M. | Camilo, R.M.","1073","M.M.M.","E","HEM2025",1,"Rhynchostele stellata",15.1073611111111,-92.0996388888889,"2013-04-02","change1: Filled coordinateUncertaintyInMeters from decimal-place precision (conservative). | epi_taxo: acceptedName(match1); authorship_epig(match1); genus_from_scientificName; family_WFO; order_majorGroup_WCVP [2026-03-11] | CoordinateCleaner QA applied without sea test (validity, equal, zeros, capitals, centroids, gbif, institutions) [2026-03-29]","standardized authors names in recordedBy","Colección","M.M.M. & R.M. Camilo","M.M.M."
"2512","HEM2025_2512","PreservedSpecimen","Coleccion",NA,"UNICACH","SPECIES","HEM","M.M.M. | S.H.J. | J.A.B.B.","2743","N.M.M.","E","HEM2025",1,"Rhynchostele stellata",15.2408055555556,-92.3045555555556,"2015-04-30","change1: Filled coordinateUncertaintyInMeters from decimal-place precision (conservative). | epi_taxo: acceptedName(match1); authorship_epig(match1); genus_from_scientificName; family_WFO; order_majorGroup_WCVP [2026-03-11] | CoordinateCleaner QA applied without sea test (validity, equal, zeros, capitals, centroids, gbif, institutions) [2026-03-29]","standardized authors names in recordedBy","Colección","M.M.M. & S.H.J. & J.A.B.B.","N.M.M."
"2513","HEM2025_2513","PreservedSpecimen","Coleccion",NA,"UNICACH","SPECIES","HEM","M.M.M. | S.H.J. | V.E.G.J.","5932","N.M.M.","E","HEM2025",1,"Rhynchostele stellata",15.2297777777778,-92.317,"2015-05-30","change1: Filled coordinateUncertaintyInMeters from decimal-place precision (conservative). | epi_taxo: acceptedName(match1); authorship_epig(match1); genus_from_scientificName; family_WFO; order_majorGroup_WCVP [2026-03-11] | CoordinateCleaner QA applied without sea test (validity, equal, zeros, capitals, centroids, gbif, institutions) [2026-03-29]","standardized authors names in recordedBy","Colección","M.M.M. & S.H.J. & V.E.G.J.","N.M.M."
"2514","HEM2025_2514","PreservedSpecimen","Coleccion",NA,"UNICACH","SPECIES","HEM","M.M.M. | S.H.J. | V.E.G.J.","5988","N.M.M.","E","HEM2025",1,"Rhynchostele stellata",15.2405277777778,-92.3088333333333,"2015-05-31","change1: Filled coordinateUncertaintyInMeters from decimal-place precision (conservative). | epi_taxo: acceptedName(match1); authorship_epig(match1); genus_from_scientificName; family_WFO; order_majorGroup_WCVP [2026-03-11] | CoordinateCleaner QA applied without sea test (validity, equal, zeros, capitals, centroids, gbif, institutions) [2026-03-29]","standardized authors names in recordedBy","Colección","M.M.M. & S.H.J. & V.E.G.J.","N.M.M."
"2515","HEM2025_2515","PreservedSpecimen","Coleccion",NA,"UNICACH","SPECIES","HEM","N.M.M. | M.M.M. | R.V.H.","4191","N.M.M. | M.M.M.","E","HEM2025",1,"Rhynchostele stellata",15.1090277777778,-92.1016944444444,"2015-05-04","change1: Filled coordinateUncertaintyInMeters from decimal-place precision (conservative). | epi_taxo: acceptedName(match1); authorship_epig(match1); genus_from_scientificName; family_WFO; order_majorGroup_WCVP [2026-03-11] | CoordinateCleaner QA applied without sea test (validity, equal, zeros, capitals, centroids, gbif, institutions) [2026-03-29]","standardized authors names in recordedBy / standardized authors names in identifiedBy","Colección","N.M.M. & M.M.M. & R.V.H.","N.M.M. & M.M.M."
"2516","HEM2025_2516","PreservedSpecimen","Coleccion",NA,"UNICACH","SPECIES","HEM","G.A.S. | M.A.S.A. | L.M.C.","2214","ND","E","HEM2025",1,"Rossioglossum grande",15.0775,-92.0941666666667,"1985-09-15","change1: Filled coordinateUncertaintyInMeters from decimal-place precision (conservative). | epi_taxo: acceptedName(match1); authorship_epig(match1); genus_from_scientificName; family_WFO; order_majorGroup_WCVP [2026-03-11] | CoordinateCleaner QA applied without sea test (validity, equal, zeros, capitals, centroids, gbif, institutions) [2026-03-29]","standardized authors names in recordedBy","Colección","G.A.S. & M.A.S.A. & L.M.C.","ND"
"2517","HEM2025_2517","PreservedSpecimen","Coleccion",NA,"UNICACH","SPECIES","HEM","M.A.S.A. | G.A.S. | L.M.C.","1699","ND","E","HEM2025",1,"Rossioglossum grande",15.0775,-92.0941666666667,"1985-09-15","change1: Filled coordinateUncertaintyInMeters from decimal-place precision (conservative). | epi_taxo: acceptedName(match1); authorship_epig(match1); genus_from_scientificName; family_WFO; order_majorGroup_WCVP [2026-03-11] | CoordinateCleaner QA applied without sea test (validity, equal, zeros, capitals, centroids, gbif, institutions) [2026-03-29]","standardized authors names in recordedBy","Colección","M.A.S.A. & G.A.S. & L.M.C.","ND"
"2518","HEM2025_2518","PreservedSpecimen","Coleccion",NA,"UNICACH","SPECIES","HEM","M.A.S.A. | L.M.C. | G.A.S.","1698","ND","E","HEM2025",1,"Rossioglossum grande",15.0625,-92.0805555555555,"1985-09-16","change1: Filled coordinateUncertaintyInMeters from decimal-place precision (conservative). | epi_taxo: acceptedName(match1); authorship_epig(match1); genus_from_scientificName; family_WFO; order_majorGroup_WCVP [2026-03-11] | CoordinateCleaner QA applied without sea test (validity, equal, zeros, capitals, centroids, gbif, institutions) [2026-03-29]","standardized authors names in recordedBy","Colección","M.A.S.A. & L.M.C. & G.A.S.","ND"
"2519","HEM2025_2519","PreservedSpecimen","Coleccion",NA,"UNICACH","FORM","HEM","C.R.B.B.","ND","C.R.B.B.","E","HEM2025",1,"Rossioglossum williamsianum",16.6430555555556,-93.3997222222222,"2008-05-29","change1: Corrected taxonRank (SPECIES→FORM); kept scientificName as-is. | change2: Filled coordinateUncertaintyInMeters from decimal-place precision (conservative). | epi_taxo: acceptedName(match1); authorship_epig(match1); genus_from_scientificName; family_WFO; order_majorGroup_WCVP [2026-03-11] | CoordinateCleaner QA applied without sea test (validity, equal, zeros, capitals, centroids, gbif, institutions) [2026-03-29]","","Colección","C.R.B.B.","C.R.B.B."
"2520","HEM2025_2520","PreservedSpecimen","Coleccion",NA,"UNICACH","FORM","HEM","C.R.B.B.","ND","C.R.B.B.","E","HEM2025",1,"Rossioglossum williamsianum",16.6430555555556,-93.3997222222222,"2008-05-29","change1: Corrected taxonRank (SPECIES→FORM); kept scientificName as-is. | change2: Filled coordinateUncertaintyInMeters from decimal-place precision (conservative). | epi_taxo: acceptedName(match1); authorship_epig(match1); genus_from_scientificName; family_WFO; order_majorGroup_WCVP [2026-03-11] | CoordinateCleaner QA applied without sea test (validity, equal, zeros, capitals, centroids, gbif, institutions) [2026-03-29]","","Colección","C.R.B.B.","C.R.B.B."
"2521","HEM2025_2521","PreservedSpecimen","Coleccion",NA,"UNICACH","SPECIES","HEM","A.R.A.","273","N.M.M.","E","HEM2025",1,"Scaphyglottis crurigera",15.7994444444444,-93.0639166666667,"2005-04-20","change1: Filled coordinateUncertaintyInMeters from decimal-place precision (conservative). | epi_taxo: acceptedName(match1); authorship_epig(match1); genus_from_scientificName; family_WFO; order_majorGroup_WCVP [2026-03-11] | CoordinateCleaner QA applied without sea test (validity, equal, zeros, capitals, centroids, gbif, institutions) [2026-03-29]","","Colección","A.R.A.","N.M.M."
"2522","HEM2025_2522","PreservedSpecimen","Coleccion",NA,"UNICACH","SPECIES","HEM","M.M.E.","28","M.M.E.","E","HEM2025",1,"Scaphyglottis crurigera",16.0831944444444,-91.10375,"2005-03-05","change1: Filled coordinateUncertaintyInMeters from decimal-place precision (conservative). | epi_taxo: acceptedName(match1); authorship_epig(match1); genus_from_scientificName; family_WFO; order_majorGroup_WCVP [2026-03-11] | CoordinateCleaner QA applied without sea test (validity, equal, zeros, capitals, centroids, gbif, institutions) [2026-03-29]","","Colección","M.M.E.","M.M.E."
"2523","HEM2025_2523","PreservedSpecimen","Coleccion",NA,"UNICACH","SPECIES","HEM","B.C.L.","6","B.C.S.","E","HEM2025",1,"Scaphyglottis crurigera",16.0831944444444,-91.10375,"2005-03-06","change1: Filled coordinateUncertaintyInMeters from decimal-place precision (conservative). | epi_taxo: acceptedName(match1); authorship_epig(match1); genus_from_scientificName; family_WFO; order_majorGroup_WCVP [2026-03-11] | CoordinateCleaner QA applied without sea test (validity, equal, zeros, capitals, centroids, gbif, institutions) [2026-03-29]","","Colección","B.C.L.","B.C.S."
"2524","HEM2025_2524","PreservedSpecimen","Coleccion",NA,"UNICACH","SPECIES","HEM","F.E.P.C.","188","Cachon, T.C.","E","HEM2025",1,"Scaphyglottis crurigera",15.9002777777778,-93.2411111111111,"1999-04-30","change1: Filled coordinateUncertaintyInMeters from decimal-place precision (conservative). | epi_taxo: acceptedName(match1); authorship_epig(match1); genus_from_scientificName; family_WFO; order_majorGroup_WCVP [2026-03-11] | CoordinateCleaner QA applied without sea test (validity, equal, zeros, capitals, centroids, gbif, institutions) [2026-03-29]","standardized authors names in identifiedBy","Colección","F.E.P.C.","T.C. Cachón"
"2525","HEM2025_2525","PreservedSpecimen","Coleccion",NA,"UNICACH","SPECIES","HEM","P.C. | R.O. | M.V.M.","47","Carnevali, G.","E","HEM2025",1,"Scaphyglottis crurigera",15.3944444444444,-92.6166666666667,"1998-11-26","change1: Filled coordinateUncertaintyInMeters from decimal-place precision (conservative). | epi_taxo: acceptedName(match1); authorship_epig(match1); genus_from_scientificName; family_WFO; order_majorGroup_WCVP [2026-03-11] | CoordinateCleaner QA applied without sea test (validity, equal, zeros, capitals, centroids, gbif, institutions) [2026-03-29]","standardized authors names in recordedBy / standardized authors names in identifiedBy","Colección","P.C. & R.O. & M.V.M.","G. Carnevali"
"2526","HEM2025_2526","PreservedSpecimen","Coleccion",NA,"UNICACH","SPECIES","HEM","A.L.C.","570","N.M.M.","E","HEM2025",1,"Scaphyglottis crurigera",15.4330555555556,-92.6402777777778,"2008-01-15","change1: Filled coordinateUncertaintyInMeters from decimal-place precision (conservative). | epi_taxo: acceptedName(match1); authorship_epig(match1); genus_from_scientificName; family_WFO; order_majorGroup_WCVP [2026-03-11] | CoordinateCleaner QA applied without sea test (validity, equal, zeros, capitals, centroids, gbif, institutions) [2026-03-29]","","Colección","A.L.C.","N.M.M."
"2527","HEM2025_2527","PreservedSpecimen","Coleccion",NA,"UNICACH","SPECIES","HEM","F.E.P.C.","60","Carnevali, G.","E","HEM2025",1,"Scaphyglottis crurigera",15.3944444444444,-92.6166666666667,"1998-11-27","change1: Filled coordinateUncertaintyInMeters from decimal-place precision (conservative). | epi_taxo: acceptedName(match1); authorship_epig(match1); genus_from_scientificName; family_WFO; order_majorGroup_WCVP [2026-03-11] | CoordinateCleaner QA applied without sea test (validity, equal, zeros, capitals, centroids, gbif, institutions) [2026-03-29]","standardized authors names in identifiedBy","Colección","F.E.P.C.","G. Carnevali"
"2528","HEM2025_2528","PreservedSpecimen","Coleccion",NA,"UNICACH","SPECIES","HEM","M.M.M. | M.A.D.V.","905","N.M.M. | J.M.M.","E","HEM2025",1,"Scaphyglottis crurigera",15.2828333333333,-92.2869388888889,"2013-03-03","change1: Filled coordinateUncertaintyInMeters from decimal-place precision (conservative). | epi_taxo: acceptedName(match1); authorship_epig(match1); genus_from_scientificName; family_WFO; order_majorGroup_WCVP [2026-03-11] | CoordinateCleaner QA applied without sea test (validity, equal, zeros, capitals, centroids, gbif, institutions) [2026-03-29]","standardized authors names in recordedBy / standardized authors names in identifiedBy","Colección","M.M.M. & M.A.D.V.","N.M.M. & J.M.M."
"2529","HEM2025_2529","PreservedSpecimen","Coleccion",NA,"UNICACH","SPECIES","HEM","M.M.M. | D.A.J.L. | R.J.R.V.","5542","N.M.M.","E","HEM2025",1,"Scaphyglottis crurigera",15.1179722222222,-92.1553333333333,"2015-03-26","change1: Filled coordinateUncertaintyInMeters from decimal-place precision (conservative). | epi_taxo: acceptedName(match1); authorship_epig(match1); genus_from_scientificName; family_WFO; order_majorGroup_WCVP [2026-03-11] | CoordinateCleaner QA applied without sea test (validity, equal, zeros, capitals, centroids, gbif, institutions) [2026-03-29]","standardized authors names in recordedBy","Colección","M.M.M. & D.A.J.L. & R.J.R.V.","N.M.M."
"2530","HEM2025_2530","PreservedSpecimen","Coleccion",NA,"UNICACH","SPECIES","HEM","J.C.R.","209","Carnevali, G.","E","HEM2025",1,"Scaphyglottis crurigera",15.8530555555556,-93.1511111111111,"2000-03-22","change1: Filled coordinateUncertaintyInMeters from decimal-place precision (conservative). | epi_taxo: acceptedName(match1); authorship_epig(match1); genus_from_scientificName; family_WFO; order_majorGroup_WCVP [2026-03-11] | CoordinateCleaner QA applied without sea test (validity, equal, zeros, capitals, centroids, gbif, institutions) [2026-03-29]","standardized authors names in identifiedBy","Colección","J.C.R.","G. Carnevali"
"2531","HEM2025_2531","PreservedSpecimen","Coleccion",NA,"UNICACH","SPECIES","HEM","N.M.M.","336","G.A.S.","E","HEM2025",1,"Scaphyglottis crurigera",15.7555555555556,-93.0333333333333,"2002-03-16","change1: Filled coordinateUncertaintyInMeters from decimal-place precision (conservative). | epi_taxo: acceptedName(match1); authorship_epig(match1); genus_from_scientificName; family_WFO; order_majorGroup_WCVP [2026-03-11] | CoordinateCleaner QA applied without sea test (validity, equal, zeros, capitals, centroids, gbif, institutions) [2026-03-29]","","Colección","N.M.M.","G.A.S."
"2532","HEM2025_2532","PreservedSpecimen","Coleccion",NA,"UNICACH","SPECIES","HEM","N.M.M.","93","G.L.V.","E","HEM2025",1,"Scaphyglottis crurigera",15.7727777777778,-93.09,"2001-07-18","change1: Filled coordinateUncertaintyInMeters from decimal-place precision (conservative). | epi_taxo: acceptedName(match1); authorship_epig(match1); genus_from_scientificName; family_WFO; order_majorGroup_WCVP [2026-03-11] | CoordinateCleaner QA applied without sea test (validity, equal, zeros, capitals, centroids, gbif, institutions) [2026-03-29]","","Colección","N.M.M.","G.L.V."
"2533","HEM2025_2533","PreservedSpecimen","Coleccion",NA,"UNICACH","SPECIES","HEM","N.J.M.G.","118","N.J.M.G.","E","HEM2025",1,"Scaphyglottis fasciculata",15.8498055555556,-93.05125,"2006-12-19","change1: Filled coordinateUncertaintyInMeters from decimal-place precision (conservative). | epi_taxo: acceptedName(match1); authorship_epig(match1); genus_from_scientificName; family_WFO; order_majorGroup_WCVP [2026-03-11] | CoordinateCleaner QA applied without sea test (validity, equal, zeros, capitals, centroids, gbif, institutions) [2026-03-29]","","Colección","N.J.M.G.","N.J.M.G."
"2534","HEM2025_2534","PreservedSpecimen","Coleccion",NA,"UNICACH","SPECIES","HEM","J.M.M.","751","N.M.M.","E","HEM2025",1,"Scaphyglottis hondurensis",15.8533333333333,-93.2118055555556,"2005-03-30","change1: Filled coordinateUncertaintyInMeters from decimal-place precision (conservative). | epi_taxo: acceptedName(match1); authorship_epig(match1); genus_from_scientificName; family_WFO; order_majorGroup_WCVP [2026-03-11] | CoordinateCleaner QA applied without sea test (validity, equal, zeros, capitals, centroids, gbif, institutions) [2026-03-29]","","Colección","J.M.M.","N.M.M."
"2535","HEM2025_2535","PreservedSpecimen","Coleccion",NA,"UNICACH","SPECIES","HEM","J.M.M.","765","N.M.M.","E","HEM2025",1,"Scaphyglottis hondurensis",15.9002777777778,-93.2411111111111,"2005-03-31","change1: Filled coordinateUncertaintyInMeters from decimal-place precision (conservative). | epi_taxo: acceptedName(match1); authorship_epig(match1); genus_from_scientificName; family_WFO; order_majorGroup_WCVP [2026-03-11] | CoordinateCleaner QA applied without sea test (validity, equal, zeros, capitals, centroids, gbif, institutions) [2026-03-29]","","Colección","J.M.M.","N.M.M."
"2536","HEM2025_2536","PreservedSpecimen","Coleccion",NA,"UNICACH","SPECIES","HEM","J.M.M.","804","J.M.M.","E","HEM2025",1,"Scaphyglottis hondurensis",15.8022222222222,-93.035,"2005-04-21","change1: Filled coordinateUncertaintyInMeters from decimal-place precision (conservative). | epi_taxo: acceptedName(match1); authorship_epig(match1); genus_from_scientificName; family_WFO; order_majorGroup_WCVP [2026-03-11] | CoordinateCleaner QA applied without sea test (validity, equal, zeros, capitals, centroids, gbif, institutions) [2026-03-29]","","Colección","J.M.M.","J.M.M."
"2537","HEM2025_2537","PreservedSpecimen","Coleccion",NA,"UNICACH","SPECIES","HEM","N.M.M.","1343","N.M.M.","E","HEM2025",1,"Scaphyglottis hondurensis",15.46,-92.65825,"2006-03-22","change1: Filled coordinateUncertaintyInMeters from decimal-place precision (conservative). | epi_taxo: acceptedName(match1); authorship_epig(match1); genus_from_scientificName; family_WFO; order_majorGroup_WCVP [2026-03-11] | CoordinateCleaner QA applied without sea test (validity, equal, zeros, capitals, centroids, gbif, institutions) [2026-03-29]","","Colección","N.M.M.","N.M.M."
"2538","HEM2025_2538","PreservedSpecimen","Coleccion",NA,"UNICACH","SPECIES","HEM","J.M.M.","749","N.M.M.","E","HEM2025",1,"Scaphyglottis livida",15.6358611111111,-92.6445,"2005-01-18","change1: Filled coordinateUncertaintyInMeters from decimal-place precision (conservative). | epi_taxo: acceptedName(match1); authorship_epig(match1); genus_from_scientificName; family_WFO; order_majorGroup_WCVP [2026-03-11] | CoordinateCleaner QA applied without sea test (validity, equal, zeros, capitals, centroids, gbif, institutions) [2026-03-29]","","Colección","J.M.M.","N.M.M."
"2539","HEM2025_2539","PreservedSpecimen","Coleccion",NA,"UNICACH","SPECIES","HEM","J.M.M.","644","J.M.M.","E","HEM2025",1,"Scaphyglottis livida",15.77425,-93.0506111111111,"2004-12-13","change1: Filled coordinateUncertaintyInMeters from decimal-place precision (conservative). | epi_taxo: acceptedName(match1); authorship_epig(match1); genus_from_scientificName; family_WFO; order_majorGroup_WCVP [2026-03-11] | CoordinateCleaner QA applied without sea test (validity, equal, zeros, capitals, centroids, gbif, institutions) [2026-03-29]","","Colección","J.M.M.","J.M.M."
"2540","HEM2025_2540","PreservedSpecimen","Coleccion",NA,"UNICACH","SPECIES","HEM","N.M.M.","791","N.M.M.","E","HEM2025",1,"Scaphyglottis fasciculata",15.7,-92.9361111111111,"2005-04-21","change1: Filled coordinateUncertaintyInMeters from decimal-place precision (conservative). | epi_taxo: acceptedName(match1); authorship_epig(match1); genus_from_scientificName; family_WFO; order_majorGroup_WCVP [2026-03-11] | CoordinateCleaner QA applied without sea test (validity, equal, zeros, capitals, centroids, gbif, institutions) [2026-03-29]","","Colección","N.M.M.","N.M.M."
"2541","HEM2025_2541","PreservedSpecimen","Coleccion",NA,"UNICACH","SPECIES","HEM","E.M.M.L.","23","E.M.M.L.","E","HEM2025",1,"Scaphyglottis fasciculata",16.6430555555556,-93.3997222222222,"2006-04-27","change1: Filled coordinateUncertaintyInMeters from decimal-place precision (conservative). | epi_taxo: acceptedName(match1); authorship_epig(match1); genus_from_scientificName; family_WFO; order_majorGroup_WCVP [2026-03-11] | CoordinateCleaner QA applied without sea test (validity, equal, zeros, capitals, centroids, gbif, institutions) [2026-03-29]","","Colección","E.M.M.L.","E.M.M.L."
"2542","HEM2025_2542","PreservedSpecimen","Coleccion",NA,"UNICACH","SPECIES","HEM","E.M.M.L.","23","E.M.M.L.","E","HEM2025",1,"Scaphyglottis fasciculata",16.6430555555556,-93.3997222222222,"2006-04-27","change1: Filled coordinateUncertaintyInMeters from decimal-place precision (conservative). | epi_taxo: acceptedName(match1); authorship_epig(match1); genus_from_scientificName; family_WFO; order_majorGroup_WCVP [2026-03-11] | CoordinateCleaner QA applied without sea test (validity, equal, zeros, capitals, centroids, gbif, institutions) [2026-03-29]","","Colección","E.M.M.L.","E.M.M.L."
"2543","HEM2025_2543","PreservedSpecimen","Coleccion",NA,"UNICACH","SPECIES","HEM","Camilo, R.M.","543-bis","N.M.M.","E","HEM2025",1,"Scaphyglottis fasciculata",15.8138888888889,-93.0305555555556,"2000-03-15","change1: Filled coordinateUncertaintyInMeters from decimal-place precision (conservative). | epi_taxo: acceptedName(match1); authorship_epig(match1); genus_from_scientificName; family_WFO; order_majorGroup_WCVP [2026-03-11] | CoordinateCleaner QA applied without sea test (validity, equal, zeros, capitals, centroids, gbif, institutions) [2026-03-29]","standardized authors names in recordedBy","Colección","R.M. Camilo","N.M.M."
"2544","HEM2025_2544","PreservedSpecimen","Coleccion",NA,"UNICACH","SPECIES","HEM","Camilo, R.M.","543","Carnevali, G.","E","HEM2025",1,"Scaphyglottis fasciculata",15.8138888888889,-93.0305555555556,"2002-03-15","change1: Filled coordinateUncertaintyInMeters from decimal-place precision (conservative). | epi_taxo: acceptedName(match1); authorship_epig(match1); genus_from_scientificName; family_WFO; order_majorGroup_WCVP [2026-03-11] | CoordinateCleaner QA applied without sea test (validity, equal, zeros, capitals, centroids, gbif, institutions) [2026-03-29]","standardized authors names in recordedBy / standardized authors names in identifiedBy","Colección","R.M. Camilo","G. Carnevali"
"2545","HEM2025_2545","PreservedSpecimen","Coleccion",NA,"UNICACH","GENUS","HEM","J.M.M.","680","J.M.M.","E","HEM2025",NA,"",15.8213333333333,-93.0480277777778,"2004-12-16","change1: Genus placeholder (sp./spp.): moved to 'genus', set taxonRank=GENUS, cleared scientificName; kept original in verbatim. | change2: Filled coordinateUncertaintyInMeters from decimal-place precision (conservative). | epi_taxo: acceptedName(match1); authorship_epig(match1); genus_from_scientificName; family_WFO; order_majorGroup_WCVP [2026-03-11] | CoordinateCleaner QA applied without sea test (validity, equal, zeros, capitals, centroids, gbif, institutions) [2026-03-29]","","Colección","J.M.M.","J.M.M."
"2546","HEM2025_2546","PreservedSpecimen","Coleccion",NA,"UNICACH","GENUS","HEM","N.M.M.","472","R.S","E","HEM2025",NA,"",16.7608333333333,-93.3941666666667,"2001-08-25","change1: Genus placeholder (sp./spp.): moved to 'genus', set taxonRank=GENUS, cleared scientificName; kept original in verbatim. | change2: Filled coordinateUncertaintyInMeters from decimal-place precision (conservative). | epi_taxo: acceptedName(match1); authorship_epig(match1); genus_from_scientificName; family_WFO; order_majorGroup_WCVP [2026-03-11] | CoordinateCleaner QA applied without sea test (validity, equal, zeros, capitals, centroids, gbif, institutions) [2026-03-29]","","Colección","N.M.M.","R.S"
"2547","HEM2025_2547","PreservedSpecimen","Coleccion",NA,"UNICACH","SPECIES","HEM","E.M.S. | A.R.G.","20280","ND","E","HEM2025",1,"Sobralia macrantha",15.0775,-92.0941666666667,"1987-04-26","change1: Filled coordinateUncertaintyInMeters from decimal-place precision (conservative). | epi_taxo: acceptedName(match1); authorship_epig(match1); genus_from_scientificName; family_WFO; order_majorGroup_WCVP [2026-03-11] | CoordinateCleaner QA applied without sea test (validity, equal, zeros, capitals, centroids, gbif, institutions) [2026-03-29]","standardized authors names in recordedBy","Colección","E.M.S. & A.R.G.","ND"
"2548","HEM2025_2548","PreservedSpecimen","Coleccion",NA,"UNICACH","SPECIES","HEM","Camilo, R.M. | R.V.H. | M.M.M.","2881","Camilo, R.M.","E","HEM2025",1,"Sobralia macrantha",15.1296111111111,-92.1824444444444,"2015-03-24","change1: Filled coordinateUncertaintyInMeters from decimal-place precision (conservative). | epi_taxo: acceptedName(match1); authorship_epig(match1); genus_from_scientificName; family_WFO; order_majorGroup_WCVP [2026-03-11] | CoordinateCleaner QA applied without sea test (validity, equal, zeros, capitals, centroids, gbif, institutions) [2026-03-29]","standardized authors names in recordedBy / standardized authors names in identifiedBy","Colección","R.M. Camilo & R.V.H. & M.M.M.","R.M. Camilo"
"2549","HEM2025_2549","PreservedSpecimen","Coleccion",NA,"UNICACH","SPECIES","HEM","F.D.A.L.","33","F.D.A.L.","E","HEM2025",1,"Sobralia macrantha",16.9041666666667,-93.2330555555556,"2004-11-09","change1: Filled coordinateUncertaintyInMeters from decimal-place precision (conservative). | epi_taxo: acceptedName(match1); authorship_epig(match1); genus_from_scientificName; family_WFO; order_majorGroup_WCVP [2026-03-11] | CoordinateCleaner QA applied without sea test (validity, equal, zeros, capitals, centroids, gbif, institutions) [2026-03-29]","","Colección","F.D.A.L.","F.D.A.L."
"2550","HEM2025_2550","PreservedSpecimen","Coleccion",NA,"UNICACH","SPECIES","HEM","F.D.A.L.","33","F.D.A.L.","HE","HEM2025",1,"Sobralia macrantha",16.9041666666667,-93.2330555555556,"2004-11-09","change1: Filled coordinateUncertaintyInMeters from decimal-place precision (conservative). | epi_taxo: acceptedName(match1); authorship_epig(match1); genus_from_scientificName; family_WFO; order_majorGroup_WCVP [2026-03-11] | CoordinateCleaner QA applied without sea test (validity, equal, zeros, capitals, centroids, gbif, institutions) [2026-03-29]","","Colección","F.D.A.L.","F.D.A.L."
"2551","HEM2025_2551","PreservedSpecimen","Coleccion",NA,"UNICACH","SPECIES","HEM","J.M.M.","920","J.M.M.","HE","HEM2025",1,"Sobralia macrantha",15.8059166666667,-93.0508055555556,"2005-06-06","change1: Filled coordinateUncertaintyInMeters from decimal-place precision (conservative). | epi_taxo: acceptedName(match1); authorship_epig(match1); genus_from_scientificName; family_WFO; order_majorGroup_WCVP [2026-03-11] | CoordinateCleaner QA applied without sea test (validity, equal, zeros, capitals, centroids, gbif, institutions) [2026-03-29]","","Colección","J.M.M.","J.M.M."
"2552","HEM2025_2552","PreservedSpecimen","Coleccion",NA,"UNICACH","SPECIES","HEM","J.M.M.","1042","J.M.M.","HE","HEM2025",1,"Sobralia macrantha",15.8063333333333,-92.9828333333333,"2005-07-18","change1: Filled coordinateUncertaintyInMeters from decimal-place precision (conservative). | epi_taxo: acceptedName(match1); authorship_epig(match1); genus_from_scientificName; family_WFO; order_majorGroup_WCVP [2026-03-11] | CoordinateCleaner QA applied without sea test (validity, equal, zeros, capitals, centroids, gbif, institutions) [2026-03-29]","","Colección","J.M.M.","J.M.M."
"2553","HEM2025_2553","PreservedSpecimen","Coleccion",NA,"UNICACH","SPECIES","HEM","J.M.M.","987","J.M.M.","HE","HEM2025",1,"Sobralia macrantha",15.8160555555556,-93.05825,"2005-07-13","change1: Filled coordinateUncertaintyInMeters from decimal-place precision (conservative). | epi_taxo: acceptedName(match1); authorship_epig(match1); genus_from_scientificName; family_WFO; order_majorGroup_WCVP [2026-03-11] | CoordinateCleaner QA applied without sea test (validity, equal, zeros, capitals, centroids, gbif, institutions) [2026-03-29]","","Colección","J.M.M.","J.M.M."
"2554","HEM2025_2554","PreservedSpecimen","Coleccion",NA,"UNICACH","SPECIES","HEM","H.R.E.","44","H.R.E.","HE","HEM2025",1,"Sobralia macrantha",15.5490833333333,-92.6077222222222,"2005-07-21","change1: Filled coordinateUncertaintyInMeters from decimal-place precision (conservative). | epi_taxo: acceptedName(match1); authorship_epig(match1); genus_from_scientificName; family_WFO; order_majorGroup_WCVP [2026-03-11] | CoordinateCleaner QA applied without sea test (validity, equal, zeros, capitals, centroids, gbif, institutions) [2026-03-29]","","Colección","H.R.E.","H.R.E."
"2555","HEM2025_2555","PreservedSpecimen","Coleccion",NA,"UNICACH","SPECIES","HEM","Perez-Farrera, M.A.","3004","Perez-Farrera, M.A.","HE","HEM2025",1,"Sobralia macrantha",16.2100555555556,-93.5839166666667,"2006-08-10","change1: Filled coordinateUncertaintyInMeters from decimal-place precision (conservative). | epi_taxo: acceptedName(match1); authorship_epig(match1); genus_from_scientificName; family_WFO; order_majorGroup_WCVP [2026-03-11] | CoordinateCleaner QA applied without sea test (validity, equal, zeros, capitals, centroids, gbif, institutions) [2026-03-29]","standardized authors names in recordedBy / standardized authors names in identifiedBy","Colección","M.A. Pérez-Farrera","M.A. Pérez-Farrera"
"2556","HEM2025_2556","PreservedSpecimen","Coleccion",NA,"UNICACH","SPECIES","HEM","H.G.D.","1294","H.G.D.","HE","HEM2025",1,"Sobralia macrantha",15.688,-92.7426944444444,"2006-07-21","change1: Filled coordinateUncertaintyInMeters from decimal-place precision (conservative). | epi_taxo: acceptedName(match1); authorship_epig(match1); genus_from_scientificName; family_WFO; order_majorGroup_WCVP [2026-03-11] | CoordinateCleaner QA applied without sea test (validity, equal, zeros, capitals, centroids, gbif, institutions) [2026-03-29]","","Colección","H.G.D.","H.G.D."
"2557","HEM2025_2557","PreservedSpecimen","Coleccion",NA,"UNICACH","SPECIES","HEM","J.M.M.","1379","C.A.P.B.","HE","HEM2025",1,"Sobralia macrantha",16.2145277777778,-93.7202777777778,"2006-06-04","change1: Filled coordinateUncertaintyInMeters from decimal-place precision (conservative). | epi_taxo: acceptedName(match1); authorship_epig(match1); genus_from_scientificName; family_WFO; order_majorGroup_WCVP [2026-03-11] | CoordinateCleaner QA applied without sea test (validity, equal, zeros, capitals, centroids, gbif, institutions) [2026-03-29]","","Colección","J.M.M.","C.A.P.B."
"2558","HEM2025_2558","PreservedSpecimen","Coleccion",NA,"UNICACH","SPECIES","HEM","C.A.P.B.","185","C.A.P.B.","HE","HEM2025",1,"Sobralia macrantha",15.5748333333333,-92.7713055555556,"2006-08-17","change1: Filled coordinateUncertaintyInMeters from decimal-place precision (conservative). | epi_taxo: acceptedName(match1); authorship_epig(match1); genus_from_scientificName; family_WFO; order_majorGroup_WCVP [2026-03-11] | CoordinateCleaner QA applied without sea test (validity, equal, zeros, capitals, centroids, gbif, institutions) [2026-03-29]","","Colección","C.A.P.B.","C.A.P.B."
"2559","HEM2025_2559","PreservedSpecimen","Coleccion",NA,"UNICACH","SPECIES","HEM","N.M.M.","1881","N.M.M.","HE","HEM2025",1,"Sobralia macrantha",15.4441666666667,-92.6608333333333,"2006-11-16","change1: Filled coordinateUncertaintyInMeters from decimal-place precision (conservative). | epi_taxo: acceptedName(match1); authorship_epig(match1); genus_from_scientificName; family_WFO; order_majorGroup_WCVP [2026-03-11] | CoordinateCleaner QA applied without sea test (validity, equal, zeros, capitals, centroids, gbif, institutions) [2026-03-29]","","Colección","N.M.M.","N.M.M."
"2560","HEM2025_2560","PreservedSpecimen","Coleccion",NA,"UNICACH","SPECIES","HEM","N.M.M.","340","Carnevali, G.","HE","HEM2025",1,"Sobralia macrantha",15.7555555555556,-93.0333333333333,"2002-03-16","change1: Filled coordinateUncertaintyInMeters from decimal-place precision (conservative). | epi_taxo: acceptedName(match1); authorship_epig(match1); genus_from_scientificName; family_WFO; order_majorGroup_WCVP [2026-03-11] | CoordinateCleaner QA applied without sea test (validity, equal, zeros, capitals, centroids, gbif, institutions) [2026-03-29]","standardized authors names in identifiedBy","Colección","N.M.M.","G. Carnevali"
"2561","HEM2025_2561","PreservedSpecimen","Coleccion",NA,"UNICACH","SPECIES","HEM","N.M.M.","24","Carnevali, G.","HE","HEM2025",1,"Sobralia macrantha",15.7227777777778,-92.9572222222222,"2001-03-22","change1: Filled coordinateUncertaintyInMeters from decimal-place precision (conservative). | epi_taxo: acceptedName(match1); authorship_epig(match1); genus_from_scientificName; family_WFO; order_majorGroup_WCVP [2026-03-11] | CoordinateCleaner QA applied without sea test (validity, equal, zeros, capitals, centroids, gbif, institutions) [2026-03-29]","standardized authors names in identifiedBy","Colección","N.M.M.","G. Carnevali"
"2562","HEM2025_2562","PreservedSpecimen","Coleccion",NA,"UNICACH","GENUS","HEM","Perez-Farrera, M.A.","1607","G.A.S.","E","HEM2025",NA,"",15.425,-92.6333333333333,"1998-01-24","change1: Genus placeholder (sp./spp.): moved to 'genus', set taxonRank=GENUS, cleared scientificName; kept original in verbatim. | change2: Filled coordinateUncertaintyInMeters from decimal-place precision (conservative). | epi_taxo: acceptedName(match1); authorship_epig(match1); genus_from_scientificName; family_WFO; order_majorGroup_WCVP [2026-03-11] | CoordinateCleaner QA applied without sea test (validity, equal, zeros, capitals, centroids, gbif, institutions) [2026-03-29]","standardized authors names in recordedBy","Colección","M.A. Pérez-Farrera","G.A.S."
"2563","HEM2025_2563","PreservedSpecimen","Coleccion",NA,"UNICACH","SPECIES","HEM","C.A.P.B.","15","C.R.B.B.","E","HEM2025",1,"Specklinia brighamii",16.0831944444444,-90.9930277777778,"2005-03-05","change1: Filled coordinateUncertaintyInMeters from decimal-place precision (conservative). | epi_taxo: acceptedName(match1); authorship_epig(match1); genus_from_scientificName; family_WFO; order_majorGroup_WCVP [2026-03-11] | CoordinateCleaner QA applied without sea test (validity, equal, zeros, capitals, centroids, gbif, institutions) [2026-03-29]","","Colección","C.A.P.B.","C.R.B.B."
"2564","HEM2025_2564","PreservedSpecimen","Coleccion",NA,"UNICACH","SPECIES","HEM","B.C.L.","20","C.R.B.B.","E","HEM2025",1,"Specklinia brighamii",16.0831944444444,-90.9930277777778,"2005-03-05","change1: Filled coordinateUncertaintyInMeters from decimal-place precision (conservative). | epi_taxo: acceptedName(match1); authorship_epig(match1); genus_from_scientificName; family_WFO; order_majorGroup_WCVP [2026-03-11] | CoordinateCleaner QA applied without sea test (validity, equal, zeros, capitals, centroids, gbif, institutions) [2026-03-29]","","Colección","B.C.L.","C.R.B.B."
"2565","HEM2025_2565","PreservedSpecimen","Coleccion",NA,"UNICACH","FORM","HEM","N.M.M.","975","C.R.B.B.","E","HEM2025",1,"Specklinia endotrachys",15.4593333333333,-92.6576111111111,"2005-07-23","change1: Corrected taxonRank (SPECIES→FORM); kept scientificName as-is. | change2: Filled coordinateUncertaintyInMeters from decimal-place precision (conservative). | epi_taxo: acceptedName(match1); authorship_epig(match1); genus_from_scientificName; family_WFO; order_majorGroup_WCVP [2026-03-11] | CoordinateCleaner QA applied without sea test (validity, equal, zeros, capitals, centroids, gbif, institutions) [2026-03-29]","","Colección","N.M.M.","C.R.B.B."
"2566","HEM2025_2566","PreservedSpecimen","Coleccion",NA,"UNICACH","FORM","HEM","Perez-Farrera, M.A.","2812","Perez-Farrera, M.A.","E","HEM2025",1,"Specklinia endotrachys",15.8775,-93.2275,"2002-05-25","change1: Corrected taxonRank (SPECIES→FORM); kept scientificName as-is. | change2: Filled coordinateUncertaintyInMeters from decimal-place precision (conservative). | epi_taxo: acceptedName(match1); authorship_epig(match1); genus_from_scientificName; family_WFO; order_majorGroup_WCVP [2026-03-11] | CoordinateCleaner QA applied without sea test (validity, equal, zeros, capitals, centroids, gbif, institutions) [2026-03-29]","standardized authors names in recordedBy / standardized authors names in identifiedBy","Colección","M.A. Pérez-Farrera","M.A. Pérez-Farrera"
"2567","HEM2025_2567","PreservedSpecimen","Coleccion",NA,"UNICACH","FORM","HEM","J.M.M.","1563","C.R.B.B.","E","HEM2025",1,"Specklinia endotrachys",15.4261388888889,-92.629,"2006-11-14","change1: Corrected taxonRank (SPECIES→FORM); kept scientificName as-is. | change2: Filled coordinateUncertaintyInMeters from decimal-place precision (conservative). | epi_taxo: acceptedName(match1); authorship_epig(match1); genus_from_scientificName; family_WFO; order_majorGroup_WCVP [2026-03-11] | CoordinateCleaner QA applied without sea test (validity, equal, zeros, capitals, centroids, gbif, institutions) [2026-03-29]","","Colección","J.M.M.","C.R.B.B."
"2568","HEM2025_2568","PreservedSpecimen","Coleccion",NA,"UNICACH","FORM","HEM","J.M.M.","121","C.R.B.B.","E","HEM2025",1,"Specklinia endotrachys",15.9172222222222,-93.2505555555556,"2002-10-26","change1: Corrected taxonRank (SPECIES→FORM); kept scientificName as-is. | change2: Filled coordinateUncertaintyInMeters from decimal-place precision (conservative). | epi_taxo: acceptedName(match1); authorship_epig(match1); genus_from_scientificName; family_WFO; order_majorGroup_WCVP [2026-03-11] | CoordinateCleaner QA applied without sea test (validity, equal, zeros, capitals, centroids, gbif, institutions) [2026-03-29]","","Colección","J.M.M.","C.R.B.B."
"2569","HEM2025_2569","PreservedSpecimen","Coleccion",NA,"UNICACH","FORM","HEM","J.M.M.","1890","R.S","E","HEM2025",2,"Specklinia fuegi",15.5105555555556,-92.6780555555556,"2007-10-09","change1: Corrected taxonRank (SPECIES→FORM); kept scientificName as-is. | change2: Filled coordinateUncertaintyInMeters from decimal-place precision (conservative). | epi_taxo: acceptedName(match1); authorship_epig(match1); genus_from_scientificName; family_WFO; order_majorGroup_WCVP [2026-03-11] | CoordinateCleaner QA applied without sea test (validity, equal, zeros, capitals, centroids, gbif, institutions) [2026-03-29]","","Colección","J.M.M.","R.S"
"2570","HEM2025_2570","PreservedSpecimen","Coleccion",NA,"UNICACH","FORM","HEM","M.M.M. | S.H.J. | V.E.G.J.","6044","R.S","E","HEM2025",2,"Specklinia fuegi",15.2342222222222,-92.3172777777778,"2015-06-01","change1: Corrected taxonRank (SPECIES→FORM); kept scientificName as-is. | change2: Filled coordinateUncertaintyInMeters from decimal-place precision (conservative). | epi_taxo: acceptedName(match1); authorship_epig(match1); genus_from_scientificName; family_WFO; order_majorGroup_WCVP [2026-03-11] | CoordinateCleaner QA applied without sea test (validity, equal, zeros, capitals, centroids, gbif, institutions) [2026-03-29]","standardized authors names in recordedBy","Colección","M.M.M. & S.H.J. & V.E.G.J.","R.S"
"2571","HEM2025_2571","PreservedSpecimen","Coleccion",NA,"UNICACH","SPECIES","HEM","F.E.P.C.","210","C.R.B.B.","E","HEM2025",1,"Specklinia picta",15.8275,-93.0441666666667,"1999-05-28","change1: Filled coordinateUncertaintyInMeters from decimal-place precision (conservative). | epi_taxo: acceptedName(match1); authorship_epig(match1); genus_from_scientificName; family_WFO; order_majorGroup_WCVP [2026-03-11] | CoordinateCleaner QA applied without sea test (validity, equal, zeros, capitals, centroids, gbif, institutions) [2026-03-29]","","Colección","F.E.P.C.","C.R.B.B."
"2572","HEM2025_2572","PreservedSpecimen","Coleccion",NA,"UNICACH","SPECIES","HEM","H.R.E.","20-bis","C.R.B.B.","E","HEM2025",1,"Specklinia picta",16.7671388888889,-93.1065,"2005-05-19","change1: Filled coordinateUncertaintyInMeters from decimal-place precision (conservative). | epi_taxo: acceptedName(match1); authorship_epig(match1); genus_from_scientificName; family_WFO; order_majorGroup_WCVP [2026-03-11] | CoordinateCleaner QA applied without sea test (validity, equal, zeros, capitals, centroids, gbif, institutions) [2026-03-29]","","Colección","H.R.E.","C.R.B.B."
"2573","HEM2025_2573","PreservedSpecimen","Coleccion",NA,"UNICACH","SPECIES","HEM","A.C.G.D.","9","C.R.B.B.","E","HEM2025",1,"Specklinia picta",16.8282972222222,-93.4298944444444,"2005-10-27","change1: Filled coordinateUncertaintyInMeters from decimal-place precision (conservative). | epi_taxo: acceptedName(match1); authorship_epig(match1); genus_from_scientificName; family_WFO; order_majorGroup_WCVP [2026-03-11] | CoordinateCleaner QA applied without sea test (validity, equal, zeros, capitals, centroids, gbif, institutions) [2026-03-29]","","Colección","A.C.G.D.","C.R.B.B."
"2574","HEM2025_2574","PreservedSpecimen","Coleccion",NA,"UNICACH","SPECIES","HEM","M.M.M. | M.C.R.M.","3043","N.M.M.","E","HEM2025",1,"Andreettaea segregatifolia",15.1627222222222,-92.1505277777778,"2013-12-02","change1: Filled coordinateUncertaintyInMeters from decimal-place precision (conservative). | epi_taxo: acceptedName(match1); authorship_epig(match1); genus_from_scientificName; family_WFO; order_majorGroup_WCVP [2026-03-11] | CoordinateCleaner QA applied without sea test (validity, equal, zeros, capitals, centroids, gbif, institutions) [2026-03-29]","standardized authors names in recordedBy","Colección","M.M.M. & M.C.R.M.","N.M.M."
"2575","HEM2025_2575","PreservedSpecimen","Coleccion",NA,"UNICACH","SPECIES","HEM","M.M.M. | D.A.J.L. | R.J.R.V.","5621","N.M.M.","E","HEM2025",1,"Andreettaea segregatifolia",15.0997777777778,-92.1679444444444,"2015-03-27","change1: Filled coordinateUncertaintyInMeters from decimal-place precision (conservative). | epi_taxo: acceptedName(match1); authorship_epig(match1); genus_from_scientificName; family_WFO; order_majorGroup_WCVP [2026-03-11] | CoordinateCleaner QA applied without sea test (validity, equal, zeros, capitals, centroids, gbif, institutions) [2026-03-29]","standardized authors names in recordedBy","Colección","M.M.M. & D.A.J.L. & R.J.R.V.","N.M.M."
"2576","HEM2025_2576","PreservedSpecimen","Coleccion",NA,"UNICACH","SPECIES","HEM","J.M.M.","753","R.S","E","HEM2025",1,"Andreettaea segregatifolia",15.8533333333333,-93.2118055555556,"2005-03-03","change1: Filled coordinateUncertaintyInMeters from decimal-place precision (conservative). | epi_taxo: acceptedName(match1); authorship_epig(match1); genus_from_scientificName; family_WFO; order_majorGroup_WCVP [2026-03-11] | CoordinateCleaner QA applied without sea test (validity, equal, zeros, capitals, centroids, gbif, institutions) [2026-03-29]","","Colección","J.M.M.","R.S"
"2577","HEM2025_2577","PreservedSpecimen","Coleccion",NA,"UNICACH","SPECIES","HEM","C.A.P.B.","220","C.A.P.B.","E","HEM2025",1,"Andreettaea segregatifolia",16.2105555555556,-93.605,"2007-03-16","change1: Filled coordinateUncertaintyInMeters from decimal-place precision (conservative). | epi_taxo: acceptedName(match1); authorship_epig(match1); genus_from_scientificName; family_WFO; order_majorGroup_WCVP [2026-03-11] | CoordinateCleaner QA applied without sea test (validity, equal, zeros, capitals, centroids, gbif, institutions) [2026-03-29]","","Colección","C.A.P.B.","C.A.P.B."
"2578","HEM2025_2578","PreservedSpecimen","Coleccion",NA,"UNICACH","SPECIES","HEM","J.M.M.","1484","C.R.B.B.","E","HEM2025",1,"Specklinia tribuloides",15.7106944444444,-92.9684166666667,"2006-06-15","change1: Filled coordinateUncertaintyInMeters from decimal-place precision (conservative). | epi_taxo: acceptedName(match1); authorship_epig(match1); genus_from_scientificName; family_WFO; order_majorGroup_WCVP [2026-03-11] | CoordinateCleaner QA applied without sea test (validity, equal, zeros, capitals, centroids, gbif, institutions) [2026-03-29]","","Colección","J.M.M.","C.R.B.B."
"2579","HEM2025_2579","PreservedSpecimen","Coleccion",NA,"UNICACH","SPECIES","HEM","A.R.G. | C.C.H. | E.M.L.","5030","R.S","E","HEM2025",1,"Specklinia tribuloides",16.3477777777778,-93.9208333333333,"2002-06-06","change1: Filled coordinateUncertaintyInMeters from decimal-place precision (conservative). | epi_taxo: acceptedName(match1); authorship_epig(match1); genus_from_scientificName; family_WFO; order_majorGroup_WCVP [2026-03-11] | CoordinateCleaner QA applied without sea test (validity, equal, zeros, capitals, centroids, gbif, institutions) [2026-03-29]","standardized authors names in recordedBy","Colección","A.R.G. & C.C.H. & E.M.L.","R.S"
"2580","HEM2025_2580","PreservedSpecimen","Coleccion",NA,"UNICACH","SPECIES","HEM","N.M.M.","1648","N.M.M.","E","HEM2025",1,"Stanhopea dodsoniana",16.9243055555556,-93.4726666666667,"2006-06-05","change1: Filled coordinateUncertaintyInMeters from decimal-place precision (conservative). | epi_taxo: acceptedName(match1); authorship_epig(match1); genus_from_scientificName; family_WFO; order_majorGroup_WCVP [2026-03-11] | CoordinateCleaner QA applied without sea test (validity, equal, zeros, capitals, centroids, gbif, institutions) [2026-03-29]","","Colección","N.M.M.","N.M.M."
"2581","HEM2025_2581","PreservedSpecimen","Coleccion",NA,"UNICACH","SPECIES","HEM","C.A.P.B.","202","C.R.B.B.","E","HEM2025",1,"Stanhopea graveolens",15.7540305555556,-92.9674833333333,"","change1: Filled coordinateUncertaintyInMeters from decimal-place precision (conservative). | epi_taxo: acceptedName(match1); authorship_epig(match1); genus_from_scientificName; family_WFO; order_majorGroup_WCVP [2026-03-11] | CoordinateCleaner QA applied without sea test (validity, equal, zeros, capitals, centroids, gbif, institutions) [2026-03-29]","","Colección","C.A.P.B.","C.R.B.B."
"2582","HEM2025_2582","PreservedSpecimen","Coleccion",NA,"UNICACH","SPECIES","HEM","H.G.D.","2137","H.G.D.","E","HEM2025",1,"Stanhopea graveolens",16.5494166666667,-91.8734166666667,"2009-02-23","change1: Filled coordinateUncertaintyInMeters from decimal-place precision (conservative). | epi_taxo: acceptedName(match1); authorship_epig(match1); genus_from_scientificName; family_WFO; order_majorGroup_WCVP [2026-03-11] | CoordinateCleaner QA applied without sea test (validity, equal, zeros, capitals, centroids, gbif, institutions) [2026-03-29]","","Colección","H.G.D.","H.G.D."
"2583","HEM2025_2583","PreservedSpecimen","Coleccion",NA,"UNICACH","SPECIES","HEM","A.L.C.","871","N.M.M.","E","HEM2025",1,"Stanhopea graveolens",17.0314722222222,-93.1406111111111,"2009-09-21","change1: Filled coordinateUncertaintyInMeters from decimal-place precision (conservative). | epi_taxo: acceptedName(match1); authorship_epig(match1); genus_from_scientificName; family_WFO; order_majorGroup_WCVP [2026-03-11] | CoordinateCleaner QA applied without sea test (validity, equal, zeros, capitals, centroids, gbif, institutions) [2026-03-29]","","Colección","A.L.C.","N.M.M."
"2584","HEM2025_2584","PreservedSpecimen","Coleccion",NA,"UNICACH","SPECIES","HEM","H.R.E.","32","H.R.E.","E","HEM2025",1,"Stanhopea saccata",16.7671388888889,-93.1065,"2005-05-19","change1: Filled coordinateUncertaintyInMeters from decimal-place precision (conservative). | epi_taxo: acceptedName(match1); authorship_epig(match1); genus_from_scientificName; family_WFO; order_majorGroup_WCVP [2026-03-11] | CoordinateCleaner QA applied without sea test (validity, equal, zeros, capitals, centroids, gbif, institutions) [2026-03-29]","","Colección","H.R.E.","H.R.E."
"2585","HEM2025_2585","PreservedSpecimen","Coleccion",NA,"UNICACH","SPECIES","HEM","J.M.M.","1475","J.M.M.","E","HEM2025",1,"Stanhopea saccata",15.7685,-92.9600277777778,"2006-07-24","change1: Filled coordinateUncertaintyInMeters from decimal-place precision (conservative). | epi_taxo: acceptedName(match1); authorship_epig(match1); genus_from_scientificName; family_WFO; order_majorGroup_WCVP [2026-03-11] | CoordinateCleaner QA applied without sea test (validity, equal, zeros, capitals, centroids, gbif, institutions) [2026-03-29]","","Colección","J.M.M.","J.M.M."
"2586","HEM2025_2586","PreservedSpecimen","Coleccion",NA,"UNICACH","SPECIES","HEM","N.M.M.","2162","N.M.M.","E","HEM2025",1,"Stanhopea saccata",16.7866111111111,-94.0265833333333,"2007-11-14","change1: Filled coordinateUncertaintyInMeters from decimal-place precision (conservative). | epi_taxo: acceptedName(match1); authorship_epig(match1); genus_from_scientificName; family_WFO; order_majorGroup_WCVP [2026-03-11] | CoordinateCleaner QA applied without sea test (validity, equal, zeros, capitals, centroids, gbif, institutions) [2026-03-29]","","Colección","N.M.M.","N.M.M."
"2587","HEM2025_2587","PreservedSpecimen","Coleccion",NA,"UNICACH","SPECIES","HEM","E.M.L.","255","O.F.S.","E","HEM2025",1,"Stanhopea saccata",16.0130555555556,-93.4713888888889,"2002-08-22","change1: Filled coordinateUncertaintyInMeters from decimal-place precision (conservative). | epi_taxo: acceptedName(match1); authorship_epig(match1); genus_from_scientificName; family_WFO; order_majorGroup_WCVP [2026-03-11] | CoordinateCleaner QA applied without sea test (validity, equal, zeros, capitals, centroids, gbif, institutions) [2026-03-29]","","Colección","E.M.L.","O.F.S."
"2588","HEM2025_2588","PreservedSpecimen","Coleccion",NA,"UNICACH","SPECIES","HEM","Najarro, F.H. | M N.M.G. | U.G.M.","924","O.F.S.","E","HEM2025",1,"Stanhopea saccata",16.0011111111111,-93.4072222222222,"2002-06-29","change1: Filled coordinateUncertaintyInMeters from decimal-place precision (conservative). | epi_taxo: acceptedName(match1); authorship_epig(match1); genus_from_scientificName; family_WFO; order_majorGroup_WCVP [2026-03-11] | CoordinateCleaner QA applied without sea test (validity, equal, zeros, capitals, centroids, gbif, institutions) [2026-03-29]","standardized authors names in recordedBy","Colección","F.H. Najarro & M N.M.G. & U.G.M.","O.F.S."
"2589","HEM2025_2589","PreservedSpecimen","Coleccion",NA,"UNICACH","GENUS","HEM","V.M.","27","Carnevali, G.","E","HEM2025",NA,"",15.5708333333333,-92.5347222222222,"1998-10-11","change1: Genus placeholder (sp./spp.): moved to 'genus', set taxonRank=GENUS, cleared scientificName; kept original in verbatim. | change2: Filled coordinateUncertaintyInMeters from decimal-place precision (conservative). | epi_taxo: acceptedName(match1); authorship_epig(match1); genus_from_scientificName; family_WFO; order_majorGroup_WCVP [2026-03-11] | CoordinateCleaner QA applied without sea test (validity, equal, zeros, capitals, centroids, gbif, institutions) [2026-03-29]","standardized authors names in identifiedBy","Colección","V.M.","G. Carnevali"
"2590","HEM2025_2590","PreservedSpecimen","Coleccion",NA,"UNICACH","GENUS","HEM","V.M.","27","Carnevali, G.","E","HEM2025",NA,"",15.5708333333333,-92.5347222222222,"1998-10-11","change1: Genus placeholder (sp./spp.): moved to 'genus', set taxonRank=GENUS, cleared scientificName; kept original in verbatim. | change2: Filled coordinateUncertaintyInMeters from decimal-place precision (conservative). | epi_taxo: acceptedName(match1); authorship_epig(match1); genus_from_scientificName; family_WFO; order_majorGroup_WCVP [2026-03-11] | CoordinateCleaner QA applied without sea test (validity, equal, zeros, capitals, centroids, gbif, institutions) [2026-03-29]","standardized authors names in identifiedBy","Colección","V.M.","G. Carnevali"
"2591","HEM2025_2591","PreservedSpecimen","Coleccion",NA,"UNICACH","GENUS","HEM","M.M.M. | A.L.C.","4946","C.R.B.B.","E","HEM2025",NA,"",15.1059166666667,-92.1953333333333,"2014-08-17","change1: Genus placeholder (sp./spp.): moved to 'genus', set taxonRank=GENUS, cleared scientificName; kept original in verbatim. | change2: Filled coordinateUncertaintyInMeters from decimal-place precision (conservative). | epi_taxo: acceptedName(match1); authorship_epig(match1); genus_from_scientificName; family_WFO; order_majorGroup_WCVP [2026-03-11] | CoordinateCleaner QA applied without sea test (validity, equal, zeros, capitals, centroids, gbif, institutions) [2026-03-29]","standardized authors names in recordedBy","Colección","M.M.M. & A.L.C.","C.R.B.B."
"2592","HEM2025_2592","PreservedSpecimen","Coleccion",NA,"UNICACH","SPECIES","HEM","C.A.P.B.","41","R.S","E","HEM2025",1,"Stelis aeolica",16.1963888888889,-93.6077777777778,"2005-07-03","change1: Filled coordinateUncertaintyInMeters from decimal-place precision (conservative). | epi_taxo: acceptedName(match1); authorship_epig(match1); genus_from_scientificName; family_WFO; order_majorGroup_WCVP [2026-03-11] | CoordinateCleaner QA applied without sea test (validity, equal, zeros, capitals, centroids, gbif, institutions) [2026-03-29]","","Colección","C.A.P.B.","R.S"
"2593","HEM2025_2593","PreservedSpecimen","Coleccion",NA,"UNICACH","SPECIES","HEM","J.M.M.","25","J.M.M.","E","HEM2025",1,"Stelis parvula",15.9527777777778,-93.2861111111111,"2002-03-08","change1: Filled coordinateUncertaintyInMeters from decimal-place precision (conservative). | epi_taxo: acceptedName(match1); authorship_epig(match1); genus_from_scientificName; family_WFO; order_majorGroup_WCVP [2026-03-11] | CoordinateCleaner QA applied without sea test (validity, equal, zeros, capitals, centroids, gbif, institutions) [2026-03-29]","","Colección","J.M.M.","J.M.M."
"2594","HEM2025_2594","PreservedSpecimen","Coleccion",NA,"UNICACH","SPECIES","HEM","N.M.M.","157-bis","N.M.M.","E","HEM2025",1,"Stelis parvula",16.7866111111111,-94.0265833333333,"2007-09-15","change1: Filled coordinateUncertaintyInMeters from decimal-place precision (conservative). | epi_taxo: acceptedName(match1); authorship_epig(match1); genus_from_scientificName; family_WFO; order_majorGroup_WCVP [2026-03-11] | CoordinateCleaner QA applied without sea test (validity, equal, zeros, capitals, centroids, gbif, institutions) [2026-03-29]","","Colección","N.M.M.","N.M.M."
"2595","HEM2025_2595","PreservedSpecimen","Coleccion",NA,"UNICACH","SPECIES","HEM","J.M.M.","37-bis","J.M.M.","E","HEM2025",1,"Stelis parvula",15.9691666666667,-93.4694444444444,"2002-04-28","change1: Filled coordinateUncertaintyInMeters from decimal-place precision (conservative). | epi_taxo: acceptedName(match1); authorship_epig(match1); genus_from_scientificName; family_WFO; order_majorGroup_WCVP [2026-03-11] | CoordinateCleaner QA applied without sea test (validity, equal, zeros, capitals, centroids, gbif, institutions) [2026-03-29]","","Colección","J.M.M.","J.M.M."
"2596","HEM2025_2596","PreservedSpecimen","Coleccion",NA,"UNICACH","SPECIES","HEM","Camilo, R.M. | M.I.L.R. | N.A.F.R.","2190","Camilo, R.M.","E","HEM2025",1,"Stelis parvula",15.1024166666667,-92.1347222222222,"2014-07-04","change1: Filled coordinateUncertaintyInMeters from decimal-place precision (conservative). | epi_taxo: acceptedName(match1); authorship_epig(match1); genus_from_scientificName; family_WFO; order_majorGroup_WCVP [2026-03-11] | CoordinateCleaner QA applied without sea test (validity, equal, zeros, capitals, centroids, gbif, institutions) [2026-03-29]","standardized authors names in recordedBy / standardized authors names in identifiedBy","Colección","R.M. Camilo & M.I.L.R. & N.A.F.R.","R.M. Camilo"
"2597","HEM2025_2597","PreservedSpecimen","Coleccion",NA,"UNICACH","SPECIES","HEM","N.M.M.","89","R.S","E","HEM2025",1,"Stelis chihobensis",15.7727777777778,-93.09,"2001-07-17","change1: Filled coordinateUncertaintyInMeters from decimal-place precision (conservative). | epi_taxo: acceptedName(match1); authorship_epig(match1); genus_from_scientificName; family_WFO; order_majorGroup_WCVP [2026-03-11] | CoordinateCleaner QA applied without sea test (validity, equal, zeros, capitals, centroids, gbif, institutions) [2026-03-29]","","Colección","N.M.M.","R.S"
"2598","HEM2025_2598","PreservedSpecimen","Coleccion",NA,"UNICACH","SPECIES","HEM","N.M.M.","540","N.M.M.","E","HEM2025",1,"Stelis cobanensis",15.6608333333333,-92.8275,"2004-11-11","change1: Filled coordinateUncertaintyInMeters from decimal-place precision (conservative). | epi_taxo: acceptedName(match1); authorship_epig(match1); genus_from_scientificName; family_WFO; order_majorGroup_WCVP [2026-03-11] | CoordinateCleaner QA applied without sea test (validity, equal, zeros, capitals, centroids, gbif, institutions) [2026-03-29]","","Colección","N.M.M.","N.M.M."
"2599","HEM2025_2599","PreservedSpecimen","Coleccion",NA,"UNICACH","SPECIES","HEM","F.E.P.C.","120","R.S","E","HEM2025",1,"Stelis cobanensis",15.8244444444444,-93.0630555555556,"1999-02-11","change1: Filled coordinateUncertaintyInMeters from decimal-place precision (conservative). | epi_taxo: acceptedName(match1); authorship_epig(match1); genus_from_scientificName; family_WFO; order_majorGroup_WCVP [2026-03-11] | CoordinateCleaner QA applied without sea test (validity, equal, zeros, capitals, centroids, gbif, institutions) [2026-03-29]","","Colección","F.E.P.C.","R.S"
"2600","HEM2025_2600","PreservedSpecimen","Coleccion",NA,"UNICACH","SPECIES","HEM","J.M.M.","682","N.M.M.","E","HEM2025",1,"Stelis cobanensis",15.8213333333333,-93.0480277777778,"2004-12-16","change1: Filled coordinateUncertaintyInMeters from decimal-place precision (conservative). | epi_taxo: acceptedName(match1); authorship_epig(match1); genus_from_scientificName; family_WFO; order_majorGroup_WCVP [2026-03-11] | CoordinateCleaner QA applied without sea test (validity, equal, zeros, capitals, centroids, gbif, institutions) [2026-03-29]","","Colección","J.M.M.","N.M.M."
"2601","HEM2025_2601","PreservedSpecimen","Coleccion",NA,"UNICACH","SPECIES","HEM","H.G.D.","1506-BIS","R.S","E","HEM2025",1,"Stelis cobanensis",15.7230555555556,-93.0013888888889,"2006-10-13","change1: Filled coordinateUncertaintyInMeters from decimal-place precision (conservative). | epi_taxo: acceptedName(match1); authorship_epig(match1); genus_from_scientificName; family_WFO; order_majorGroup_WCVP [2026-03-11] | CoordinateCleaner QA applied without sea test (validity, equal, zeros, capitals, centroids, gbif, institutions) [2026-03-29]","","Colección","H.G.D.","R.S"
"2602","HEM2025_2602","PreservedSpecimen","Coleccion",NA,"UNICACH","SPECIES","HEM","N.M.M.","1808","N.M.M.","E","HEM2025",1,"Stelis cobanensis",15.7230555555556,-93.0013888888889,"2006-10-13","change1: Filled coordinateUncertaintyInMeters from decimal-place precision (conservative). | epi_taxo: acceptedName(match1); authorship_epig(match1); genus_from_scientificName; family_WFO; order_majorGroup_WCVP [2026-03-11] | CoordinateCleaner QA applied without sea test (validity, equal, zeros, capitals, centroids, gbif, institutions) [2026-03-29]","","Colección","N.M.M.","N.M.M."
"2603","HEM2025_2603","PreservedSpecimen","Coleccion",NA,"UNICACH","SPECIES","HEM","M.M.M. | M.D.E.M.","1533","N.M.M.","E","HEM2025",1,"Stelis cobanensis",15.0990833333333,-92.0988333333333,"2013-05-02","change1: Filled coordinateUncertaintyInMeters from decimal-place precision (conservative). | epi_taxo: acceptedName(match1); authorship_epig(match1); genus_from_scientificName; family_WFO; order_majorGroup_WCVP [2026-03-11] | CoordinateCleaner QA applied without sea test (validity, equal, zeros, capitals, centroids, gbif, institutions) [2026-03-29]","standardized authors names in recordedBy","Colección","M.M.M. & M.D.E.M.","N.M.M."
"2604","HEM2025_2604","PreservedSpecimen","Coleccion",NA,"UNICACH","SPECIES","HEM","J.A.E.J.","833","R.S","E","HEM2025",1,"Stelis emarginata",16.9297694444444,-93.0053138888889,"2009-05-21","change1: Filled coordinateUncertaintyInMeters from decimal-place precision (conservative). | epi_taxo: acceptedName(match1); authorship_epig(match1); genus_from_scientificName; family_WFO; order_majorGroup_WCVP [2026-03-11] | CoordinateCleaner QA applied without sea test (validity, equal, zeros, capitals, centroids, gbif, institutions) [2026-03-29]","","Colección","J.A.E.J.","R.S"
"2605","HEM2025_2605","PreservedSpecimen","Coleccion",NA,"UNICACH","SPECIES","HEM","N.M.M.","2687","N.M.M.","E","HEM2025",1,"Stelis emarginata",16.9651555555556,-93.2305583333333,"2009-06-01","change1: Filled coordinateUncertaintyInMeters from decimal-place precision (conservative). | epi_taxo: acceptedName(match1); authorship_epig(match1); genus_from_scientificName; family_WFO; order_majorGroup_WCVP [2026-03-11] | CoordinateCleaner QA applied without sea test (validity, equal, zeros, capitals, centroids, gbif, institutions) [2026-03-29]","","Colección","N.M.M.","N.M.M."
"2606","HEM2025_2606","PreservedSpecimen","Coleccion",NA,"UNICACH","SPECIES","HEM","M.M.M. | M.D.E.M.","1561","Camilo, R.M.","E","HEM2025",1,"Stelis emarginata",15.0990833333333,-92.0988333333333,"2013-05-02","change1: Filled coordinateUncertaintyInMeters from decimal-place precision (conservative). | epi_taxo: acceptedName(match1); authorship_epig(match1); genus_from_scientificName; family_WFO; order_majorGroup_WCVP [2026-03-11] | CoordinateCleaner QA applied without sea test (validity, equal, zeros, capitals, centroids, gbif, institutions) [2026-03-29]","standardized authors names in recordedBy / standardized authors names in identifiedBy","Colección","M.M.M. & M.D.E.M.","R.M. Camilo"
"2607","HEM2025_2607","PreservedSpecimen","Coleccion",NA,"UNICACH","SPECIES","HEM","G.U. | E.M.S. | A.M.G.","47","C.R.B.B.","E","HEM2025",3,"Stelis emarginata",16.7944444444444,-93.1008333333333,"1987-02-18","change1: Filled coordinateUncertaintyInMeters from decimal-place precision (conservative). | epi_taxo: acceptedName(match1); authorship_epig(match1); genus_from_scientificName; family_WFO; order_majorGroup_WCVP [2026-03-11] | CoordinateCleaner QA applied without sea test (validity, equal, zeros, capitals, centroids, gbif, institutions) [2026-03-29]","standardized authors names in recordedBy","Colección","G.U. & E.M.S. & A.M.G.","C.R.B.B."
"2608","HEM2025_2608","PreservedSpecimen","Coleccion",NA,"UNICACH","SPECIES","HEM","G.U. | E.M.S. | A.M.G.","47","C.R.B.B.","E","HEM2025",3,"Stelis emarginata",16.7944444444444,-93.1008333333333,"1987-02-18","change1: Filled coordinateUncertaintyInMeters from decimal-place precision (conservative). | epi_taxo: acceptedName(match1); authorship_epig(match1); genus_from_scientificName; family_WFO; order_majorGroup_WCVP [2026-03-11] | CoordinateCleaner QA applied without sea test (validity, equal, zeros, capitals, centroids, gbif, institutions) [2026-03-29]","standardized authors names in recordedBy","Colección","G.U. & E.M.S. & A.M.G.","C.R.B.B."
"2609","HEM2025_2609","PreservedSpecimen","Coleccion",NA,"UNICACH","SPECIES","HEM","J.A.E.J.","620","R.S","E","HEM2025",1,"Stelis greenwoodii",16.8759444444444,-93.03275,"2008-02-07","change1: Filled coordinateUncertaintyInMeters from decimal-place precision (conservative). | epi_taxo: acceptedName(match1); authorship_epig(match1); genus_from_scientificName; family_WFO; order_majorGroup_WCVP [2026-03-11] | CoordinateCleaner QA applied without sea test (validity, equal, zeros, capitals, centroids, gbif, institutions) [2026-03-29]","","Colección","J.A.E.J.","R.S"
"2610","HEM2025_2610","PreservedSpecimen","Coleccion",NA,"UNICACH","SPECIES","HEM","R.P.M.","18","M.A.S.A.","E","HEM2025",1,"Stelis greenwoodii",16.7291666666667,-93.1494444444445,"2002-05-12","change1: Filled coordinateUncertaintyInMeters from decimal-place precision (conservative). | epi_taxo: acceptedName(match1); authorship_epig(match1); genus_from_scientificName; family_WFO; order_majorGroup_WCVP [2026-03-11] | CoordinateCleaner QA applied without sea test (validity, equal, zeros, capitals, centroids, gbif, institutions) [2026-03-29]","","Colección","R.P.M.","M.A.S.A."
"2611","HEM2025_2611","PreservedSpecimen","Coleccion",NA,"UNICACH","SPECIES","HEM","R.P.M.","18","M.A.S.A.","E","HEM2025",1,"Stelis greenwoodii",16.7291666666667,-93.1494444444445,"2002-05-12","change1: Filled coordinateUncertaintyInMeters from decimal-place precision (conservative). | epi_taxo: acceptedName(match1); authorship_epig(match1); genus_from_scientificName; family_WFO; order_majorGroup_WCVP [2026-03-11] | CoordinateCleaner QA applied without sea test (validity, equal, zeros, capitals, centroids, gbif, institutions) [2026-03-29]","","Colección","R.P.M.","M.A.S.A."
"2612","HEM2025_2612","PreservedSpecimen","Coleccion",NA,"UNICACH","SPECIES","HEM","F.E.P.C.","197","R.S","E","HEM2025",1,"Stelis hymenantha",15.8275,-93.0441666666667,"1999-05-27","change1: Filled coordinateUncertaintyInMeters from decimal-place precision (conservative). | epi_taxo: acceptedName(match1); authorship_epig(match1); genus_from_scientificName; family_WFO; order_majorGroup_WCVP [2026-03-11] | CoordinateCleaner QA applied without sea test (validity, equal, zeros, capitals, centroids, gbif, institutions) [2026-03-29]","","Colección","F.E.P.C.","R.S"
"2613","HEM2025_2613","PreservedSpecimen","Coleccion",NA,"UNICACH","SPECIES","HEM","E.M.S. | A.M.G. | G.U.","20005","G.A.S.","E","HEM2025",1,"Stelis hymenantha",15.4027777777778,-92.2469444444445,"1987-02-11","change1: Filled coordinateUncertaintyInMeters from decimal-place precision (conservative). | epi_taxo: acceptedName(match1); authorship_epig(match1); genus_from_scientificName; family_WFO; order_majorGroup_WCVP [2026-03-11] | CoordinateCleaner QA applied without sea test (validity, equal, zeros, capitals, centroids, gbif, institutions) [2026-03-29]","standardized authors names in recordedBy","Colección","E.M.S. & A.M.G. & G.U.","G.A.S."
"2614","HEM2025_2614","PreservedSpecimen","Coleccion",NA,"UNICACH","SPECIES","HEM","M.M.M. | M.A.D.V.","987","C.R.B.B.","E","HEM2025",1,"Stelis hymenantha",15.2396666666667,-92.2612222222222,"2013-03-05","change1: Filled coordinateUncertaintyInMeters from decimal-place precision (conservative). | epi_taxo: acceptedName(match1); authorship_epig(match1); genus_from_scientificName; family_WFO; order_majorGroup_WCVP [2026-03-11] | CoordinateCleaner QA applied without sea test (validity, equal, zeros, capitals, centroids, gbif, institutions) [2026-03-29]","standardized authors names in recordedBy","Colección","M.M.M. & M.A.D.V.","C.R.B.B."
"2615","HEM2025_2615","PreservedSpecimen","Coleccion",NA,"UNICACH","SPECIES","HEM","M.M.M. | M.A.D.V.","988","N.M.M.","E","HEM2025",1,"Stelis hymenantha",15.2396666666667,-92.2612222222222,"2013-03-05","change1: Filled coordinateUncertaintyInMeters from decimal-place precision (conservative). | epi_taxo: acceptedName(match1); authorship_epig(match1); genus_from_scientificName; family_WFO; order_majorGroup_WCVP [2026-03-11] | CoordinateCleaner QA applied without sea test (validity, equal, zeros, capitals, centroids, gbif, institutions) [2026-03-29]","standardized authors names in recordedBy","Colección","M.M.M. & M.A.D.V.","N.M.M."
"2616","HEM2025_2616","PreservedSpecimen","Coleccion",NA,"UNICACH","SPECIES","HEM","M.M.M. | M.D.E.M.","1466","N.M.M.","E","HEM2025",1,"Stelis hymenantha",15.0858333333333,-92.0996111111111,"2013-04-30","change1: Filled coordinateUncertaintyInMeters from decimal-place precision (conservative). | epi_taxo: acceptedName(match1); authorship_epig(match1); genus_from_scientificName; family_WFO; order_majorGroup_WCVP [2026-03-11] | CoordinateCleaner QA applied without sea test (validity, equal, zeros, capitals, centroids, gbif, institutions) [2026-03-29]","standardized authors names in recordedBy","Colección","M.M.M. & M.D.E.M.","N.M.M."
"2617","HEM2025_2617","PreservedSpecimen","Coleccion",NA,"UNICACH","SPECIES","HEM","M.M.M. | M.D.E.M.","1527","N.M.M.","E","HEM2025",1,"Stelis hymenantha",15.0990833333333,-92.0988333333333,"2013-05-02","change1: Filled coordinateUncertaintyInMeters from decimal-place precision (conservative). | epi_taxo: acceptedName(match1); authorship_epig(match1); genus_from_scientificName; family_WFO; order_majorGroup_WCVP [2026-03-11] | CoordinateCleaner QA applied without sea test (validity, equal, zeros, capitals, centroids, gbif, institutions) [2026-03-29]","standardized authors names in recordedBy","Colección","M.M.M. & M.D.E.M.","N.M.M."
"2618","HEM2025_2618","PreservedSpecimen","Coleccion",NA,"UNICACH","SPECIES","HEM","M.M.M. | M.A.D.V.","1981","N.M.M.","E","HEM2025",1,"Stelis hymenantha",15.1056666666667,-92.1073611111111,"2013-05-31","change1: Filled coordinateUncertaintyInMeters from decimal-place precision (conservative). | epi_taxo: acceptedName(match1); authorship_epig(match1); genus_from_scientificName; family_WFO; order_majorGroup_WCVP [2026-03-11] | CoordinateCleaner QA applied without sea test (validity, equal, zeros, capitals, centroids, gbif, institutions) [2026-03-29]","standardized authors names in recordedBy","Colección","M.M.M. & M.A.D.V.","N.M.M."
"2619","HEM2025_2619","PreservedSpecimen","Coleccion",NA,"UNICACH","FORM","HEM","Perez-Farrera, M.A.","2656","G.A.S.","E","HEM2025",1,"Stelis immersa",15.7011111111111,-92.9816666666667,"2002-04-12","change1: Corrected taxonRank (SPECIES→FORM); kept scientificName as-is. | change2: Filled coordinateUncertaintyInMeters from decimal-place precision (conservative). | epi_taxo: acceptedName(match1); authorship_epig(match1); genus_from_scientificName; family_WFO; order_majorGroup_WCVP [2026-03-11] | CoordinateCleaner QA applied without sea test (validity, equal, zeros, capitals, centroids, gbif, institutions) [2026-03-29]","standardized authors names in recordedBy","Colección","M.A. Pérez-Farrera","G.A.S."
"2620","HEM2025_2620","PreservedSpecimen","Coleccion",NA,"UNICACH","SPECIES","HEM","M.M.M. | S.H.J. | V.E.G.J.","5894","N.M.M.","E","HEM2025",1,"Stelis poasensis",15.2310833333333,-92.3098888888889,"2015-05-29","change1: Filled coordinateUncertaintyInMeters from decimal-place precision (conservative). | epi_taxo: acceptedName(match1); authorship_epig(match1); genus_from_scientificName; family_WFO; order_majorGroup_WCVP [2026-03-11] | CoordinateCleaner QA applied without sea test (validity, equal, zeros, capitals, centroids, gbif, institutions) [2026-03-29]","standardized authors names in recordedBy","Colección","M.M.M. & S.H.J. & V.E.G.J.","N.M.M."
"2621","HEM2025_2621","PreservedSpecimen","Coleccion",NA,"UNICACH","SPECIES","HEM","M.M.M. | S.H.J. | V.E.G.J.","5946","N.M.M.","E","HEM2025",1,"Stelis poasensis",15.2297777777778,-92.317,"2015-05-30","change1: Filled coordinateUncertaintyInMeters from decimal-place precision (conservative). | epi_taxo: acceptedName(match1); authorship_epig(match1); genus_from_scientificName; family_WFO; order_majorGroup_WCVP [2026-03-11] | CoordinateCleaner QA applied without sea test (validity, equal, zeros, capitals, centroids, gbif, institutions) [2026-03-29]","standardized authors names in recordedBy","Colección","M.M.M. & S.H.J. & V.E.G.J.","N.M.M."
"2622","HEM2025_2622","PreservedSpecimen","Coleccion",NA,"UNICACH","SPECIES","HEM","O.N.","4309","ND","E","HEM2025",1,"Stelis megachlamys",15.2941666666667,-92.2775,"1937-11-04","change1: Filled coordinateUncertaintyInMeters from decimal-place precision (conservative). | epi_taxo: acceptedName(match1); authorship_epig(match1); genus_from_scientificName; family_WFO; order_majorGroup_WCVP [2026-03-11] | CoordinateCleaner QA applied without sea test (validity, equal, zeros, capitals, centroids, gbif, institutions) [2026-03-29]","","Colección","O.N.","ND"
"2623","HEM2025_2623","PreservedSpecimen","Coleccion",NA,"UNICACH","SPECIES","HEM","M.D.R.S.","134","C.R.B.B.","E","HEM2025",1,"Stelis megachlamys",15.5991388888889,-92.6927777777778,"2005-06-13","change1: Filled coordinateUncertaintyInMeters from decimal-place precision (conservative). | epi_taxo: acceptedName(match1); authorship_epig(match1); genus_from_scientificName; family_WFO; order_majorGroup_WCVP [2026-03-11] | CoordinateCleaner QA applied without sea test (validity, equal, zeros, capitals, centroids, gbif, institutions) [2026-03-29]","","Colección","M.D.R.S.","C.R.B.B."
"2624","HEM2025_2624","PreservedSpecimen","Coleccion",NA,"UNICACH","SPECIES","HEM","N.M.M.","119","C.R.B.B.","E","HEM2025",1,"Stelis megachlamys",15.7,-92.9805555555556,"2001-12-21","change1: Filled coordinateUncertaintyInMeters from decimal-place precision (conservative). | epi_taxo: acceptedName(match1); authorship_epig(match1); genus_from_scientificName; family_WFO; order_majorGroup_WCVP [2026-03-11] | CoordinateCleaner QA applied without sea test (validity, equal, zeros, capitals, centroids, gbif, institutions) [2026-03-29]","","Colección","N.M.M.","C.R.B.B."
"2625","HEM2025_2625","PreservedSpecimen","Coleccion",NA,"UNICACH","SPECIES","HEM","E.M.L.","397","R.S","E","HEM2025",1,"Pleurothallis quadrifida",15.9194444444444,-93.3627777777778,"2002-01-31","change1: Filled coordinateUncertaintyInMeters from decimal-place precision (conservative). | epi_taxo: acceptedName(match1); authorship_epig(match1); genus_from_scientificName; family_WFO; order_majorGroup_WCVP [2026-03-11] | CoordinateCleaner QA applied without sea test (validity, equal, zeros, capitals, centroids, gbif, institutions) [2026-03-29]","","Colección","E.M.L.","R.S"
"2626","HEM2025_2626","PreservedSpecimen","Coleccion",NA,"UNICACH","SPECIES","HEM","A.O.","7","R.S","E","HEM2025",1,"Pleurothallis quadrifida",16.5597222222222,-92.4688888888889,"2006-02-25","change1: Filled coordinateUncertaintyInMeters from decimal-place precision (conservative). | epi_taxo: acceptedName(match1); authorship_epig(match1); genus_from_scientificName; family_WFO; order_majorGroup_WCVP [2026-03-11] | CoordinateCleaner QA applied without sea test (validity, equal, zeros, capitals, centroids, gbif, institutions) [2026-03-29]","","Colección","A.O.","R.S"
"2627","HEM2025_2627","PreservedSpecimen","Coleccion",NA,"UNICACH","SPECIES","HEM","A.L.C.","190","R.S","E","HEM2025",1,"Pleurothallis quadrifida",15.3744444444444,-92.6611111111111,"2006-01-07","change1: Filled coordinateUncertaintyInMeters from decimal-place precision (conservative). | epi_taxo: acceptedName(match1); authorship_epig(match1); genus_from_scientificName; family_WFO; order_majorGroup_WCVP [2026-03-11] | CoordinateCleaner QA applied without sea test (validity, equal, zeros, capitals, centroids, gbif, institutions) [2026-03-29]","","Colección","A.L.C.","R.S"
"2628","HEM2025_2628","PreservedSpecimen","Coleccion",NA,"UNICACH","FORM","HEM","M.E.L.M.","595","E.L.","E","HEM2025",1,"Stelis ornata",15.855,-93.1397222222222,"2000-03-20","change1: Corrected taxonRank (SPECIES→FORM); kept scientificName as-is. | change2: Filled coordinateUncertaintyInMeters from decimal-place precision (conservative). | epi_taxo: acceptedName(match1); authorship_epig(match1); genus_from_scientificName; family_WFO; order_majorGroup_WCVP [2026-03-11] | CoordinateCleaner QA applied without sea test (validity, equal, zeros, capitals, centroids, gbif, institutions) [2026-03-29]","","Colección","M.E.L.M.","E.L."
"2629","HEM2025_2629","PreservedSpecimen","Coleccion",NA,"UNICACH","SPECIES","HEM","M.A.S.A. | I.A. | R.J.M.","3487","ND","E","HEM2025",1,"Stelis ovatilabia",15.0775,-92.0941666666667,"1987-07-16","change1: Filled coordinateUncertaintyInMeters from decimal-place precision (conservative). | epi_taxo: acceptedName(match1); authorship_epig(match1); genus_from_scientificName; family_WFO; order_majorGroup_WCVP [2026-03-11] | CoordinateCleaner QA applied without sea test (validity, equal, zeros, capitals, centroids, gbif, institutions) [2026-03-29]","standardized authors names in recordedBy","Colección","M.A.S.A. & I.A. & R.J.M.","ND"
"2630","HEM2025_2630","PreservedSpecimen","Coleccion",NA,"UNICACH","SPECIES","HEM","M.A.S.A. | I.A. | R.J.M.","349","ND","E","HEM2025",1,"Stelis ovatilabia",15.0775,-92.0941666666667,"1987-07-16","change1: Filled coordinateUncertaintyInMeters from decimal-place precision (conservative). | epi_taxo: acceptedName(match1); authorship_epig(match1); genus_from_scientificName; family_WFO; order_majorGroup_WCVP [2026-03-11] | CoordinateCleaner QA applied without sea test (validity, equal, zeros, capitals, centroids, gbif, institutions) [2026-03-29]","standardized authors names in recordedBy","Colección","M.A.S.A. & I.A. & R.J.M.","ND"
"2631","HEM2025_2631","PreservedSpecimen","Coleccion",NA,"UNICACH","SPECIES","HEM","G.L.V.","29","G.L.V.","E","HEM2025",1,"Stelis ovatilabia",15.0863888888889,-92.0905555555556,"2005-06-22","change1: Filled coordinateUncertaintyInMeters from decimal-place precision (conservative). | epi_taxo: acceptedName(match1); authorship_epig(match1); genus_from_scientificName; family_WFO; order_majorGroup_WCVP [2026-03-11] | CoordinateCleaner QA applied without sea test (validity, equal, zeros, capitals, centroids, gbif, institutions) [2026-03-29]","","Colección","G.L.V.","G.L.V."
"2632","HEM2025_2632","PreservedSpecimen","Coleccion",NA,"UNICACH","SPECIES","HEM","Camilo, R.M. | M.I.L.R. | N.A.F.R.","2379","N.M.M.","E","HEM2025",1,"Stelis ovatilabia",15.0972222222222,-92.1427777777778,"2014-07-08","change1: Filled coordinateUncertaintyInMeters from decimal-place precision (conservative). | epi_taxo: acceptedName(match1); authorship_epig(match1); genus_from_scientificName; family_WFO; order_majorGroup_WCVP [2026-03-11] | CoordinateCleaner QA applied without sea test (validity, equal, zeros, capitals, centroids, gbif, institutions) [2026-03-29]","standardized authors names in recordedBy","Colección","R.M. Camilo & M.I.L.R. & N.A.F.R.","N.M.M."
"2633","HEM2025_2633","PreservedSpecimen","Coleccion",NA,"UNICACH","SPECIES","HEM","N.M.M. | M.M.M. | R.V.H.","4630","R.S","E","HEM2025",1,"Stelis ovatilabia",15.1133888888889,-92.0948055555556,"2015-06-02","change1: Filled coordinateUncertaintyInMeters from decimal-place precision (conservative). | epi_taxo: acceptedName(match1); authorship_epig(match1); genus_from_scientificName; family_WFO; order_majorGroup_WCVP [2026-03-11] | CoordinateCleaner QA applied without sea test (validity, equal, zeros, capitals, centroids, gbif, institutions) [2026-03-29]","standardized authors names in recordedBy","Colección","N.M.M. & M.M.M. & R.V.H.","R.S"
"2634","HEM2025_2634","PreservedSpecimen","Coleccion",NA,"UNICACH","SPECIES","HEM","N.M.M.","88","R.S","E","HEM2025",1,"Stelis pachyglossa",15.7727777777778,-93.09,"2001-07-17","change1: Filled coordinateUncertaintyInMeters from decimal-place precision (conservative). | epi_taxo: acceptedName(match1); authorship_epig(match1); genus_from_scientificName; family_WFO; order_majorGroup_WCVP [2026-03-11] | CoordinateCleaner QA applied without sea test (validity, equal, zeros, capitals, centroids, gbif, institutions) [2026-03-29]","","Colección","N.M.M.","R.S"
"2635","HEM2025_2635","PreservedSpecimen","Coleccion",NA,"UNICACH","SPECIES","HEM","J.C.R.","168","R.S","E","HEM2025",1,"Stelis platystylis",15.8541666666667,-93.2180555555556,"1999-11-17","change1: Filled coordinateUncertaintyInMeters from decimal-place precision (conservative). | epi_taxo: acceptedName(match1); authorship_epig(match1); genus_from_scientificName; family_WFO; order_majorGroup_WCVP [2026-03-11] | CoordinateCleaner QA applied without sea test (validity, equal, zeros, capitals, centroids, gbif, institutions) [2026-03-29]","","Colección","J.C.R.","R.S"
"2636","HEM2025_2636","PreservedSpecimen","Coleccion",NA,"UNICACH","SPECIES","HEM","H.G.D.","1917","R.S","E","HEM2025",1,"Stelis platystylis",16.6430555555556,-93.3997222222222,"2009-01-05","change1: Filled coordinateUncertaintyInMeters from decimal-place precision (conservative). | epi_taxo: acceptedName(match1); authorship_epig(match1); genus_from_scientificName; family_WFO; order_majorGroup_WCVP [2026-03-11] | CoordinateCleaner QA applied without sea test (validity, equal, zeros, capitals, centroids, gbif, institutions) [2026-03-29]","","Colección","H.G.D.","R.S"
"2637","HEM2025_2637","PreservedSpecimen","Coleccion",NA,"UNICACH","SPECIES","HEM","H.G.D.","1917","R.S","E","HEM2025",1,"Stelis platystylis",16.6430555555556,-93.3997222222222,"2009-01-05","change1: Filled coordinateUncertaintyInMeters from decimal-place precision (conservative). | epi_taxo: acceptedName(match1); authorship_epig(match1); genus_from_scientificName; family_WFO; order_majorGroup_WCVP [2026-03-11] | CoordinateCleaner QA applied without sea test (validity, equal, zeros, capitals, centroids, gbif, institutions) [2026-03-29]","","Colección","H.G.D.","R.S"
"2638","HEM2025_2638","PreservedSpecimen","Coleccion",NA,"UNICACH","SPECIES","HEM","M.D.R.S.","148","R.S","E","HEM2025",1,"Stelis poasensis",15.5991388888889,-92.6927777777778,"2005-06-13","change1: Filled coordinateUncertaintyInMeters from decimal-place precision (conservative). | epi_taxo: acceptedName(match1); authorship_epig(match1); genus_from_scientificName; family_WFO; order_majorGroup_WCVP [2026-03-11] | CoordinateCleaner QA applied without sea test (validity, equal, zeros, capitals, centroids, gbif, institutions) [2026-03-29]","","Colección","M.D.R.S.","R.S"
"2639","HEM2025_2639","PreservedSpecimen","Coleccion",NA,"UNICACH","SPECIES","HEM","N.M.M. | M.M.M. | R.V.H.","4295","R.S","E","HEM2025",1,"Stelis poasensis",15.1025277777778,-92.1054444444444,"2015-05-05","change1: Filled coordinateUncertaintyInMeters from decimal-place precision (conservative). | epi_taxo: acceptedName(match1); authorship_epig(match1); genus_from_scientificName; family_WFO; order_majorGroup_WCVP [2026-03-11] | CoordinateCleaner QA applied without sea test (validity, equal, zeros, capitals, centroids, gbif, institutions) [2026-03-29]","standardized authors names in recordedBy","Colección","N.M.M. & M.M.M. & R.V.H.","R.S"
"2640","HEM2025_2640","PreservedSpecimen","Coleccion",NA,"UNICACH","SPECIES","HEM","F.E.P.C.","2287","R.S","E","HEM2025",1,"Stelis poasensis",15.4805555555556,-92.6055555555556,"1999-01-27","change1: Filled coordinateUncertaintyInMeters from decimal-place precision (conservative). | epi_taxo: acceptedName(match1); authorship_epig(match1); genus_from_scientificName; family_WFO; order_majorGroup_WCVP [2026-03-11] | CoordinateCleaner QA applied without sea test (validity, equal, zeros, capitals, centroids, gbif, institutions) [2026-03-29]","","Colección","F.E.P.C.","R.S"
"2641","HEM2025_2641","PreservedSpecimen","Coleccion",NA,"UNICACH","FORM","HEM","Camilo, R.M. | M.I.L.R. | N.A.F.R.","2337","Camilo, R.M.","E","HEM2025",1,"Stelis punctulata",15.0905833333333,-92.1476388888889,"2014-07-06","change1: Corrected taxonRank (SPECIES→FORM); kept scientificName as-is. | change2: Filled coordinateUncertaintyInMeters from decimal-place precision (conservative). | epi_taxo: acceptedName(match1); authorship_epig(match1); genus_from_scientificName; family_WFO; order_majorGroup_WCVP [2026-03-11] | CoordinateCleaner QA applied without sea test (validity, equal, zeros, capitals, centroids, gbif, institutions) [2026-03-29]","standardized authors names in recordedBy / standardized authors names in identifiedBy","Colección","R.M. Camilo & M.I.L.R. & N.A.F.R.","R.M. Camilo"
"2642","HEM2025_2642","PreservedSpecimen","Coleccion",NA,"UNICACH","SPECIES","HEM","O.N.","4323","ND","E","HEM2025",1,"Stelis purpurascens",15.2941666666667,-92.2775,"1937-09-22","change1: Filled coordinateUncertaintyInMeters from decimal-place precision (conservative). | epi_taxo: acceptedName(match1); authorship_epig(match1); genus_from_scientificName; family_WFO; order_majorGroup_WCVP [2026-03-11] | CoordinateCleaner QA applied without sea test (validity, equal, zeros, capitals, centroids, gbif, institutions) [2026-03-29]","","Colección","O.N.","ND"
"2643","HEM2025_2643","PreservedSpecimen","Coleccion",NA,"UNICACH","SPECIES","HEM","E.M.L.","179","O.F.S.","E","HEM2025",1,"Stelis purpurascens",16.0269444444444,-93.3058333333333,"2002-03-10","change1: Filled coordinateUncertaintyInMeters from decimal-place precision (conservative). | epi_taxo: acceptedName(match1); authorship_epig(match1); genus_from_scientificName; family_WFO; order_majorGroup_WCVP [2026-03-11] | CoordinateCleaner QA applied without sea test (validity, equal, zeros, capitals, centroids, gbif, institutions) [2026-03-29]","","Colección","E.M.L.","O.F.S."
"2644","HEM2025_2644","PreservedSpecimen","Coleccion",NA,"UNICACH","SPECIES","HEM","A.R.A.","35-BIS","O.F.S.","E","HEM2025",1,"Stelis purpurascens",15.9691666666667,-93.4694444444444,"2002-04-27","change1: Filled coordinateUncertaintyInMeters from decimal-place precision (conservative). | epi_taxo: acceptedName(match1); authorship_epig(match1); genus_from_scientificName; family_WFO; order_majorGroup_WCVP [2026-03-11] | CoordinateCleaner QA applied without sea test (validity, equal, zeros, capitals, centroids, gbif, institutions) [2026-03-29]","","Colección","A.R.A.","O.F.S."
"2645","HEM2025_2645","PreservedSpecimen","Coleccion",NA,"UNICACH","SPECIES","HEM","M.M.M. | M.A.D.V.","1812","Camilo, R.M.","E","HEM2025",1,"Stelis purpurascens",15.0901111111111,-92.1044722222222,"2013-05-28","change1: Filled coordinateUncertaintyInMeters from decimal-place precision (conservative). | epi_taxo: acceptedName(match1); authorship_epig(match1); genus_from_scientificName; family_WFO; order_majorGroup_WCVP [2026-03-11] | CoordinateCleaner QA applied without sea test (validity, equal, zeros, capitals, centroids, gbif, institutions) [2026-03-29]","standardized authors names in recordedBy / standardized authors names in identifiedBy","Colección","M.M.M. & M.A.D.V.","R.M. Camilo"
"2646","HEM2025_2646","PreservedSpecimen","Coleccion",NA,"UNICACH","SPECIES","HEM","M.M.M. | S.H.J. | J.A.B.B.","5689","N.M.M.","E","HEM2025",1,"Stelis purpurascens",15.2585833333333,-92.2159444444444,"2015-04-28","change1: Filled coordinateUncertaintyInMeters from decimal-place precision (conservative). | epi_taxo: acceptedName(match1); authorship_epig(match1); genus_from_scientificName; family_WFO; order_majorGroup_WCVP [2026-03-11] | CoordinateCleaner QA applied without sea test (validity, equal, zeros, capitals, centroids, gbif, institutions) [2026-03-29]","standardized authors names in recordedBy","Colección","M.M.M. & S.H.J. & J.A.B.B.","N.M.M."
"2647","HEM2025_2647","PreservedSpecimen","Coleccion",NA,"UNICACH","SPECIES","HEM","M.M.M. | S.H.J. | J.A.B.B.","5695","N.M.M.","E","HEM2025",1,"Stelis purpurascens",15.3143055555556,-92.2710833333333,"2015-04-29","change1: Filled coordinateUncertaintyInMeters from decimal-place precision (conservative). | epi_taxo: acceptedName(match1); authorship_epig(match1); genus_from_scientificName; family_WFO; order_majorGroup_WCVP [2026-03-11] | CoordinateCleaner QA applied without sea test (validity, equal, zeros, capitals, centroids, gbif, institutions) [2026-03-29]","standardized authors names in recordedBy","Colección","M.M.M. & S.H.J. & J.A.B.B.","N.M.M."
"2648","HEM2025_2648","PreservedSpecimen","Coleccion",NA,"UNICACH","SPECIES","HEM","M.M.M. | S.H.J. | J.A.B.B.","5845","N.M.M.","E","HEM2025",1,"Stelis purpurascens",15.2288611111111,-92.3057777777778,"2015-05-02","change1: Filled coordinateUncertaintyInMeters from decimal-place precision (conservative). | epi_taxo: acceptedName(match1); authorship_epig(match1); genus_from_scientificName; family_WFO; order_majorGroup_WCVP [2026-03-11] | CoordinateCleaner QA applied without sea test (validity, equal, zeros, capitals, centroids, gbif, institutions) [2026-03-29]","standardized authors names in recordedBy","Colección","M.M.M. & S.H.J. & J.A.B.B.","N.M.M."
"2649","HEM2025_2649","PreservedSpecimen","Coleccion",NA,"UNICACH","SPECIES","HEM","M.M.M. | S.H.J. | V.E.G.J.","5926","N.M.M.","E","HEM2025",1,"Stelis purpurascens",15.2310833333333,-92.3098888888889,"2015-05-29","change1: Filled coordinateUncertaintyInMeters from decimal-place precision (conservative). | epi_taxo: acceptedName(match1); authorship_epig(match1); genus_from_scientificName; family_WFO; order_majorGroup_WCVP [2026-03-11] | CoordinateCleaner QA applied without sea test (validity, equal, zeros, capitals, centroids, gbif, institutions) [2026-03-29]","standardized authors names in recordedBy","Colección","M.M.M. & S.H.J. & V.E.G.J.","N.M.M."
"2650","HEM2025_2650","PreservedSpecimen","Coleccion",NA,"UNICACH","SPECIES","HEM","M.M.M. | S.H.J. | V.E.G.J.","5943","N.M.M.","E","HEM2025",1,"Stelis purpurascens",15.2297777777778,-92.317,"2015-05-30","change1: Filled coordinateUncertaintyInMeters from decimal-place precision (conservative). | epi_taxo: acceptedName(match1); authorship_epig(match1); genus_from_scientificName; family_WFO; order_majorGroup_WCVP [2026-03-11] | CoordinateCleaner QA applied without sea test (validity, equal, zeros, capitals, centroids, gbif, institutions) [2026-03-29]","standardized authors names in recordedBy","Colección","M.M.M. & S.H.J. & V.E.G.J.","N.M.M."
"2651","HEM2025_2651","PreservedSpecimen","Coleccion",NA,"UNICACH","SPECIES","HEM","M.M.M. | S.H.J. | V.E.G.J.","5959","N.M.M.","E","HEM2025",1,"Stelis purpurascens",15.2297777777778,-92.317,"2015-05-30","change1: Filled coordinateUncertaintyInMeters from decimal-place precision (conservative). | epi_taxo: acceptedName(match1); authorship_epig(match1); genus_from_scientificName; family_WFO; order_majorGroup_WCVP [2026-03-11] | CoordinateCleaner QA applied without sea test (validity, equal, zeros, capitals, centroids, gbif, institutions) [2026-03-29]","standardized authors names in recordedBy","Colección","M.M.M. & S.H.J. & V.E.G.J.","N.M.M."
"2652","HEM2025_2652","PreservedSpecimen","Coleccion",NA,"UNICACH","SPECIES","HEM","M.M.M. | S.H.J. | V.E.G.J.","5991","N.M.M.","E","HEM2025",1,"Stelis purpurascens",15.2405277777778,-92.3088333333333,"2015-05-31","change1: Filled coordinateUncertaintyInMeters from decimal-place precision (conservative). | epi_taxo: acceptedName(match1); authorship_epig(match1); genus_from_scientificName; family_WFO; order_majorGroup_WCVP [2026-03-11] | CoordinateCleaner QA applied without sea test (validity, equal, zeros, capitals, centroids, gbif, institutions) [2026-03-29]","standardized authors names in recordedBy","Colección","M.M.M. & S.H.J. & V.E.G.J.","N.M.M."
"2653","HEM2025_2653","PreservedSpecimen","Coleccion",NA,"UNICACH","SPECIES","HEM","M.M.M. | S.H.J. | V.E.G.J.","6017","N.M.M.","E","HEM2025",1,"Stelis purpurascens",15.2342222222222,-92.3172777777778,"2015-06-01","change1: Filled coordinateUncertaintyInMeters from decimal-place precision (conservative). | epi_taxo: acceptedName(match1); authorship_epig(match1); genus_from_scientificName; family_WFO; order_majorGroup_WCVP [2026-03-11] | CoordinateCleaner QA applied without sea test (validity, equal, zeros, capitals, centroids, gbif, institutions) [2026-03-29]","standardized authors names in recordedBy","Colección","M.M.M. & S.H.J. & V.E.G.J.","N.M.M."
"2654","HEM2025_2654","PreservedSpecimen","Coleccion",NA,"UNICACH","SPECIES","HEM","N.M.M. | M.M.M. | R.V.H.","3451","N.M.M.","E","HEM2025",1,"Pleurothallis quadrifida",15.1080277777778,-92.108,"2014-09-24","change1: Filled coordinateUncertaintyInMeters from decimal-place precision (conservative). | epi_taxo: acceptedName(match1); authorship_epig(match1); genus_from_scientificName; family_WFO; order_majorGroup_WCVP [2026-03-11] | CoordinateCleaner QA applied without sea test (validity, equal, zeros, capitals, centroids, gbif, institutions) [2026-03-29]","standardized authors names in recordedBy","Colección","N.M.M. & M.M.M. & R.V.H.","N.M.M."
"2655","HEM2025_2655","PreservedSpecimen","Coleccion",NA,"UNICACH","SPECIES","HEM","N.M.M.","2154","R.S","E","HEM2025",1,"Stelis salazarii",16.7866111111111,-94.0265833333333,"2007-11-14","change1: Filled coordinateUncertaintyInMeters from decimal-place precision (conservative). | epi_taxo: acceptedName(match1); authorship_epig(match1); genus_from_scientificName; family_WFO; order_majorGroup_WCVP [2026-03-11] | CoordinateCleaner QA applied without sea test (validity, equal, zeros, capitals, centroids, gbif, institutions) [2026-03-29]","","Colección","N.M.M.","R.S"
"2656","HEM2025_2656","PreservedSpecimen","Coleccion",NA,"UNICACH","SPECIES","HEM","G.L.V.","29","R.S","E","HEM2025",1,"Stelis soconuscana",15.0863888888889,-92.0905555555556,"2005-06-22","change1: Filled coordinateUncertaintyInMeters from decimal-place precision (conservative). | epi_taxo: acceptedName(match1); authorship_epig(match1); genus_from_scientificName; family_WFO; order_majorGroup_WCVP [2026-03-11] | CoordinateCleaner QA applied without sea test (validity, equal, zeros, capitals, centroids, gbif, institutions) [2026-03-29]","","Colección","G.L.V.","R.S"
"2657","HEM2025_2657","PreservedSpecimen","Coleccion",NA,"UNICACH","SPECIES","HEM","N.M.M.","760","R.S","E","HEM2025",1,"Stelis soconuscana",15.7227777777778,-92.9436111111111,"2005-04-20","change1: Filled coordinateUncertaintyInMeters from decimal-place precision (conservative). | epi_taxo: acceptedName(match1); authorship_epig(match1); genus_from_scientificName; family_WFO; order_majorGroup_WCVP [2026-03-11] | CoordinateCleaner QA applied without sea test (validity, equal, zeros, capitals, centroids, gbif, institutions) [2026-03-29]","","Colección","N.M.M.","R.S"
"2658","HEM2025_2658","PreservedSpecimen","Coleccion",NA,"UNICACH","GENUS","HEM","N.M.M.","64","N.M.M.","E","HEM2025",NA,"",15.7302777777778,-92.9661111111111,"2001-05-28","change1: Genus placeholder (sp./spp.): moved to 'genus', set taxonRank=GENUS, cleared scientificName; kept original in verbatim. | change2: Filled coordinateUncertaintyInMeters from decimal-place precision (conservative). | epi_taxo: acceptedName(match1); authorship_epig(match1); genus_from_scientificName; family_WFO; order_majorGroup_WCVP [2026-03-11] | CoordinateCleaner QA applied without sea test (validity, equal, zeros, capitals, centroids, gbif, institutions) [2026-03-29]","","Colección","N.M.M.","N.M.M."
"2659","HEM2025_2659","PreservedSpecimen","Coleccion",NA,"UNICACH","GENUS","HEM","J.M.M.","37","R.S","E","HEM2025",NA,"",15.9830555555556,-93.4694444444444,"2002-04-28","change1: Genus placeholder (sp./spp.): moved to 'genus', set taxonRank=GENUS, cleared scientificName; kept original in verbatim. | change2: Filled coordinateUncertaintyInMeters from decimal-place precision (conservative). | epi_taxo: acceptedName(match1); authorship_epig(match1); genus_from_scientificName; family_WFO; order_majorGroup_WCVP [2026-03-11] | CoordinateCleaner QA applied without sea test (validity, equal, zeros, capitals, centroids, gbif, institutions) [2026-03-29]","","Colección","J.M.M.","R.S"
"2660","HEM2025_2660","PreservedSpecimen","Coleccion",NA,"UNICACH","GENUS","HEM","J.M.M.","37","R.S","E","HEM2025",NA,"",15.9830555555556,-93.4694444444444,"2002-04-28","change1: Genus placeholder (sp./spp.): moved to 'genus', set taxonRank=GENUS, cleared scientificName; kept original in verbatim. | change2: Filled coordinateUncertaintyInMeters from decimal-place precision (conservative). | epi_taxo: acceptedName(match1); authorship_epig(match1); genus_from_scientificName; family_WFO; order_majorGroup_WCVP [2026-03-11] | CoordinateCleaner QA applied without sea test (validity, equal, zeros, capitals, centroids, gbif, institutions) [2026-03-29]","","Colección","J.M.M.","R.S"
"2661","HEM2025_2661","PreservedSpecimen","Coleccion",NA,"UNICACH","GENUS","HEM","N.M.M.","1228","N.M.M.","E","HEM2025",NA,"",16.9598333333333,-94.0157222222222,"2005-08-20","change1: Genus placeholder (sp./spp.): moved to 'genus', set taxonRank=GENUS, cleared scientificName; kept original in verbatim. | change2: Filled coordinateUncertaintyInMeters from decimal-place precision (conservative). | epi_taxo: acceptedName(match1); authorship_epig(match1); genus_from_scientificName; family_WFO; order_majorGroup_WCVP [2026-03-11] | CoordinateCleaner QA applied without sea test (validity, equal, zeros, capitals, centroids, gbif, institutions) [2026-03-29]","","Colección","N.M.M.","N.M.M."
"2662","HEM2025_2662","PreservedSpecimen","Coleccion",NA,"UNICACH","GENUS","HEM","N.M.M.","62","R.S","E","HEM2025",NA,"",15.7344444444444,-92.9341666666667,"2001-05-28","change1: Genus placeholder (sp./spp.): moved to 'genus', set taxonRank=GENUS, cleared scientificName; kept original in verbatim. | change2: Filled coordinateUncertaintyInMeters from decimal-place precision (conservative). | epi_taxo: acceptedName(match1); authorship_epig(match1); genus_from_scientificName; family_WFO; order_majorGroup_WCVP [2026-03-11] | CoordinateCleaner QA applied without sea test (validity, equal, zeros, capitals, centroids, gbif, institutions) [2026-03-29]","","Colección","N.M.M.","R.S"
"2663","HEM2025_2663","PreservedSpecimen","Coleccion",NA,"UNICACH","GENUS","HEM","N.M.M.","62-bis1","R.S","E","HEM2025",NA,"",15.7344444444444,-92.9341666666667,"2001-05-28","change1: Genus placeholder (sp./spp.): moved to 'genus', set taxonRank=GENUS, cleared scientificName; kept original in verbatim. | change2: Filled coordinateUncertaintyInMeters from decimal-place precision (conservative). | epi_taxo: acceptedName(match1); authorship_epig(match1); genus_from_scientificName; family_WFO; order_majorGroup_WCVP [2026-03-11] | CoordinateCleaner QA applied without sea test (validity, equal, zeros, capitals, centroids, gbif, institutions) [2026-03-29]","","Colección","N.M.M.","R.S"
"2664","HEM2025_2664","PreservedSpecimen","Coleccion",NA,"UNICACH","SPECIES","HEM","M.A.S.A. | G.A.S. | L.M.C.","2939","ND","E","HEM2025",1,"Stelis emarginata",15.0775,-92.0941666666667,"1985-09-15","change1: Filled coordinateUncertaintyInMeters from decimal-place precision (conservative). | epi_taxo: acceptedName(match1); authorship_epig(match1); genus_from_scientificName; family_WFO; order_majorGroup_WCVP [2026-03-11] | CoordinateCleaner QA applied without sea test (validity, equal, zeros, capitals, centroids, gbif, institutions) [2026-03-29]","standardized authors names in recordedBy","Colección","M.A.S.A. & G.A.S. & L.M.C.","ND"
"2665","HEM2025_2665","PreservedSpecimen","Coleccion",NA,"UNICACH","SPECIES","HEM","M.A.S.A. | L.M.C. | G.A.S.","1701-A","ND","E","HEM2025",1,"Stelis emarginata",15.0775,-92.0941666666667,"1985-09-15","change1: Filled coordinateUncertaintyInMeters from decimal-place precision (conservative). | epi_taxo: acceptedName(match1); authorship_epig(match1); genus_from_scientificName; family_WFO; order_majorGroup_WCVP [2026-03-11] | CoordinateCleaner QA applied without sea test (validity, equal, zeros, capitals, centroids, gbif, institutions) [2026-03-29]","standardized authors names in recordedBy","Colección","M.A.S.A. & L.M.C. & G.A.S.","ND"
"2666","HEM2025_2666","PreservedSpecimen","Coleccion",NA,"UNICACH","SPECIES","HEM","G.L.V.","26","G.L.V.","E","HEM2025",1,"Stelis emarginata",15.1036111111111,-92.1094444444444,"2005-06-22","change1: Filled coordinateUncertaintyInMeters from decimal-place precision (conservative). | epi_taxo: acceptedName(match1); authorship_epig(match1); genus_from_scientificName; family_WFO; order_majorGroup_WCVP [2026-03-11] | CoordinateCleaner QA applied without sea test (validity, equal, zeros, capitals, centroids, gbif, institutions) [2026-03-29]","","Colección","G.L.V.","G.L.V."
"2667","HEM2025_2667","PreservedSpecimen","Coleccion",NA,"UNICACH","SPECIES","HEM","G.L.V.","26","G.L.V.","E","HEM2025",1,"Stelis emarginata",15.0863888888889,-92.0905555555556,"2005-06-22","change1: Filled coordinateUncertaintyInMeters from decimal-place precision (conservative). | epi_taxo: acceptedName(match1); authorship_epig(match1); genus_from_scientificName; family_WFO; order_majorGroup_WCVP [2026-03-11] | CoordinateCleaner QA applied without sea test (validity, equal, zeros, capitals, centroids, gbif, institutions) [2026-03-29]","","Colección","G.L.V.","G.L.V."
"2668","HEM2025_2668","PreservedSpecimen","Coleccion",NA,"UNICACH","SPECIES","HEM","D.E.B.","69084","D.E.B.","E","HEM2025",1,"Stelis tenuissima",15.2775,-92.2441666666667,"1988-10-06","change1: Filled coordinateUncertaintyInMeters from decimal-place precision (conservative). | epi_taxo: acceptedName(match1); authorship_epig(match1); genus_from_scientificName; family_WFO; order_majorGroup_WCVP [2026-03-11] | CoordinateCleaner QA applied without sea test (validity, equal, zeros, capitals, centroids, gbif, institutions) [2026-03-29]","","Colección","D.E.B.","D.E.B."
"2669","HEM2025_2669","PreservedSpecimen","Coleccion",NA,"UNICACH","SPECIES","HEM","M.M.M. | M.D.E.M.","1511","N.M.M.","E","HEM2025",1,"Stelis tenuissima",15.0990833333333,-92.0988333333333,"2013-05-02","change1: Filled coordinateUncertaintyInMeters from decimal-place precision (conservative). | epi_taxo: acceptedName(match1); authorship_epig(match1); genus_from_scientificName; family_WFO; order_majorGroup_WCVP [2026-03-11] | CoordinateCleaner QA applied without sea test (validity, equal, zeros, capitals, centroids, gbif, institutions) [2026-03-29]","standardized authors names in recordedBy","Colección","M.M.M. & M.D.E.M.","N.M.M."
"2670","HEM2025_2670","PreservedSpecimen","Coleccion",NA,"UNICACH","SPECIES","HEM","M.M.M. | M.A.D.V.","2191","N.M.M.","E","HEM2025",1,"Stelis emarginata",15.0979166666667,-92.0847777777778,"2013-07-02","change1: Filled coordinateUncertaintyInMeters from decimal-place precision (conservative). | epi_taxo: acceptedName(match1); authorship_epig(match1); genus_from_scientificName; family_WFO; order_majorGroup_WCVP [2026-03-11] | CoordinateCleaner QA applied without sea test (validity, equal, zeros, capitals, centroids, gbif, institutions) [2026-03-29]","standardized authors names in recordedBy","Colección","M.M.M. & M.A.D.V.","N.M.M."
"2671","HEM2025_2671","PreservedSpecimen","Coleccion",NA,"UNICACH","SPECIES","HEM","J.M.M.","921","R.S","E","HEM2025",1,"Stelis vespertina",15.8059166666667,-93.0508055555556,"2005-06-06","change1: Filled coordinateUncertaintyInMeters from decimal-place precision (conservative). | epi_taxo: acceptedName(match1); authorship_epig(match1); genus_from_scientificName; family_WFO; order_majorGroup_WCVP [2026-03-11] | CoordinateCleaner QA applied without sea test (validity, equal, zeros, capitals, centroids, gbif, institutions) [2026-03-29]","","Colección","J.M.M.","R.S"
"2672","HEM2025_2672","PreservedSpecimen","Coleccion",NA,"UNICACH","SPECIES","HEM","J.M.M.","1003","R.S","E","HEM2025",1,"Stelis vespertina",15.8123888888889,-93.0741666666667,"2005-07-13","change1: Filled coordinateUncertaintyInMeters from decimal-place precision (conservative). | epi_taxo: acceptedName(match1); authorship_epig(match1); genus_from_scientificName; family_WFO; order_majorGroup_WCVP [2026-03-11] | CoordinateCleaner QA applied without sea test (validity, equal, zeros, capitals, centroids, gbif, institutions) [2026-03-29]","","Colección","J.M.M.","R.S"
"2673","HEM2025_2673","PreservedSpecimen","Coleccion",NA,"UNICACH","SPECIES","HEM","H.R.E.","66","R.S","E","HEM2025",1,"Stelis vespertina",15.6641666666667,-92.8136111111111,"2005-09-15","change1: Filled coordinateUncertaintyInMeters from decimal-place precision (conservative). | epi_taxo: acceptedName(match1); authorship_epig(match1); genus_from_scientificName; family_WFO; order_majorGroup_WCVP [2026-03-11] | CoordinateCleaner QA applied without sea test (validity, equal, zeros, capitals, centroids, gbif, institutions) [2026-03-29]","","Colección","H.R.E.","R.S"
"2674","HEM2025_2674","PreservedSpecimen","Coleccion",NA,"UNICACH","SPECIES","HEM","H.R.E.","6-bis","R.S","E","HEM2025",1,"Stelis vespertina",15.7213888888889,-92.9522222222222,"2005-04-22","change1: Filled coordinateUncertaintyInMeters from decimal-place precision (conservative). | epi_taxo: acceptedName(match1); authorship_epig(match1); genus_from_scientificName; family_WFO; order_majorGroup_WCVP [2026-03-11] | CoordinateCleaner QA applied without sea test (validity, equal, zeros, capitals, centroids, gbif, institutions) [2026-03-29]","","Colección","H.R.E.","R.S"
"2675","HEM2025_2675","PreservedSpecimen","Coleccion",NA,"UNICACH","SPECIES","HEM","C.A.P.B.","147","R.S","E","HEM2025",1,"Stelis vespertina",16.1958333333333,-93.6125,"2005-12-14","change1: Filled coordinateUncertaintyInMeters from decimal-place precision (conservative). | epi_taxo: acceptedName(match1); authorship_epig(match1); genus_from_scientificName; family_WFO; order_majorGroup_WCVP [2026-03-11] | CoordinateCleaner QA applied without sea test (validity, equal, zeros, capitals, centroids, gbif, institutions) [2026-03-29]","","Colección","C.A.P.B.","R.S"
"2676","HEM2025_2676","PreservedSpecimen","Coleccion",NA,"UNICACH","SPECIES","HEM","Najarro, F.H. | U.G.M.","804","R.S","E","HEM2025",1,"Stelis vespertina",15.9708333333333,-93.4772222222222,"2002-04-27","change1: Filled coordinateUncertaintyInMeters from decimal-place precision (conservative). | epi_taxo: acceptedName(match1); authorship_epig(match1); genus_from_scientificName; family_WFO; order_majorGroup_WCVP [2026-03-11] | CoordinateCleaner QA applied without sea test (validity, equal, zeros, capitals, centroids, gbif, institutions) [2026-03-29]","standardized authors names in recordedBy","Colección","F.H. Najarro & U.G.M.","R.S"
"2677","HEM2025_2677","PreservedSpecimen","Coleccion",NA,"UNICACH","SPECIES","HEM","J.M.M.","1364","R.S","E","HEM2025",1,"Stelis vespertina",16.2086111111111,-93.7144444444445,"2006-06-04","change1: Filled coordinateUncertaintyInMeters from decimal-place precision (conservative). | epi_taxo: acceptedName(match1); authorship_epig(match1); genus_from_scientificName; family_WFO; order_majorGroup_WCVP [2026-03-11] | CoordinateCleaner QA applied without sea test (validity, equal, zeros, capitals, centroids, gbif, institutions) [2026-03-29]","","Colección","J.M.M.","R.S"
"2678","HEM2025_2678","PreservedSpecimen","Coleccion",NA,"UNICACH","SPECIES","HEM","A.R.A.","35","R.S","E","HEM2025",1,"Stelis vespertina",15.9830555555556,-93.4694444444444,"2002-04-27","change1: Filled coordinateUncertaintyInMeters from decimal-place precision (conservative). | epi_taxo: acceptedName(match1); authorship_epig(match1); genus_from_scientificName; family_WFO; order_majorGroup_WCVP [2026-03-11] | CoordinateCleaner QA applied without sea test (validity, equal, zeros, capitals, centroids, gbif, institutions) [2026-03-29]","","Colección","A.R.A.","R.S"
"2679","HEM2025_2679","PreservedSpecimen","Coleccion",NA,"UNICACH","SPECIES","HEM","A.R.A.","35","R.S","E","HEM2025",1,"Stelis vespertina",15.9830555555556,-93.4694444444444,"2002-04-27","change1: Filled coordinateUncertaintyInMeters from decimal-place precision (conservative). | epi_taxo: acceptedName(match1); authorship_epig(match1); genus_from_scientificName; family_WFO; order_majorGroup_WCVP [2026-03-11] | CoordinateCleaner QA applied without sea test (validity, equal, zeros, capitals, centroids, gbif, institutions) [2026-03-29]","","Colección","A.R.A.","R.S"
"2680","HEM2025_2680","PreservedSpecimen","Coleccion",NA,"UNICACH","SPECIES","HEM","N.M.M.","62-bis2","R.S","E","HEM2025",1,"Stelis vespertina",15.7,-92.9361111111111,"2001-05-01","change1: Filled coordinateUncertaintyInMeters from decimal-place precision (conservative). | epi_taxo: acceptedName(match1); authorship_epig(match1); genus_from_scientificName; family_WFO; order_majorGroup_WCVP [2026-03-11] | CoordinateCleaner QA applied without sea test (validity, equal, zeros, capitals, centroids, gbif, institutions) [2026-03-29]","","Colección","N.M.M.","R.S"
"2681","HEM2025_2681","PreservedSpecimen","Coleccion",NA,"UNICACH","SPECIES","HEM","N.M.M.","20","M.A.S.A.","E","HEM2025",1,"Stelis villosa",15.7344444444444,-92.9341666666667,"2001-05-28","change1: Filled coordinateUncertaintyInMeters from decimal-place precision (conservative). | epi_taxo: acceptedName(match1); authorship_epig(match1); genus_from_scientificName; family_WFO; order_majorGroup_WCVP [2026-03-11] | CoordinateCleaner QA applied without sea test (validity, equal, zeros, capitals, centroids, gbif, institutions) [2026-03-29]","","Colección","N.M.M.","M.A.S.A."
"2682","HEM2025_2682","PreservedSpecimen","Coleccion",NA,"UNICACH","SPECIES","HEM","N.M.M.","20-bis","R.S","E","HEM2025",1,"Stelis villosa",15.7344444444444,-92.9341666666667,"2001-03-23","change1: Filled coordinateUncertaintyInMeters from decimal-place precision (conservative). | epi_taxo: acceptedName(match1); authorship_epig(match1); genus_from_scientificName; family_WFO; order_majorGroup_WCVP [2026-03-11] | CoordinateCleaner QA applied without sea test (validity, equal, zeros, capitals, centroids, gbif, institutions) [2026-03-29]","","Colección","N.M.M.","R.S"
"2683","HEM2025_2683","PreservedSpecimen","Coleccion",NA,"UNICACH","SPECIES","HEM","M.M.M. | N.M.M. | R.J.R.V. | E.C.N.","4323","N.M.M.","E","HEM2025",1,"Stelis villosa",15.096,-92.1404722222222,"2014-06-18","change1: Filled coordinateUncertaintyInMeters from decimal-place precision (conservative). | epi_taxo: acceptedName(match1); authorship_epig(match1); genus_from_scientificName; family_WFO; order_majorGroup_WCVP [2026-03-11] | CoordinateCleaner QA applied without sea test (validity, equal, zeros, capitals, centroids, gbif, institutions) [2026-03-29]","standardized authors names in recordedBy","Colección","M.M.M. & N.M.M. & R.J.R.V. & E.C.N.","N.M.M."
"2684","HEM2025_2684","PreservedSpecimen","Coleccion",NA,"UNICACH","SPECIES","HEM","Najarro, F.H. | M N.M.G. | U.G.M.","1198","J.G.","E","HEM2025",3,"Stenorrhynchos speciosum",15.9416666666667,-93.4047222222222,"2002-11-16","change1: Filled coordinateUncertaintyInMeters from decimal-place precision (conservative). | epi_taxo: acceptedName(match1); authorship_epig(match1); genus_from_scientificName; family_WFO; order_majorGroup_WCVP [2026-03-11] | CoordinateCleaner QA applied without sea test (validity, equal, zeros, capitals, centroids, gbif, institutions) [2026-03-29]","standardized authors names in recordedBy","Colección","F.H. Najarro & M N.M.G. & U.G.M.","J.G."
"2685","HEM2025_2685","PreservedSpecimen","Coleccion",NA,"UNICACH","SPECIES","HEM","N.M.M.","2216","J.G.","E","HEM2025",3,"Stenorrhynchos speciosum",16.7866111111111,-94.0265833333333,"2007-12-14","change1: Filled coordinateUncertaintyInMeters from decimal-place precision (conservative). | epi_taxo: acceptedName(match1); authorship_epig(match1); genus_from_scientificName; family_WFO; order_majorGroup_WCVP [2026-03-11] | CoordinateCleaner QA applied without sea test (validity, equal, zeros, capitals, centroids, gbif, institutions) [2026-03-29]","","Colección","N.M.M.","J.G."
"2686","HEM2025_2686","PreservedSpecimen","Coleccion",NA,"UNICACH","SPECIES","HEM","M.M.M. | M.D.E.M.","748","N.M.M. | J.M.M.","E","HEM2025",3,"Stenorrhynchos speciosum",15.2596666666667,-92.2186388888889,"2013-02-10","change1: Filled coordinateUncertaintyInMeters from decimal-place precision (conservative). | epi_taxo: acceptedName(match1); authorship_epig(match1); genus_from_scientificName; family_WFO; order_majorGroup_WCVP [2026-03-11] | CoordinateCleaner QA applied without sea test (validity, equal, zeros, capitals, centroids, gbif, institutions) [2026-03-29]","standardized authors names in recordedBy / standardized authors names in identifiedBy","Colección","M.M.M. & M.D.E.M.","N.M.M. & J.M.M."
"2687","HEM2025_2687","PreservedSpecimen","Coleccion",NA,"UNICACH","FORM","HEM","M.M.M. | M.C.R.M.","5055","N.M.M.","E","HEM2025",1,"Stenotyla lendyana",15.0993611111111,-92.1659722222222,"2014-09-16","change1: Corrected taxonRank (SPECIES→FORM); kept scientificName as-is. | change2: Filled coordinateUncertaintyInMeters from decimal-place precision (conservative). | epi_taxo: acceptedName(match1); authorship_epig(match1); genus_from_scientificName; family_WFO; order_majorGroup_WCVP [2026-03-11] | CoordinateCleaner QA applied without sea test (validity, equal, zeros, capitals, centroids, gbif, institutions) [2026-03-29]","standardized authors names in recordedBy","Colección","M.M.M. & M.C.R.M.","N.M.M."
"2688","HEM2025_2688","PreservedSpecimen","Coleccion",NA,"UNICACH","SPECIES","HEM","G.A.S. | M.A.S.A. | L.M.C.","2415","ND","E","HEM2025",1,"Trichocentrum bicallosum",15.0775,-92.0941666666667,"1985-09-15","change1: Filled coordinateUncertaintyInMeters from decimal-place precision (conservative). | epi_taxo: acceptedName(match1); authorship_epig(match1); genus_from_scientificName; family_WFO; order_majorGroup_WCVP [2026-03-11] | CoordinateCleaner QA applied without sea test (validity, equal, zeros, capitals, centroids, gbif, institutions) [2026-03-29]","standardized authors names in recordedBy","Colección","G.A.S. & M.A.S.A. & L.M.C.","ND"
"2689","HEM2025_2689","PreservedSpecimen","Coleccion",NA,"UNICACH","SPECIES","HEM","N.M.M.","100","R.J.M.","E","HEM2025",1,"Trichocentrum bicallosum",15.7213888888889,-92.9522222222222,"2001-08-01","change1: Filled coordinateUncertaintyInMeters from decimal-place precision (conservative). | epi_taxo: acceptedName(match1); authorship_epig(match1); genus_from_scientificName; family_WFO; order_majorGroup_WCVP [2026-03-11] | CoordinateCleaner QA applied without sea test (validity, equal, zeros, capitals, centroids, gbif, institutions) [2026-03-29]","","Colección","N.M.M.","R.J.M."
"2690","HEM2025_2690","PreservedSpecimen","Coleccion",NA,"UNICACH","SPECIES","HEM","N.M.M.","115","M.A.S.A.","E","HEM2025",1,"Trichocentrum bicallosum",15.7,-92.9805555555556,"2001-12-21","change1: Filled coordinateUncertaintyInMeters from decimal-place precision (conservative). | epi_taxo: acceptedName(match1); authorship_epig(match1); genus_from_scientificName; family_WFO; order_majorGroup_WCVP [2026-03-11] | CoordinateCleaner QA applied without sea test (validity, equal, zeros, capitals, centroids, gbif, institutions) [2026-03-29]","","Colección","N.M.M.","M.A.S.A."
"2691","HEM2025_2691","PreservedSpecimen","Coleccion",NA,"UNICACH","SPECIES","HEM","M.M.M. | M.C.R.M.","2520","R.J.M.","E","HEM2025",1,"Trichocentrum bicallosum",15.1533333333333,-92.1438611111111,"2013-11-13","change1: Filled coordinateUncertaintyInMeters from decimal-place precision (conservative). | epi_taxo: acceptedName(match1); authorship_epig(match1); genus_from_scientificName; family_WFO; order_majorGroup_WCVP [2026-03-11] | CoordinateCleaner QA applied without sea test (validity, equal, zeros, capitals, centroids, gbif, institutions) [2026-03-29]","standardized authors names in recordedBy","Colección","M.M.M. & M.C.R.M.","R.J.M."
"2692","HEM2025_2692","PreservedSpecimen","Coleccion",NA,"UNICACH","SPECIES","HEM","M.M.M. | M.C.R.M.","2945","N.M.M.","E","HEM2025",1,"Trichocentrum bicallosum",15.1453333333333,-92.1408333333333,"2013-12-01","change1: Filled coordinateUncertaintyInMeters from decimal-place precision (conservative). | epi_taxo: acceptedName(match1); authorship_epig(match1); genus_from_scientificName; family_WFO; order_majorGroup_WCVP [2026-03-11] | CoordinateCleaner QA applied without sea test (validity, equal, zeros, capitals, centroids, gbif, institutions) [2026-03-29]","standardized authors names in recordedBy","Colección","M.M.M. & M.C.R.M.","N.M.M."
"2693","HEM2025_2693","PreservedSpecimen","Coleccion",NA,"UNICACH","SPECIES","HEM","M.M.M. | D.A.J.L.","3251","N.M.M.","E","HEM2025",1,"Trichocentrum bicallosum",15.1418055555556,-92.13775,"2013-12-12","change1: Filled coordinateUncertaintyInMeters from decimal-place precision (conservative). | epi_taxo: acceptedName(match1); authorship_epig(match1); genus_from_scientificName; family_WFO; order_majorGroup_WCVP [2026-03-11] | CoordinateCleaner QA applied without sea test (validity, equal, zeros, capitals, centroids, gbif, institutions) [2026-03-29]","standardized authors names in recordedBy","Colección","M.M.M. & D.A.J.L.","N.M.M."
"2694","HEM2025_2694","PreservedSpecimen","Coleccion",NA,"UNICACH","SPECIES","HEM","M.M.M. | D.A.J.L.","3272","N.M.M.","E","HEM2025",1,"Trichocentrum bicallosum",15.1383333333333,-92.1394444444445,"2013-12-14","change1: Filled coordinateUncertaintyInMeters from decimal-place precision (conservative). | epi_taxo: acceptedName(match1); authorship_epig(match1); genus_from_scientificName; family_WFO; order_majorGroup_WCVP [2026-03-11] | CoordinateCleaner QA applied without sea test (validity, equal, zeros, capitals, centroids, gbif, institutions) [2026-03-29]","standardized authors names in recordedBy","Colección","M.M.M. & D.A.J.L.","N.M.M."
"2695","HEM2025_2695","PreservedSpecimen","Coleccion",NA,"UNICACH","SPECIES","HEM","M.A.S.A. | L.M.C. | G.A.S.","1673-BIS","ND","E","HEM2025",1,"Trichocentrum candidum",15.0902777777778,-92.1013888888889,"1985-09-14","change1: Filled coordinateUncertaintyInMeters from decimal-place precision (conservative). | epi_taxo: acceptedName(match1); authorship_epig(match1); genus_from_scientificName; family_WFO; order_majorGroup_WCVP [2026-03-11] | CoordinateCleaner QA applied without sea test (validity, equal, zeros, capitals, centroids, gbif, institutions) [2026-03-29]","standardized authors names in recordedBy","Colección","M.A.S.A. & L.M.C. & G.A.S.","ND"
"2696","HEM2025_2696","PreservedSpecimen","Coleccion",NA,"UNICACH","SPECIES","HEM","M.A.S.A. | G.A.S. | L.M.C.","1673","ND","E","HEM2025",1,"Trichocentrum candidum",15.0902777777778,-92.1013888888889,"1986-09-14","change1: Filled coordinateUncertaintyInMeters from decimal-place precision (conservative). | epi_taxo: acceptedName(match1); authorship_epig(match1); genus_from_scientificName; family_WFO; order_majorGroup_WCVP [2026-03-11] | CoordinateCleaner QA applied without sea test (validity, equal, zeros, capitals, centroids, gbif, institutions) [2026-03-29]","standardized authors names in recordedBy","Colección","M.A.S.A. & G.A.S. & L.M.C.","ND"
"2697","HEM2025_2697","PreservedSpecimen","Coleccion",NA,"UNICACH","SPECIES","HEM","J.M.M.","1552","J.M.M.","E","HEM2025",1,"Trichocentrum candidum",15.4261388888889,-92.629,"2006-11-14","change1: Filled coordinateUncertaintyInMeters from decimal-place precision (conservative). | epi_taxo: acceptedName(match1); authorship_epig(match1); genus_from_scientificName; family_WFO; order_majorGroup_WCVP [2026-03-11] | CoordinateCleaner QA applied without sea test (validity, equal, zeros, capitals, centroids, gbif, institutions) [2026-03-29]","","Colección","J.M.M.","J.M.M."
"2698","HEM2025_2698","PreservedSpecimen","Coleccion",NA,"UNICACH","SPECIES","HEM","Camilo, R.M. | N.M.M.","2646","Camilo, R.M.","E","HEM2025",1,"Trichocentrum candidum",15.0988611111111,-92.1681388888889,"2014-08-16","change1: Filled coordinateUncertaintyInMeters from decimal-place precision (conservative). | epi_taxo: acceptedName(match1); authorship_epig(match1); genus_from_scientificName; family_WFO; order_majorGroup_WCVP [2026-03-11] | CoordinateCleaner QA applied without sea test (validity, equal, zeros, capitals, centroids, gbif, institutions) [2026-03-29]","standardized authors names in recordedBy / standardized authors names in identifiedBy","Colección","R.M. Camilo & N.M.M.","R.M. Camilo"
"2699","HEM2025_2699","PreservedSpecimen","Coleccion",NA,"UNICACH","SPECIES","HEM","M.M.M. | M.C.R.M.","5327","C.R.B.B.","E","HEM2025",1,"Trichocentrum candidum",15.0847222222222,-92.175,"2014-09-22","change1: Filled coordinateUncertaintyInMeters from decimal-place precision (conservative). | epi_taxo: acceptedName(match1); authorship_epig(match1); genus_from_scientificName; family_WFO; order_majorGroup_WCVP [2026-03-11] | CoordinateCleaner QA applied without sea test (validity, equal, zeros, capitals, centroids, gbif, institutions) [2026-03-29]","standardized authors names in recordedBy","Colección","M.M.M. & M.C.R.M.","C.R.B.B."
"2700","HEM2025_2700","PreservedSpecimen","Coleccion",NA,"UNICACH","SPECIES","HEM","N.M.M.","542","C.R.B.B.","E","HEM2025",1,"Trichocentrum candidum",15.6566666666667,-92.8080555555556,"2004-11-11","change1: Filled coordinateUncertaintyInMeters from decimal-place precision (conservative). | epi_taxo: acceptedName(match1); authorship_epig(match1); genus_from_scientificName; family_WFO; order_majorGroup_WCVP [2026-03-11] | CoordinateCleaner QA applied without sea test (validity, equal, zeros, capitals, centroids, gbif, institutions) [2026-03-29]","","Colección","N.M.M.","C.R.B.B."
"2701","HEM2025_2701","PreservedSpecimen","Coleccion",NA,"UNICACH","FORM","HEM","E.M.L.","238","R.J.M.","E","HEM2025",1,"Trichocentrum oerstedii",16.0011111111111,-93.4072222222222,"2002-06-29","change1: Corrected taxonRank (SPECIES→FORM); kept scientificName as-is. | change2: Filled coordinateUncertaintyInMeters from decimal-place precision (conservative). | epi_taxo: acceptedName(match1); authorship_epig(match1); genus_from_scientificName; family_WFO; order_majorGroup_WCVP [2026-03-11] | CoordinateCleaner QA applied without sea test (validity, equal, zeros, capitals, centroids, gbif, institutions) [2026-03-29]","","Colección","E.M.L.","R.J.M."
"2702","HEM2025_2702","PreservedSpecimen","Coleccion",NA,"UNICACH","SPECIES","HEM","O.N.","4321","ND","E","HEM2025",1,"Trichopilia tortilis",15.2941666666667,-92.2775,"1935-01-13","change1: Filled coordinateUncertaintyInMeters from decimal-place precision (conservative). | epi_taxo: acceptedName(match1); authorship_epig(match1); genus_from_scientificName; family_WFO; order_majorGroup_WCVP [2026-03-11] | CoordinateCleaner QA applied without sea test (validity, equal, zeros, capitals, centroids, gbif, institutions) [2026-03-29]","","Colección","O.N.","ND"
"2703","HEM2025_2703","PreservedSpecimen","Coleccion",NA,"UNICACH","SPECIES","HEM","F.E.P.C.","ND","Cachon, T.C.","E","HEM2025",1,"Trichopilia tortilis",15.8244444444444,-93.0630555555556,"1999-02-11","change1: Filled coordinateUncertaintyInMeters from decimal-place precision (conservative). | epi_taxo: acceptedName(match1); authorship_epig(match1); genus_from_scientificName; family_WFO; order_majorGroup_WCVP [2026-03-11] | CoordinateCleaner QA applied without sea test (validity, equal, zeros, capitals, centroids, gbif, institutions) [2026-03-29]","standardized authors names in identifiedBy","Colección","F.E.P.C.","T.C. Cachón"
"2704","HEM2025_2704","PreservedSpecimen","Coleccion",NA,"UNICACH","SPECIES","HEM","H.R.E.","27","H.R.E.","E","HEM2025",1,"Trichopilia tortilis",16.7671388888889,-93.1065,"2005-05-19","change1: Filled coordinateUncertaintyInMeters from decimal-place precision (conservative). | epi_taxo: acceptedName(match1); authorship_epig(match1); genus_from_scientificName; family_WFO; order_majorGroup_WCVP [2026-03-11] | CoordinateCleaner QA applied without sea test (validity, equal, zeros, capitals, centroids, gbif, institutions) [2026-03-29]","","Colección","H.R.E.","H.R.E."
"2705","HEM2025_2705","PreservedSpecimen","Coleccion",NA,"UNICACH","SPECIES","HEM","Najarro, F.H. | U.G.M.","806","O.F.S. | Cachon, T.C.","E","HEM2025",1,"Trichopilia tortilis",15.9708333333333,-93.4772222222222,"2002-04-27","change1: Filled coordinateUncertaintyInMeters from decimal-place precision (conservative). | epi_taxo: acceptedName(match1); authorship_epig(match1); genus_from_scientificName; family_WFO; order_majorGroup_WCVP [2026-03-11] | CoordinateCleaner QA applied without sea test (validity, equal, zeros, capitals, centroids, gbif, institutions) [2026-03-29]","standardized authors names in recordedBy / standardized authors names in identifiedBy","Colección","F.H. Najarro & U.G.M.","O.F.S. & T.C. Cachón"
"2706","HEM2025_2706","PreservedSpecimen","Coleccion",NA,"UNICACH","SPECIES","HEM","J.M.M.","1243","J.M.M.","E","HEM2025",1,"Trichopilia tortilis",15.6056388888889,-92.9696388888889,"2006-04-21","change1: Filled coordinateUncertaintyInMeters from decimal-place precision (conservative). | epi_taxo: acceptedName(match1); authorship_epig(match1); genus_from_scientificName; family_WFO; order_majorGroup_WCVP [2026-03-11] | CoordinateCleaner QA applied without sea test (validity, equal, zeros, capitals, centroids, gbif, institutions) [2026-03-29]","","Colección","J.M.M.","J.M.M."
"2707","HEM2025_2707","PreservedSpecimen","Coleccion",NA,"UNICACH","SPECIES","HEM","N.M.M.","1345","N.M.M.","E","HEM2025",1,"Trichopilia tortilis",15.46,-92.65825,"2006-03-22","change1: Filled coordinateUncertaintyInMeters from decimal-place precision (conservative). | epi_taxo: acceptedName(match1); authorship_epig(match1); genus_from_scientificName; family_WFO; order_majorGroup_WCVP [2026-03-11] | CoordinateCleaner QA applied without sea test (validity, equal, zeros, capitals, centroids, gbif, institutions) [2026-03-29]","","Colección","N.M.M.","N.M.M."
"2708","HEM2025_2708","PreservedSpecimen","Coleccion",NA,"UNICACH","SPECIES","HEM","N.M.M. | M.M.M. | E.C.N.","3975","N.M.M. | Camilo, R.M.","E","HEM2025",1,"Trichopilia tortilis",15.1032777777778,-92.1645555555556,"2015-03-10","change1: Filled coordinateUncertaintyInMeters from decimal-place precision (conservative). | epi_taxo: acceptedName(match1); authorship_epig(match1); genus_from_scientificName; family_WFO; order_majorGroup_WCVP [2026-03-11] | CoordinateCleaner QA applied without sea test (validity, equal, zeros, capitals, centroids, gbif, institutions) [2026-03-29]","standardized authors names in recordedBy / standardized authors names in identifiedBy","Colección","N.M.M. & M.M.M. & E.C.N.","N.M.M. & R.M. Camilo"
"2709","HEM2025_2709","PreservedSpecimen","Coleccion",NA,"UNICACH","SPECIES","HEM","Camilo, R.M. | R.V.H. | M.M.M.","2825","Camilo, R.M.","E","HEM2025",1,"Trichopilia tortilis",15.1105833333333,-92.1854166666667,"2015-03-24","change1: Filled coordinateUncertaintyInMeters from decimal-place precision (conservative). | epi_taxo: acceptedName(match1); authorship_epig(match1); genus_from_scientificName; family_WFO; order_majorGroup_WCVP [2026-03-11] | CoordinateCleaner QA applied without sea test (validity, equal, zeros, capitals, centroids, gbif, institutions) [2026-03-29]","standardized authors names in recordedBy / standardized authors names in identifiedBy","Colección","R.M. Camilo & R.V.H. & M.M.M.","R.M. Camilo"
"2710","HEM2025_2710","PreservedSpecimen","Coleccion",NA,"UNICACH","SPECIES","HEM","Camilo, R.M. | R.V.H. | M.M.M.","2889","D.A.J.L.","E","HEM2025",1,"Trichopilia tortilis",15.1259166666667,-92.1876944444444,"2015-03-25","change1: Filled coordinateUncertaintyInMeters from decimal-place precision (conservative). | epi_taxo: acceptedName(match1); authorship_epig(match1); genus_from_scientificName; family_WFO; order_majorGroup_WCVP [2026-03-11] | CoordinateCleaner QA applied without sea test (validity, equal, zeros, capitals, centroids, gbif, institutions) [2026-03-29]","standardized authors names in recordedBy","Colección","R.M. Camilo & R.V.H. & M.M.M.","D.A.J.L."
"2711","HEM2025_2711","PreservedSpecimen","Coleccion",NA,"UNICACH","SPECIES","HEM","M.M.M. | D.A.J.L. | R.J.R.V.","5474","N.M.M.","E","HEM2025",1,"Trichopilia tortilis",15.1071944444444,-92.1756666666667,"2015-03-25","change1: Filled coordinateUncertaintyInMeters from decimal-place precision (conservative). | epi_taxo: acceptedName(match1); authorship_epig(match1); genus_from_scientificName; family_WFO; order_majorGroup_WCVP [2026-03-11] | CoordinateCleaner QA applied without sea test (validity, equal, zeros, capitals, centroids, gbif, institutions) [2026-03-29]","standardized authors names in recordedBy","Colección","M.M.M. & D.A.J.L. & R.J.R.V.","N.M.M."
"2712","HEM2025_2712","PreservedSpecimen","Coleccion",NA,"UNICACH","SPECIES","HEM","N.M.M.","1867","N.M.M.","E","HEM2025",1,"Maxillaria egertoniana",15.4261388888889,-92.629,"2006-11-14","change1: Filled coordinateUncertaintyInMeters from decimal-place precision (conservative). | epi_taxo: acceptedName(match1); authorship_epig(match1); genus_from_scientificName; family_WFO; order_majorGroup_WCVP [2026-03-11] | CoordinateCleaner QA applied without sea test (validity, equal, zeros, capitals, centroids, gbif, institutions) [2026-03-29]","","Colección","N.M.M.","N.M.M."
"2713","HEM2025_2713","PreservedSpecimen","Coleccion",NA,"UNICACH","SPECIES","HEM","A.M.G. | G.U. | E.M.S.","161","G.A.S.","E","HEM2025",1,"Maxillaria egertoniana",16.7033333333333,-90.8666666666667,"1987-05-26","change1: Filled coordinateUncertaintyInMeters from decimal-place precision (conservative). | epi_taxo: acceptedName(match1); authorship_epig(match1); genus_from_scientificName; family_WFO; order_majorGroup_WCVP [2026-03-11] | CoordinateCleaner QA applied without sea test (validity, equal, zeros, capitals, centroids, gbif, institutions) [2026-03-29]","standardized authors names in recordedBy","Colección","A.M.G. & G.U. & E.M.S.","G.A.S."
"2714","HEM2025_2714","PreservedSpecimen","Coleccion",NA,"UNICACH","SPECIES","HEM","A.L.C.","264","A.L.C.","E","HEM2025",1,"Maxillaria egertoniana",15.3833333333333,-92.6475,"2006-02-25","change1: Filled coordinateUncertaintyInMeters from decimal-place precision (conservative). | epi_taxo: acceptedName(match1); authorship_epig(match1); genus_from_scientificName; family_WFO; order_majorGroup_WCVP [2026-03-11] | CoordinateCleaner QA applied without sea test (validity, equal, zeros, capitals, centroids, gbif, institutions) [2026-03-29]","","Colección","A.L.C.","A.L.C."
"2715","HEM2025_2715","PreservedSpecimen","Coleccion",NA,"UNICACH","SPECIES","HEM","A.M.G. | G.U. | E.M.S.","161-BIS","G.A.S.","E","HEM2025",1,"Maxillaria egertoniana",16.7033333333333,-90.8666666666667,"1987-05-26","change1: Filled coordinateUncertaintyInMeters from decimal-place precision (conservative). | epi_taxo: acceptedName(match1); authorship_epig(match1); genus_from_scientificName; family_WFO; order_majorGroup_WCVP [2026-03-11] | CoordinateCleaner QA applied without sea test (validity, equal, zeros, capitals, centroids, gbif, institutions) [2026-03-29]","standardized authors names in recordedBy","Colección","A.M.G. & G.U. & E.M.S.","G.A.S."
"2716","HEM2025_2716","PreservedSpecimen","Coleccion",NA,"UNICACH","SPECIES","HEM","J.P.V.H.","145","J.P.V.H.","E","HEM2025",1,"Maxillaria egertoniana",15.9172222222222,-93.2505555555556,"2002-10-26","change1: Filled coordinateUncertaintyInMeters from decimal-place precision (conservative). | epi_taxo: acceptedName(match1); authorship_epig(match1); genus_from_scientificName; family_WFO; order_majorGroup_WCVP [2026-03-11] | CoordinateCleaner QA applied without sea test (validity, equal, zeros, capitals, centroids, gbif, institutions) [2026-03-29]","","Colección","J.P.V.H.","J.P.V.H."
"2717","HEM2025_2717","PreservedSpecimen","Coleccion",NA,"UNICACH","SPECIES","HEM","J.M.M.","1096","J.M.M.","E","HEM2025",0,"",15.8013055555556,-93.0518333333333,"2005-08-23","change1: Filled coordinateUncertaintyInMeters from decimal-place precision (conservative). | epi_taxo: acceptedName(match1); authorship_epig(match1); genus_from_scientificName; family_WFO; order_majorGroup_WCVP [2026-03-11] | CoordinateCleaner QA applied without sea test (validity, equal, zeros, capitals, centroids, gbif, institutions) [2026-03-29]","","Colección","J.M.M.","J.M.M."
"2718","HEM2025_2718","PreservedSpecimen","Coleccion",NA,"UNICACH","SPECIES","HEM","M.M.M. | M.D.E.M.","706","N.M.M.","E","HEM2025",0,"",15.2601388888889,-92.2172777777778,"2013-02-08","change1: Canonicalized scientificName to binomial and moved trailing authorship. | change2: Filled coordinateUncertaintyInMeters from decimal-place precision (conservative). | epi_taxo: acceptedName(match1); authorship_epig(match1); genus_from_scientificName; family_WFO; order_majorGroup_WCVP [2026-03-11] | CoordinateCleaner QA applied without sea test (validity, equal, zeros, capitals, centroids, gbif, institutions) [2026-03-29]","standardized authors names in recordedBy","Colección","M.M.M. & M.D.E.M.","N.M.M."
"2719","HEM2025_2719","PreservedSpecimen","Coleccion",NA,"UNICACH","SPECIES","HEM","H.G.D.","826","N.M.M.","HE","HEM2025",1,"Peperomia adscendens",15.6685,-92.8115277777778,"2004-11-11","change1: Filled coordinateUncertaintyInMeters from decimal-place precision (conservative). | epi_taxo: acceptedName(match1); authorship_epig(match1); genus_from_scientificName; family_WFO; order_majorGroup_WCVP [2026-03-11] | CoordinateCleaner QA applied without sea test (validity, equal, zeros, capitals, centroids, gbif, institutions) [2026-03-29]","","Colección","H.G.D.","N.M.M."
"2720","HEM2025_2720","PreservedSpecimen","Coleccion",NA,"UNICACH","SPECIES","HEM","H.G.D.","1193","N.M.M.","HE","HEM2025",1,"Peperomia adscendens",15.5405555555556,-92.64,"2006-03-23","change1: Filled coordinateUncertaintyInMeters from decimal-place precision (conservative). | epi_taxo: acceptedName(match1); authorship_epig(match1); genus_from_scientificName; family_WFO; order_majorGroup_WCVP [2026-03-11] | CoordinateCleaner QA applied without sea test (validity, equal, zeros, capitals, centroids, gbif, institutions) [2026-03-29]","","Colección","H.G.D.","N.M.M."
"2721","HEM2025_2721","PreservedSpecimen","Coleccion",NA,"UNICACH","SPECIES","HEM","H.G.D.","1447","N.M.M.","HE","HEM2025",1,"Peperomia adscendens",16.1958333333333,-93.6125,"2005-08-20","change1: Filled coordinateUncertaintyInMeters from decimal-place precision (conservative). | epi_taxo: acceptedName(match1); authorship_epig(match1); genus_from_scientificName; family_WFO; order_majorGroup_WCVP [2026-03-11] | CoordinateCleaner QA applied without sea test (validity, equal, zeros, capitals, centroids, gbif, institutions) [2026-03-29]","","Colección","H.G.D.","N.M.M."
"2722","HEM2025_2722","PreservedSpecimen","Coleccion",NA,"UNICACH","SPECIES","HEM","H.G.D.","1400","N.M.M.","HE","HEM2025",1,"Peperomia adscendens",15.5768055555556,-92.7096111111111,"","change1: Filled coordinateUncertaintyInMeters from decimal-place precision (conservative). | epi_taxo: acceptedName(match1); authorship_epig(match1); genus_from_scientificName; family_WFO; order_majorGroup_WCVP [2026-03-11] | CoordinateCleaner QA applied without sea test (validity, equal, zeros, capitals, centroids, gbif, institutions) [2026-03-29]","","Colección","H.G.D.","N.M.M."
"2723","HEM2025_2723","PreservedSpecimen","Coleccion",NA,"UNICACH","SPECIES","HEM","Perez-Farrera, M.A.","205","N.M.M.","HE","HEM2025",1,"Peperomia adscendens",16.1533333333333,-93.5961111111111,"1995-03-16","change1: Filled coordinateUncertaintyInMeters from decimal-place precision (conservative). | epi_taxo: acceptedName(match1); authorship_epig(match1); genus_from_scientificName; family_WFO; order_majorGroup_WCVP [2026-03-11] | CoordinateCleaner QA applied without sea test (validity, equal, zeros, capitals, centroids, gbif, institutions) [2026-03-29]","standardized authors names in recordedBy","Colección","M.A. Pérez-Farrera","N.M.M."
"2724","HEM2025_2724","PreservedSpecimen","Coleccion",NA,"UNICACH","SPECIES","HEM","Camilo, R.M.","248","N.M.M.","E","HEM2025",1,"Peperomia adscendens",15.7,-92.9805555555556,"2001-12-21","change1: Filled coordinateUncertaintyInMeters from decimal-place precision (conservative). | epi_taxo: acceptedName(match1); authorship_epig(match1); genus_from_scientificName; family_WFO; order_majorGroup_WCVP [2026-03-11] | CoordinateCleaner QA applied without sea test (validity, equal, zeros, capitals, centroids, gbif, institutions) [2026-03-29]","standardized authors names in recordedBy","Colección","R.M. Camilo","N.M.M."
"2725","HEM2025_2725","PreservedSpecimen","Coleccion",NA,"UNICACH","SPECIES","HEM","M.M.M. | M.D.E.M.","1396","N.M.M.","E","HEM2025",1,"Peperomia heterophylla",15.0858333333333,-92.0996111111111,"2013-04-30","change1: Filled coordinateUncertaintyInMeters from decimal-place precision (conservative). | epi_taxo: acceptedName(match1); authorship_epig(match1); genus_from_scientificName; family_WFO; order_majorGroup_WCVP [2026-03-11] | CoordinateCleaner QA applied without sea test (validity, equal, zeros, capitals, centroids, gbif, institutions) [2026-03-29]","standardized authors names in recordedBy","Colección","M.M.M. & M.D.E.M.","N.M.M."
"2726","HEM2025_2726","PreservedSpecimen","Coleccion",NA,"UNICACH","SPECIES","HEM","Camilo, R.M. | R.V.H. | M.M.M.","2909","Camilo, R.M.","E","HEM2025",1,"Peperomia heterophylla",15.1259166666667,-92.1876944444444,"2015-03-25","change1: Filled coordinateUncertaintyInMeters from decimal-place precision (conservative). | epi_taxo: acceptedName(match1); authorship_epig(match1); genus_from_scientificName; family_WFO; order_majorGroup_WCVP [2026-03-11] | CoordinateCleaner QA applied without sea test (validity, equal, zeros, capitals, centroids, gbif, institutions) [2026-03-29]","standardized authors names in recordedBy / standardized authors names in identifiedBy","Colección","R.M. Camilo & R.V.H. & M.M.M.","R.M. Camilo"
"2727","HEM2025_2727","PreservedSpecimen","Coleccion",NA,"UNICACH","SPECIES","HEM","V.M.","69-bis","R.R.S.","E","HEM2025",2,"Peperomia heterophylla",15.4805555555556,-92.6055555555556,"1999-01-27","change1: Filled coordinateUncertaintyInMeters from decimal-place precision (conservative). | epi_taxo: acceptedName(match1); authorship_epig(match1); genus_from_scientificName; family_WFO; order_majorGroup_WCVP [2026-03-11] | CoordinateCleaner QA applied without sea test (validity, equal, zeros, capitals, centroids, gbif, institutions) [2026-03-29]","","Colección","V.M.","R.R.S."
"2728","HEM2025_2728","PreservedSpecimen","Coleccion",NA,"UNICACH","SPECIES","HEM","J.M.M.","7","O.F.S.","E","HEM2025",2,"Peperomia heterophylla",15.9527777777778,-93.2861111111111,"2002-04-28","change1: Filled coordinateUncertaintyInMeters from decimal-place precision (conservative). | epi_taxo: acceptedName(match1); authorship_epig(match1); genus_from_scientificName; family_WFO; order_majorGroup_WCVP [2026-03-11] | CoordinateCleaner QA applied without sea test (validity, equal, zeros, capitals, centroids, gbif, institutions) [2026-03-29]","","Colección","J.M.M.","O.F.S."
"2729","HEM2025_2729","PreservedSpecimen","Coleccion",NA,"UNICACH","SPECIES","HEM","J.P.V.H.","61-BIS","Perez-Farrera, M.A. | O.F.S.","E","HEM2025",2,"Peperomia heterophylla",15.9691666666667,-93.4694444444444,"2002-04-28","change1: Filled coordinateUncertaintyInMeters from decimal-place precision (conservative). | epi_taxo: acceptedName(match1); authorship_epig(match1); genus_from_scientificName; family_WFO; order_majorGroup_WCVP [2026-03-11] | CoordinateCleaner QA applied without sea test (validity, equal, zeros, capitals, centroids, gbif, institutions) [2026-03-29]","standardized authors names in identifiedBy","Colección","J.P.V.H.","M.A. Pérez-Farrera & O.F.S."
"2730","HEM2025_2730","PreservedSpecimen","Coleccion",NA,"UNICACH","SPECIES","HEM","N.M.M.","568","N.M.M.","E","HEM2025",1,"Peperomia alata",15.6608333333333,-92.8275,"2004-11-11","change1: Filled coordinateUncertaintyInMeters from decimal-place precision (conservative). | epi_taxo: acceptedName(match1); authorship_epig(match1); genus_from_scientificName; family_WFO; order_majorGroup_WCVP [2026-03-11] | CoordinateCleaner QA applied without sea test (validity, equal, zeros, capitals, centroids, gbif, institutions) [2026-03-29]","","Colección","N.M.M.","N.M.M."
"2731","HEM2025_2731","PreservedSpecimen","Coleccion",NA,"UNICACH","SPECIES","HEM","H.G.D.","1331","H.G.D.","E","HEM2025",1,"Peperomia alata",15.7084444444444,-92.7269166666667,"2006-07-21","change1: Filled coordinateUncertaintyInMeters from decimal-place precision (conservative). | epi_taxo: acceptedName(match1); authorship_epig(match1); genus_from_scientificName; family_WFO; order_majorGroup_WCVP [2026-03-11] | CoordinateCleaner QA applied without sea test (validity, equal, zeros, capitals, centroids, gbif, institutions) [2026-03-29]","","Colección","H.G.D.","H.G.D."
"2732","HEM2025_2732","PreservedSpecimen","Coleccion",NA,"UNICACH","SPECIES","HEM","N.M.M.","1813","N.M.M.","E","HEM2025",1,"Peperomia alata",15.7441416666667,-93.0340888888889,"2006-10-13","change1: Filled coordinateUncertaintyInMeters from decimal-place precision (conservative). | epi_taxo: acceptedName(match1); authorship_epig(match1); genus_from_scientificName; family_WFO; order_majorGroup_WCVP [2026-03-11] | CoordinateCleaner QA applied without sea test (validity, equal, zeros, capitals, centroids, gbif, institutions) [2026-03-29]","","Colección","N.M.M.","N.M.M."
"2733","HEM2025_2733","PreservedSpecimen","Coleccion",NA,"UNICACH","SPECIES","HEM","Perez-Farrera, M.A.","205-bis","R.R.S.","E","HEM2025",1,"Peperomia alata",16.1533333333333,-93.5961111111111,"1995-03-16","change1: Filled coordinateUncertaintyInMeters from decimal-place precision (conservative). | epi_taxo: acceptedName(match1); authorship_epig(match1); genus_from_scientificName; family_WFO; order_majorGroup_WCVP [2026-03-11] | CoordinateCleaner QA applied without sea test (validity, equal, zeros, capitals, centroids, gbif, institutions) [2026-03-29]","standardized authors names in recordedBy","Colección","M.A. Pérez-Farrera","R.R.S."
"2734","HEM2025_2734","PreservedSpecimen","Coleccion",NA,"UNICACH","SPECIES","HEM","N.M.M.","19","R.R.S.","E","HEM2025",1,"Peperomia alata",15.7227777777778,-92.9436111111111,"2001-03-23","change1: Filled coordinateUncertaintyInMeters from decimal-place precision (conservative). | epi_taxo: acceptedName(match1); authorship_epig(match1); genus_from_scientificName; family_WFO; order_majorGroup_WCVP [2026-03-11] | CoordinateCleaner QA applied without sea test (validity, equal, zeros, capitals, centroids, gbif, institutions) [2026-03-29]","","Colección","N.M.M.","R.R.S."
"2735","HEM2025_2735","PreservedSpecimen","Coleccion",NA,"UNICACH","SPECIES","HEM","H.G.D.","839","N.M.M.","E","HEM2025",1,"Peperomia alata",15.6685,-92.8115277777778,"2004-11-11","change1: Filled coordinateUncertaintyInMeters from decimal-place precision (conservative). | epi_taxo: acceptedName(match1); authorship_epig(match1); genus_from_scientificName; family_WFO; order_majorGroup_WCVP [2026-03-11] | CoordinateCleaner QA applied without sea test (validity, equal, zeros, capitals, centroids, gbif, institutions) [2026-03-29]","","Colección","H.G.D.","N.M.M."
"2736","HEM2025_2736","PreservedSpecimen","Coleccion",NA,"UNICACH","SPECIES","HEM","M.G.D.","393","M.G.D.","E","HEM2025",1,"Peperomia alpina",15.0891666666667,-92.0961111111111,"2005-07-27","change1: Filled coordinateUncertaintyInMeters from decimal-place precision (conservative). | epi_taxo: acceptedName(match1); authorship_epig(match1); genus_from_scientificName; family_WFO; order_majorGroup_WCVP [2026-03-11] | CoordinateCleaner QA applied without sea test (validity, equal, zeros, capitals, centroids, gbif, institutions) [2026-03-29]","","Colección","M.G.D.","M.G.D."
"2737","HEM2025_2737","PreservedSpecimen","Coleccion",NA,"UNICACH","SPECIES","HEM","J.M.M.","722","N.M.M.","E","HEM2025",1,"Peperomia alpina",15.6402222222222,-92.6725833333333,"2005-01-16","change1: Filled coordinateUncertaintyInMeters from decimal-place precision (conservative). | epi_taxo: acceptedName(match1); authorship_epig(match1); genus_from_scientificName; family_WFO; order_majorGroup_WCVP [2026-03-11] | CoordinateCleaner QA applied without sea test (validity, equal, zeros, capitals, centroids, gbif, institutions) [2026-03-29]","","Colección","J.M.M.","N.M.M."
"2738","HEM2025_2738","PreservedSpecimen","Coleccion",NA,"UNICACH","SPECIES","HEM","Chagala, J.L.","92","N.M.M.","E","HEM2025",1,"Peperomia alpina",15.5750277777778,-92.7436944444444,"","change1: Filled coordinateUncertaintyInMeters from decimal-place precision (conservative). | epi_taxo: acceptedName(match1); authorship_epig(match1); genus_from_scientificName; family_WFO; order_majorGroup_WCVP [2026-03-11] | CoordinateCleaner QA applied without sea test (validity, equal, zeros, capitals, centroids, gbif, institutions) [2026-03-29]","standardized authors names in recordedBy","Colección","J.L. Chagala","N.M.M."
"2739","HEM2025_2739","PreservedSpecimen","Coleccion",NA,"UNICACH","SPECIES","HEM","M.M.M. | M.D.E.M.","1528","N.M.M.","E","HEM2025",1,"Peperomia alpina",15.0990833333333,-92.0988333333333,"2013-05-02","change1: Filled coordinateUncertaintyInMeters from decimal-place precision (conservative). | epi_taxo: acceptedName(match1); authorship_epig(match1); genus_from_scientificName; family_WFO; order_majorGroup_WCVP [2026-03-11] | CoordinateCleaner QA applied without sea test (validity, equal, zeros, capitals, centroids, gbif, institutions) [2026-03-29]","standardized authors names in recordedBy","Colección","M.M.M. & M.D.E.M.","N.M.M."
"2740","HEM2025_2740","PreservedSpecimen","Coleccion",NA,"UNICACH","SPECIES","HEM","M.M.M. | M.A.D.V.","1850","N.M.M.","E","HEM2025",1,"Peperomia alpina",15.0820555555556,-92.1015277777778,"2013-05-30","change1: Filled coordinateUncertaintyInMeters from decimal-place precision (conservative). | epi_taxo: acceptedName(match1); authorship_epig(match1); genus_from_scientificName; family_WFO; order_majorGroup_WCVP [2026-03-11] | CoordinateCleaner QA applied without sea test (validity, equal, zeros, capitals, centroids, gbif, institutions) [2026-03-29]","standardized authors names in recordedBy","Colección","M.M.M. & M.A.D.V.","N.M.M."
"2741","HEM2025_2741","PreservedSpecimen","Coleccion",NA,"UNICACH","SPECIES","HEM","M.M.M. | M.A.D.V.","2187","N.M.M.","E","HEM2025",1,"Peperomia alpina",15.0979166666667,-92.0847777777778,"2013-07-02","change1: Filled coordinateUncertaintyInMeters from decimal-place precision (conservative). | epi_taxo: acceptedName(match1); authorship_epig(match1); genus_from_scientificName; family_WFO; order_majorGroup_WCVP [2026-03-11] | CoordinateCleaner QA applied without sea test (validity, equal, zeros, capitals, centroids, gbif, institutions) [2026-03-29]","standardized authors names in recordedBy","Colección","M.M.M. & M.A.D.V.","N.M.M."
"2742","HEM2025_2742","PreservedSpecimen","Coleccion",NA,"UNICACH","SPECIES","HEM","M.M.M. | M.A.D.V.","2238","N.M.M.","E","HEM2025",1,"Peperomia alpina",15.0901666666667,-92.1060277777778,"2013-07-04","change1: Filled coordinateUncertaintyInMeters from decimal-place precision (conservative). | epi_taxo: acceptedName(match1); authorship_epig(match1); genus_from_scientificName; family_WFO; order_majorGroup_WCVP [2026-03-11] | CoordinateCleaner QA applied without sea test (validity, equal, zeros, capitals, centroids, gbif, institutions) [2026-03-29]","standardized authors names in recordedBy","Colección","M.M.M. & M.A.D.V.","N.M.M."
"2743","HEM2025_2743","PreservedSpecimen","Coleccion",NA,"UNICACH","SPECIES","HEM","Camilo, R.M.","1660","Camilo, R.M.","E","HEM2025",1,"Peperomia alpina",15.1060277777778,-92.0961611111111,"2013-07-25","change1: Filled coordinateUncertaintyInMeters from decimal-place precision (conservative). | epi_taxo: acceptedName(match1); authorship_epig(match1); genus_from_scientificName; family_WFO; order_majorGroup_WCVP [2026-03-11] | CoordinateCleaner QA applied without sea test (validity, equal, zeros, capitals, centroids, gbif, institutions) [2026-03-29]","standardized authors names in recordedBy / standardized authors names in identifiedBy","Colección","R.M. Camilo","R.M. Camilo"
"2744","HEM2025_2744","PreservedSpecimen","Coleccion",NA,"UNICACH","SPECIES","HEM","M.M.M. | D.A.J.L.","3276","N.M.M.","E","HEM2025",1,"Peperomia alpina",15.1383333333333,-92.1394444444445,"2013-12-14","change1: Filled coordinateUncertaintyInMeters from decimal-place precision (conservative). | epi_taxo: acceptedName(match1); authorship_epig(match1); genus_from_scientificName; family_WFO; order_majorGroup_WCVP [2026-03-11] | CoordinateCleaner QA applied without sea test (validity, equal, zeros, capitals, centroids, gbif, institutions) [2026-03-29]","standardized authors names in recordedBy","Colección","M.M.M. & D.A.J.L.","N.M.M."
"2745","HEM2025_2745","PreservedSpecimen","Coleccion",NA,"UNICACH","SPECIES","HEM","M.M.M. | N.M.M. | R.J.R.V. | E.C.N.","4421","N.M.M.","E","HEM2025",1,"Peperomia alpina",15.0975833333333,-92.1434166666667,"2014-06-19","change1: Filled coordinateUncertaintyInMeters from decimal-place precision (conservative). | epi_taxo: acceptedName(match1); authorship_epig(match1); genus_from_scientificName; family_WFO; order_majorGroup_WCVP [2026-03-11] | CoordinateCleaner QA applied without sea test (validity, equal, zeros, capitals, centroids, gbif, institutions) [2026-03-29]","standardized authors names in recordedBy","Colección","M.M.M. & N.M.M. & R.J.R.V. & E.C.N.","N.M.M."
"2746","HEM2025_2746","PreservedSpecimen","Coleccion",NA,"UNICACH","SPECIES","HEM","M.M.M. | E.A.M.A.","4596","N.M.M.","E","HEM2025",1,"Peperomia alpina",15.0910555555556,-92.14175,"2014-07-04","change1: Filled coordinateUncertaintyInMeters from decimal-place precision (conservative). | epi_taxo: acceptedName(match1); authorship_epig(match1); genus_from_scientificName; family_WFO; order_majorGroup_WCVP [2026-03-11] | CoordinateCleaner QA applied without sea test (validity, equal, zeros, capitals, centroids, gbif, institutions) [2026-03-29]","standardized authors names in recordedBy","Colección","M.M.M. & E.A.M.A.","N.M.M."
"2747","HEM2025_2747","PreservedSpecimen","Coleccion",NA,"UNICACH","SPECIES","HEM","M.M.M. | A.L.C.","4851","N.M.M.","E","HEM2025",1,"Peperomia alpina",15.0942222222222,-92.1718611111111,"2014-08-15","change1: Filled coordinateUncertaintyInMeters from decimal-place precision (conservative). | epi_taxo: acceptedName(match1); authorship_epig(match1); genus_from_scientificName; family_WFO; order_majorGroup_WCVP [2026-03-11] | CoordinateCleaner QA applied without sea test (validity, equal, zeros, capitals, centroids, gbif, institutions) [2026-03-29]","standardized authors names in recordedBy","Colección","M.M.M. & A.L.C.","N.M.M."
"2748","HEM2025_2748","PreservedSpecimen","Coleccion",NA,"UNICACH","SPECIES","HEM","M.M.M. | A.L.C.","4959","N.M.M.","E","HEM2025",1,"Peperomia alpina",15.1059166666667,-92.1953333333333,"2014-08-17","change1: Filled coordinateUncertaintyInMeters from decimal-place precision (conservative). | epi_taxo: acceptedName(match1); authorship_epig(match1); genus_from_scientificName; family_WFO; order_majorGroup_WCVP [2026-03-11] | CoordinateCleaner QA applied without sea test (validity, equal, zeros, capitals, centroids, gbif, institutions) [2026-03-29]","standardized authors names in recordedBy","Colección","M.M.M. & A.L.C.","N.M.M."
"2749","HEM2025_2749","PreservedSpecimen","Coleccion",NA,"UNICACH","SPECIES","HEM","M.M.M. | M.C.R.M.","5352","N.M.M.","E","HEM2025",1,"Peperomia alpina",15.0995277777778,-92.1861111111111,"2014-09-23","change1: Filled coordinateUncertaintyInMeters from decimal-place precision (conservative). | epi_taxo: acceptedName(match1); authorship_epig(match1); genus_from_scientificName; family_WFO; order_majorGroup_WCVP [2026-03-11] | CoordinateCleaner QA applied without sea test (validity, equal, zeros, capitals, centroids, gbif, institutions) [2026-03-29]","standardized authors names in recordedBy","Colección","M.M.M. & M.C.R.M.","N.M.M."
"2750","HEM2025_2750","PreservedSpecimen","Coleccion",NA,"UNICACH","SPECIES","HEM","M.M.M. | M.C.R.M.","5380","N.M.M.","E","HEM2025",1,"Peperomia alpina",15.0995277777778,-92.1861111111111,"2014-09-23","change1: Filled coordinateUncertaintyInMeters from decimal-place precision (conservative). | epi_taxo: acceptedName(match1); authorship_epig(match1); genus_from_scientificName; family_WFO; order_majorGroup_WCVP [2026-03-11] | CoordinateCleaner QA applied without sea test (validity, equal, zeros, capitals, centroids, gbif, institutions) [2026-03-29]","standardized authors names in recordedBy","Colección","M.M.M. & M.C.R.M.","N.M.M."
"2751","HEM2025_2751","PreservedSpecimen","Coleccion",NA,"UNICACH","SPECIES","HEM","M.M.M. | M.C.R.M.","5184","N.M.M.","E","HEM2025",1,"Peperomia alpina",15.1063611111111,-92.1741944444445,"2014-09-18","change1: Filled coordinateUncertaintyInMeters from decimal-place precision (conservative). | epi_taxo: acceptedName(match1); authorship_epig(match1); genus_from_scientificName; family_WFO; order_majorGroup_WCVP [2026-03-11] | CoordinateCleaner QA applied without sea test (validity, equal, zeros, capitals, centroids, gbif, institutions) [2026-03-29]","standardized authors names in recordedBy","Colección","M.M.M. & M.C.R.M.","N.M.M."
"2752","HEM2025_2752","PreservedSpecimen","Coleccion",NA,"UNICACH","SPECIES","HEM","Camilo, R.M. | N.M.M.","2658","N.M.M.","E","HEM2025",1,"Peperomia alpina",15.0988611111111,-92.1681388888889,"2014-08-17","change1: Filled coordinateUncertaintyInMeters from decimal-place precision (conservative). | epi_taxo: acceptedName(match1); authorship_epig(match1); genus_from_scientificName; family_WFO; order_majorGroup_WCVP [2026-03-11] | CoordinateCleaner QA applied without sea test (validity, equal, zeros, capitals, centroids, gbif, institutions) [2026-03-29]","standardized authors names in recordedBy","Colección","R.M. Camilo & N.M.M.","N.M.M."
"2753","HEM2025_2753","PreservedSpecimen","Coleccion",NA,"UNICACH","SPECIES","HEM","M.M.M. | M.C.R.M.","5240","N.M.M.","E","HEM2025",1,"Peperomia alpina",15.1086388888889,-92.1911666666667,"2014-09-20","change1: Filled coordinateUncertaintyInMeters from decimal-place precision (conservative). | epi_taxo: acceptedName(match1); authorship_epig(match1); genus_from_scientificName; family_WFO; order_majorGroup_WCVP [2026-03-11] | CoordinateCleaner QA applied without sea test (validity, equal, zeros, capitals, centroids, gbif, institutions) [2026-03-29]","standardized authors names in recordedBy","Colección","M.M.M. & M.C.R.M.","N.M.M."
"2754","HEM2025_2754","PreservedSpecimen","Coleccion",NA,"UNICACH","SPECIES","HEM","Camilo, R.M. | R.V.H. | M.M.M.","2768","N.M.M.","E","HEM2025",1,"Peperomia alpina",15.1060277777778,-92.0961611111111,"2013-07-25","change1: Filled coordinateUncertaintyInMeters from decimal-place precision (conservative). | epi_taxo: acceptedName(match1); authorship_epig(match1); genus_from_scientificName; family_WFO; order_majorGroup_WCVP [2026-03-11] | CoordinateCleaner QA applied without sea test (validity, equal, zeros, capitals, centroids, gbif, institutions) [2026-03-29]","standardized authors names in recordedBy","Colección","R.M. Camilo & R.V.H. & M.M.M.","N.M.M."
"2755","HEM2025_2755","PreservedSpecimen","Coleccion",NA,"UNICACH","SPECIES","HEM","Camilo, R.M. | R.V.H. | M.M.M.","2912","Camilo, R.M.","E","HEM2025",1,"Peperomia alpina",15.1259166666667,-92.1876944444444,"2015-03-25","change1: Filled coordinateUncertaintyInMeters from decimal-place precision (conservative). | epi_taxo: acceptedName(match1); authorship_epig(match1); genus_from_scientificName; family_WFO; order_majorGroup_WCVP [2026-03-11] | CoordinateCleaner QA applied without sea test (validity, equal, zeros, capitals, centroids, gbif, institutions) [2026-03-29]","standardized authors names in recordedBy / standardized authors names in identifiedBy","Colección","R.M. Camilo & R.V.H. & M.M.M.","R.M. Camilo"
"2756","HEM2025_2756","PreservedSpecimen","Coleccion",NA,"UNICACH","SPECIES","HEM","Camilo, R.M. | R.V.H. | M.M.M.","2979","N.M.M.","E","HEM2025",1,"Peperomia alpina",15.1299722222222,-92.17475,"2015-02-27","change1: Filled coordinateUncertaintyInMeters from decimal-place precision (conservative). | epi_taxo: acceptedName(match1); authorship_epig(match1); genus_from_scientificName; family_WFO; order_majorGroup_WCVP [2026-03-11] | CoordinateCleaner QA applied without sea test (validity, equal, zeros, capitals, centroids, gbif, institutions) [2026-03-29]","standardized authors names in recordedBy","Colección","R.M. Camilo & R.V.H. & M.M.M.","N.M.M."
"2757","HEM2025_2757","PreservedSpecimen","Coleccion",NA,"UNICACH","SPECIES","HEM","M.M.M. | D.A.J.L. | R.J.R.V.","5450","N.M.M.","E","HEM2025",1,"Peperomia alpina",15.1071944444444,-92.1756666666667,"2015-03-25","change1: Filled coordinateUncertaintyInMeters from decimal-place precision (conservative). | epi_taxo: acceptedName(match1); authorship_epig(match1); genus_from_scientificName; family_WFO; order_majorGroup_WCVP [2026-03-11] | CoordinateCleaner QA applied without sea test (validity, equal, zeros, capitals, centroids, gbif, institutions) [2026-03-29]","standardized authors names in recordedBy","Colección","M.M.M. & D.A.J.L. & R.J.R.V.","N.M.M."
"2758","HEM2025_2758","PreservedSpecimen","Coleccion",NA,"UNICACH","SPECIES","HEM","M.M.M. | D.A.J.L. | R.J.R.V.","5557","N.M.M.","E","HEM2025",1,"Peperomia alpina",15.1179722222222,-92.1553333333333,"2015-03-26","change1: Filled coordinateUncertaintyInMeters from decimal-place precision (conservative). | epi_taxo: acceptedName(match1); authorship_epig(match1); genus_from_scientificName; family_WFO; order_majorGroup_WCVP [2026-03-11] | CoordinateCleaner QA applied without sea test (validity, equal, zeros, capitals, centroids, gbif, institutions) [2026-03-29]","standardized authors names in recordedBy","Colección","M.M.M. & D.A.J.L. & R.J.R.V.","N.M.M."
"2759","HEM2025_2759","PreservedSpecimen","Coleccion",NA,"UNICACH","SPECIES","HEM","M.M.M. | S.H.J. | J.A.B.B.","5811","N.M.M.","E","HEM2025",1,"Peperomia alpina",15.2348888888889,-92.30525,"2015-05-01","change1: Filled coordinateUncertaintyInMeters from decimal-place precision (conservative). | epi_taxo: acceptedName(match1); authorship_epig(match1); genus_from_scientificName; family_WFO; order_majorGroup_WCVP [2026-03-11] | CoordinateCleaner QA applied without sea test (validity, equal, zeros, capitals, centroids, gbif, institutions) [2026-03-29]","standardized authors names in recordedBy","Colección","M.M.M. & S.H.J. & J.A.B.B.","N.M.M."
"2760","HEM2025_2760","PreservedSpecimen","Coleccion",NA,"UNICACH","SPECIES","HEM","M.M.M. | S.H.J. | J.A.B.B.","5725","N.M.M.","E","HEM2025",1,"Peperomia alpina",15.2408055555556,-92.3045555555556,"2015-04-30","change1: Filled coordinateUncertaintyInMeters from decimal-place precision (conservative). | epi_taxo: acceptedName(match1); authorship_epig(match1); genus_from_scientificName; family_WFO; order_majorGroup_WCVP [2026-03-11] | CoordinateCleaner QA applied without sea test (validity, equal, zeros, capitals, centroids, gbif, institutions) [2026-03-29]","standardized authors names in recordedBy","Colección","M.M.M. & S.H.J. & J.A.B.B.","N.M.M."
"2761","HEM2025_2761","PreservedSpecimen","Coleccion",NA,"UNICACH","SPECIES","HEM","M.M.M. | S.H.J. | V.E.G.J.","5892","N.M.M.","E","HEM2025",1,"Peperomia alpina",15.2310833333333,-92.3098888888889,"2015-05-29","change1: Filled coordinateUncertaintyInMeters from decimal-place precision (conservative). | epi_taxo: acceptedName(match1); authorship_epig(match1); genus_from_scientificName; family_WFO; order_majorGroup_WCVP [2026-03-11] | CoordinateCleaner QA applied without sea test (validity, equal, zeros, capitals, centroids, gbif, institutions) [2026-03-29]","standardized authors names in recordedBy","Colección","M.M.M. & S.H.J. & V.E.G.J.","N.M.M."
"2762","HEM2025_2762","PreservedSpecimen","Coleccion",NA,"UNICACH","SPECIES","HEM","M.M.M. | S.H.J. | V.E.G.J.","6047","N.M.M.","E","HEM2025",1,"Peperomia alpina",15.2342222222222,-92.3172777777778,"2015-06-01","change1: Filled coordinateUncertaintyInMeters from decimal-place precision (conservative). | epi_taxo: acceptedName(match1); authorship_epig(match1); genus_from_scientificName; family_WFO; order_majorGroup_WCVP [2026-03-11] | CoordinateCleaner QA applied without sea test (validity, equal, zeros, capitals, centroids, gbif, institutions) [2026-03-29]","standardized authors names in recordedBy","Colección","M.M.M. & S.H.J. & V.E.G.J.","N.M.M."
"2763","HEM2025_2763","PreservedSpecimen","Coleccion",NA,"UNICACH","SPECIES","HEM","M.M.M. | D.A.J.L. | R.J.R.V.","5413","N.M.M.","E","HEM2025",1,"Peperomia alpina",15.07075,-92.1635277777778,"2015-03-24","change1: Filled coordinateUncertaintyInMeters from decimal-place precision (conservative). | epi_taxo: acceptedName(match1); authorship_epig(match1); genus_from_scientificName; family_WFO; order_majorGroup_WCVP [2026-03-11] | CoordinateCleaner QA applied without sea test (validity, equal, zeros, capitals, centroids, gbif, institutions) [2026-03-29]","standardized authors names in recordedBy","Colección","M.M.M. & D.A.J.L. & R.J.R.V.","N.M.M."
"2764","HEM2025_2764","PreservedSpecimen","Coleccion",NA,"UNICACH","SPECIES","HEM","N.M.M. | M.M.M. | R.V.H.","4339","N.M.M.","E","HEM2025",1,"Peperomia alpina",15.1036666666667,-92.1015277777778,"2015-05-05","change1: Filled coordinateUncertaintyInMeters from decimal-place precision (conservative). | epi_taxo: acceptedName(match1); authorship_epig(match1); genus_from_scientificName; family_WFO; order_majorGroup_WCVP [2026-03-11] | CoordinateCleaner QA applied without sea test (validity, equal, zeros, capitals, centroids, gbif, institutions) [2026-03-29]","standardized authors names in recordedBy","Colección","N.M.M. & M.M.M. & R.V.H.","N.M.M."
"2765","HEM2025_2765","PreservedSpecimen","Coleccion",NA,"UNICACH","SPECIES","HEM","N.M.M. | M.M.M. | R.V.H.","4419","N.M.M.","E","HEM2025",1,"Peperomia alpina",15.1062777777778,-92.1102222222222,"2015-05-05","change1: Filled coordinateUncertaintyInMeters from decimal-place precision (conservative). | epi_taxo: acceptedName(match1); authorship_epig(match1); genus_from_scientificName; family_WFO; order_majorGroup_WCVP [2026-03-11] | CoordinateCleaner QA applied without sea test (validity, equal, zeros, capitals, centroids, gbif, institutions) [2026-03-29]","standardized authors names in recordedBy","Colección","N.M.M. & M.M.M. & R.V.H.","N.M.M."
"2766","HEM2025_2766","PreservedSpecimen","Coleccion",NA,"UNICACH","SPECIES","HEM","N.M.M. | M.M.M. | R.V.H.","4194","N.M.M.","E","HEM2025",1,"Peperomia alpina",15.1090277777778,-92.1016944444444,"2015-05-04","change1: Filled coordinateUncertaintyInMeters from decimal-place precision (conservative). | epi_taxo: acceptedName(match1); authorship_epig(match1); genus_from_scientificName; family_WFO; order_majorGroup_WCVP [2026-03-11] | CoordinateCleaner QA applied without sea test (validity, equal, zeros, capitals, centroids, gbif, institutions) [2026-03-29]","standardized authors names in recordedBy","Colección","N.M.M. & M.M.M. & R.V.H.","N.M.M."
"2767","HEM2025_2767","PreservedSpecimen","Coleccion",NA,"UNICACH","SPECIES","HEM","Perez-Farrera, M.A.","2278-bis","N.M.M.","E","HEM2025",1,"Peperomia alpina",17.1916666666667,-92.2658333333333,"2000-04-10","change1: Filled coordinateUncertaintyInMeters from decimal-place precision (conservative). | epi_taxo: acceptedName(match1); authorship_epig(match1); genus_from_scientificName; family_WFO; order_majorGroup_WCVP [2026-03-11] | CoordinateCleaner QA applied without sea test (validity, equal, zeros, capitals, centroids, gbif, institutions) [2026-03-29]","standardized authors names in recordedBy","Colección","M.A. Pérez-Farrera","N.M.M."
"2768","HEM2025_2768","PreservedSpecimen","Coleccion",NA,"UNICACH","SPECIES","HEM","Perez-Farrera, M.A.","2278-bis","N.M.M.","E","HEM2025",1,"Peperomia alpina",17.1916666666667,-92.2658333333333,"2000-04-10","change1: Filled coordinateUncertaintyInMeters from decimal-place precision (conservative). | epi_taxo: acceptedName(match1); authorship_epig(match1); genus_from_scientificName; family_WFO; order_majorGroup_WCVP [2026-03-11] | CoordinateCleaner QA applied without sea test (validity, equal, zeros, capitals, centroids, gbif, institutions) [2026-03-29]","standardized authors names in recordedBy","Colección","M.A. Pérez-Farrera","N.M.M."
"2769","HEM2025_2769","PreservedSpecimen","Coleccion",NA,"UNICACH","SPECIES","HEM","M.D.R.S.","105","N.M.M.","E","HEM2025",1,"Peperomia angustata",15.8128611111111,-93.1461944444444,"2005-05-21","change1: Filled coordinateUncertaintyInMeters from decimal-place precision (conservative). | epi_taxo: acceptedName(match1); authorship_epig(match1); genus_from_scientificName; family_WFO; order_majorGroup_WCVP [2026-03-11] | CoordinateCleaner QA applied without sea test (validity, equal, zeros, capitals, centroids, gbif, institutions) [2026-03-29]","","Colección","M.D.R.S.","N.M.M."
"2770","HEM2025_2770","PreservedSpecimen","Coleccion",NA,"UNICACH","SPECIES","HEM","J.M.M.","1727","N.M.M.","E","HEM2025",1,"Peperomia angustata",15.8275,-93.1108333333333,"2007-01-24","change1: Filled coordinateUncertaintyInMeters from decimal-place precision (conservative). | epi_taxo: acceptedName(match1); authorship_epig(match1); genus_from_scientificName; family_WFO; order_majorGroup_WCVP [2026-03-11] | CoordinateCleaner QA applied without sea test (validity, equal, zeros, capitals, centroids, gbif, institutions) [2026-03-29]","","Colección","J.M.M.","N.M.M."
"2771","HEM2025_2771","PreservedSpecimen","Coleccion",NA,"UNICACH","SPECIES","HEM","S.M.V.M.","203","N.M.M.","E","HEM2025",1,"Peperomia angustata",15.7555555555556,-93.0333333333333,"2002-03-15","change1: Filled coordinateUncertaintyInMeters from decimal-place precision (conservative). | epi_taxo: acceptedName(match1); authorship_epig(match1); genus_from_scientificName; family_WFO; order_majorGroup_WCVP [2026-03-11] | CoordinateCleaner QA applied without sea test (validity, equal, zeros, capitals, centroids, gbif, institutions) [2026-03-29]","","Colección","S.M.V.M.","N.M.M."
"2772","HEM2025_2772","PreservedSpecimen","Coleccion",NA,"UNICACH","SPECIES","HEM","P.D.V.","24","N.M.M.","E","HEM2025",1,"Peperomia angustata",16.7552777777778,-93.1786111111111,"1990-09-15","change1: Filled coordinateUncertaintyInMeters from decimal-place precision (conservative). | epi_taxo: acceptedName(match1); authorship_epig(match1); genus_from_scientificName; family_WFO; order_majorGroup_WCVP [2026-03-11] | CoordinateCleaner QA applied without sea test (validity, equal, zeros, capitals, centroids, gbif, institutions) [2026-03-29]","","Colección","P.D.V.","N.M.M."
"2773","HEM2025_2773","PreservedSpecimen","Coleccion",NA,"UNICACH","SPECIES","HEM","P.D.V.","24","N.M.M.","E","HEM2025",1,"Peperomia angustata",16.7552777777778,-93.1786111111111,"1990-09-15","change1: Filled coordinateUncertaintyInMeters from decimal-place precision (conservative). | epi_taxo: acceptedName(match1); authorship_epig(match1); genus_from_scientificName; family_WFO; order_majorGroup_WCVP [2026-03-11] | CoordinateCleaner QA applied without sea test (validity, equal, zeros, capitals, centroids, gbif, institutions) [2026-03-29]","","Colección","P.D.V.","N.M.M."
"2774","HEM2025_2774","PreservedSpecimen","Coleccion",NA,"UNICACH","SPECIES","HEM","M.M.M. | M.A.D.V.","891","N.M.M.","E","HEM2025",1,"Peperomia angustata",15.2828333333333,-92.2869388888889,"2013-03-03","change1: Filled coordinateUncertaintyInMeters from decimal-place precision (conservative). | epi_taxo: acceptedName(match1); authorship_epig(match1); genus_from_scientificName; family_WFO; order_majorGroup_WCVP [2026-03-11] | CoordinateCleaner QA applied without sea test (validity, equal, zeros, capitals, centroids, gbif, institutions) [2026-03-29]","standardized authors names in recordedBy","Colección","M.M.M. & M.A.D.V.","N.M.M."
"2775","HEM2025_2775","PreservedSpecimen","Coleccion",NA,"UNICACH","SPECIES","HEM","S.M.V.M.","197","N.M.M.","E","HEM2025",1,"Peperomia angustata",15.7555555555556,-93.0333333333333,"2002-03-15","change1: Filled coordinateUncertaintyInMeters from decimal-place precision (conservative). | epi_taxo: acceptedName(match1); authorship_epig(match1); genus_from_scientificName; family_WFO; order_majorGroup_WCVP [2026-03-11] | CoordinateCleaner QA applied without sea test (validity, equal, zeros, capitals, centroids, gbif, institutions) [2026-03-29]","","Colección","S.M.V.M.","N.M.M."
"2776","HEM2025_2776","PreservedSpecimen","Coleccion",NA,"UNICACH","SPECIES","HEM","M.M.M. | M.D.E.M.","1420","N.M.M.","E","HEM2025",1,"Peperomia arboricola",15.0858333333333,-92.0996111111111,"2013-04-30","change1: Filled coordinateUncertaintyInMeters from decimal-place precision (conservative). | epi_taxo: acceptedName(match1); authorship_epig(match1); genus_from_scientificName; family_WFO; order_majorGroup_WCVP [2026-03-11] | CoordinateCleaner QA applied without sea test (validity, equal, zeros, capitals, centroids, gbif, institutions) [2026-03-29]","standardized authors names in recordedBy","Colección","M.M.M. & M.D.E.M.","N.M.M."
"2777","HEM2025_2777","PreservedSpecimen","Coleccion",NA,"UNICACH","SPECIES","HEM","M.M.M. | M.A.D.V.","1508","N.M.M.","E","HEM2025",1,"Peperomia arboricola",15.0990833333333,-92.0988333333333,"2013-07-05","change1: Filled coordinateUncertaintyInMeters from decimal-place precision (conservative). | epi_taxo: acceptedName(match1); authorship_epig(match1); genus_from_scientificName; family_WFO; order_majorGroup_WCVP [2026-03-11] | CoordinateCleaner QA applied without sea test (validity, equal, zeros, capitals, centroids, gbif, institutions) [2026-03-29]","standardized authors names in recordedBy","Colección","M.M.M. & M.A.D.V.","N.M.M."
"2778","HEM2025_2778","PreservedSpecimen","Coleccion",NA,"UNICACH","SPECIES","HEM","M.M.M. | M.A.D.V.","1851","N.M.M.","E","HEM2025",1,"Peperomia arboricola",15.0820555555556,-92.1015277777778,"2013-05-30","change1: Filled coordinateUncertaintyInMeters from decimal-place precision (conservative). | epi_taxo: acceptedName(match1); authorship_epig(match1); genus_from_scientificName; family_WFO; order_majorGroup_WCVP [2026-03-11] | CoordinateCleaner QA applied without sea test (validity, equal, zeros, capitals, centroids, gbif, institutions) [2026-03-29]","standardized authors names in recordedBy","Colección","M.M.M. & M.A.D.V.","N.M.M."
"2779","HEM2025_2779","PreservedSpecimen","Coleccion",NA,"UNICACH","SPECIES","HEM","M.M.M. | M.A.D.V.","1979","N.M.M.","E","HEM2025",1,"Peperomia arboricola",15.1056666666667,-92.1073611111111,"2013-05-31","change1: Filled coordinateUncertaintyInMeters from decimal-place precision (conservative). | epi_taxo: acceptedName(match1); authorship_epig(match1); genus_from_scientificName; family_WFO; order_majorGroup_WCVP [2026-03-11] | CoordinateCleaner QA applied without sea test (validity, equal, zeros, capitals, centroids, gbif, institutions) [2026-03-29]","standardized authors names in recordedBy","Colección","M.M.M. & M.A.D.V.","N.M.M."
"2780","HEM2025_2780","PreservedSpecimen","Coleccion",NA,"UNICACH","SPECIES","HEM","M.M.M. | M.A.D.V.","2025","N.M.M.","E","HEM2025",1,"Peperomia arboricola",15.101,-92.0952222222222,"2013-06-27","change1: Filled coordinateUncertaintyInMeters from decimal-place precision (conservative). | epi_taxo: acceptedName(match1); authorship_epig(match1); genus_from_scientificName; family_WFO; order_majorGroup_WCVP [2026-03-11] | CoordinateCleaner QA applied without sea test (validity, equal, zeros, capitals, centroids, gbif, institutions) [2026-03-29]","standardized authors names in recordedBy","Colección","M.M.M. & M.A.D.V.","N.M.M."
"2781","HEM2025_2781","PreservedSpecimen","Coleccion",NA,"UNICACH","SPECIES","HEM","M.E.L.M.","570","Camilo, R.M.","E","HEM2025",1,"Peperomia asarifolia",15.8275,-93.0441666666667,"1999-11-18","change1: Filled coordinateUncertaintyInMeters from decimal-place precision (conservative). | epi_taxo: acceptedName(match1); authorship_epig(match1); genus_from_scientificName; family_WFO; order_majorGroup_WCVP [2026-03-11] | CoordinateCleaner QA applied without sea test (validity, equal, zeros, capitals, centroids, gbif, institutions) [2026-03-29]","standardized authors names in identifiedBy","Colección","M.E.L.M.","R.M. Camilo"
"2782","HEM2025_2782","PreservedSpecimen","Coleccion",NA,"UNICACH","SPECIES","HEM","Chagala, J.L.","54","R.G.M","E","HEM2025",3,"Peperomia asarifolia",15.8220555555556,-93.0455555555556,"2005-07-17","change1: Filled coordinateUncertaintyInMeters from decimal-place precision (conservative). | epi_taxo: acceptedName(match1); authorship_epig(match1); genus_from_scientificName; family_WFO; order_majorGroup_WCVP [2026-03-11] | CoordinateCleaner QA applied without sea test (validity, equal, zeros, capitals, centroids, gbif, institutions) [2026-03-29]","standardized authors names in recordedBy","Colección","J.L. Chagala","R.G.M"
"2783","HEM2025_2783","PreservedSpecimen","Coleccion",NA,"UNICACH","SPECIES","HEM","J.M.M.","950","R.G.M","E","HEM2025",3,"Peperomia asarifolia",15.8129166666667,-93.0569722222222,"2005-06-08","change1: Filled coordinateUncertaintyInMeters from decimal-place precision (conservative). | epi_taxo: acceptedName(match1); authorship_epig(match1); genus_from_scientificName; family_WFO; order_majorGroup_WCVP [2026-03-11] | CoordinateCleaner QA applied without sea test (validity, equal, zeros, capitals, centroids, gbif, institutions) [2026-03-29]","","Colección","J.M.M.","R.G.M"
"2784","HEM2025_2784","PreservedSpecimen","Coleccion",NA,"UNICACH","SPECIES","HEM","J.M.M.","997","R.G.M","E","HEM2025",3,"Peperomia asarifolia",15.8123888888889,-93.0741666666667,"2005-07-13","change1: Filled coordinateUncertaintyInMeters from decimal-place precision (conservative). | epi_taxo: acceptedName(match1); authorship_epig(match1); genus_from_scientificName; family_WFO; order_majorGroup_WCVP [2026-03-11] | CoordinateCleaner QA applied without sea test (validity, equal, zeros, capitals, centroids, gbif, institutions) [2026-03-29]","","Colección","J.M.M.","R.G.M"
"2785","HEM2025_2785","PreservedSpecimen","Coleccion",NA,"UNICACH","SPECIES","HEM","Camilo, R.M.","126","R.G.M","E","HEM2025",3,"Peperomia asarifolia",15.7727777777778,-93.09,"2001-07-18","change1: Filled coordinateUncertaintyInMeters from decimal-place precision (conservative). | epi_taxo: acceptedName(match1); authorship_epig(match1); genus_from_scientificName; family_WFO; order_majorGroup_WCVP [2026-03-11] | CoordinateCleaner QA applied without sea test (validity, equal, zeros, capitals, centroids, gbif, institutions) [2026-03-29]","standardized authors names in recordedBy","Colección","R.M. Camilo","R.G.M"
"2786","HEM2025_2786","PreservedSpecimen","Coleccion",NA,"UNICACH","SPECIES","HEM","Najarro, F.H.","608","R.G.M","E","HEM2025",3,"Peperomia asarifolia",15.7769444444444,-93.09,"2001-07-18","change1: Filled coordinateUncertaintyInMeters from decimal-place precision (conservative). | epi_taxo: acceptedName(match1); authorship_epig(match1); genus_from_scientificName; family_WFO; order_majorGroup_WCVP [2026-03-11] | CoordinateCleaner QA applied without sea test (validity, equal, zeros, capitals, centroids, gbif, institutions) [2026-03-29]","standardized authors names in recordedBy","Colección","F.H. Najarro","R.G.M"
"2787","HEM2025_2787","PreservedSpecimen","Coleccion",NA,"UNICACH","SPECIES","HEM","J.M.M.","1528","R.G.M","E","HEM2025",3,"Peperomia asarifolia",15.7572222222222,-93.0236111111111,"2006-10-15","change1: Filled coordinateUncertaintyInMeters from decimal-place precision (conservative). | epi_taxo: acceptedName(match1); authorship_epig(match1); genus_from_scientificName; family_WFO; order_majorGroup_WCVP [2026-03-11] | CoordinateCleaner QA applied without sea test (validity, equal, zeros, capitals, centroids, gbif, institutions) [2026-03-29]","","Colección","J.M.M.","R.G.M"
"2788","HEM2025_2788","PreservedSpecimen","Coleccion",NA,"UNICACH","SPECIES","HEM","N.M.M.","563","N.M.M.","E","HEM2025",1,"Peperomia cobana",15.6608333333333,-92.8275,"2004-11-11","change1: Filled coordinateUncertaintyInMeters from decimal-place precision (conservative). | epi_taxo: acceptedName(match1); authorship_epig(match1); genus_from_scientificName; family_WFO; order_majorGroup_WCVP [2026-03-11] | CoordinateCleaner QA applied without sea test (validity, equal, zeros, capitals, centroids, gbif, institutions) [2026-03-29]","","Colección","N.M.M.","N.M.M."
"2789","HEM2025_2789","PreservedSpecimen","Coleccion",NA,"UNICACH","SPECIES","HEM","H.G.D.","874","N.M.M.","E","HEM2025",1,"Peperomia cobana",15.6941666666667,-92.7941666666667,"2005-01-12","change1: Filled coordinateUncertaintyInMeters from decimal-place precision (conservative). | epi_taxo: acceptedName(match1); authorship_epig(match1); genus_from_scientificName; family_WFO; order_majorGroup_WCVP [2026-03-11] | CoordinateCleaner QA applied without sea test (validity, equal, zeros, capitals, centroids, gbif, institutions) [2026-03-29]","","Colección","H.G.D.","N.M.M."
"2790","HEM2025_2790","PreservedSpecimen","Coleccion",NA,"UNICACH","SPECIES","HEM","M.D.R.S.","246","N.M.M.","E","HEM2025",1,"Peperomia cobana",15.6358611111111,-92.6445,"2005-06-16","change1: Filled coordinateUncertaintyInMeters from decimal-place precision (conservative). | epi_taxo: acceptedName(match1); authorship_epig(match1); genus_from_scientificName; family_WFO; order_majorGroup_WCVP [2026-03-11] | CoordinateCleaner QA applied without sea test (validity, equal, zeros, capitals, centroids, gbif, institutions) [2026-03-29]","","Colección","M.D.R.S.","N.M.M."
"2791","HEM2025_2791","PreservedSpecimen","Coleccion",NA,"UNICACH","SPECIES","HEM","N.M.M.","1148","N.M.M.","E","HEM2025",1,"Peperomia cobana",15.6641666666667,-92.8136111111111,"2005-08-06","change1: Filled coordinateUncertaintyInMeters from decimal-place precision (conservative). | epi_taxo: acceptedName(match1); authorship_epig(match1); genus_from_scientificName; family_WFO; order_majorGroup_WCVP [2026-03-11] | CoordinateCleaner QA applied without sea test (validity, equal, zeros, capitals, centroids, gbif, institutions) [2026-03-29]","","Colección","N.M.M.","N.M.M."
"2792","HEM2025_2792","PreservedSpecimen","Coleccion",NA,"UNICACH","SPECIES","HEM","N.U.R.","2","N.M.M.","E","HEM2025",1,"Peperomia cobana",17.1894444444444,-93.1033333333333,"2005-02-11","change1: Filled coordinateUncertaintyInMeters from decimal-place precision (conservative). | epi_taxo: acceptedName(match1); authorship_epig(match1); genus_from_scientificName; family_WFO; order_majorGroup_WCVP [2026-03-11] | CoordinateCleaner QA applied without sea test (validity, equal, zeros, capitals, centroids, gbif, institutions) [2026-03-29]","","Colección","N.U.R.","N.M.M."
"2793","HEM2025_2793","PreservedSpecimen","Coleccion",NA,"UNICACH","SPECIES","HEM","F.E.P.C.","131","N.M.M.","E","HEM2025",1,"Peperomia cobana",15.8244444444444,-93.0630555555556,"1999-02-11","change1: Filled coordinateUncertaintyInMeters from decimal-place precision (conservative). | epi_taxo: acceptedName(match1); authorship_epig(match1); genus_from_scientificName; family_WFO; order_majorGroup_WCVP [2026-03-11] | CoordinateCleaner QA applied without sea test (validity, equal, zeros, capitals, centroids, gbif, institutions) [2026-03-29]","","Colección","F.E.P.C.","N.M.M."
"2794","HEM2025_2794","PreservedSpecimen","Coleccion",NA,"UNICACH","SPECIES","HEM","Perez-Farrera, M.A.","2426","N.M.M.","E","HEM2025",1,"Peperomia cobana",17.5041666666667,-92.8663888888889,"2000-07-25","change1: Filled coordinateUncertaintyInMeters from decimal-place precision (conservative). | epi_taxo: acceptedName(match1); authorship_epig(match1); genus_from_scientificName; family_WFO; order_majorGroup_WCVP [2026-03-11] | CoordinateCleaner QA applied without sea test (validity, equal, zeros, capitals, centroids, gbif, institutions) [2026-03-29]","standardized authors names in recordedBy","Colección","M.A. Pérez-Farrera","N.M.M."
"2795","HEM2025_2795","PreservedSpecimen","Coleccion",NA,"UNICACH","SPECIES","HEM","J.M.M.","1362","N.M.M.","E","HEM2025",1,"Peperomia cobana",16.2086111111111,-93.7144444444445,"2006-06-04","change1: Filled coordinateUncertaintyInMeters from decimal-place precision (conservative). | epi_taxo: acceptedName(match1); authorship_epig(match1); genus_from_scientificName; family_WFO; order_majorGroup_WCVP [2026-03-11] | CoordinateCleaner QA applied without sea test (validity, equal, zeros, capitals, centroids, gbif, institutions) [2026-03-29]","","Colección","J.M.M.","N.M.M."
"2796","HEM2025_2796","PreservedSpecimen","Coleccion",NA,"UNICACH","SPECIES","HEM","J.M.M.","1576","N.M.M.","E","HEM2025",1,"Peperomia cobana",15.4221944444444,-92.6244166666667,"2006-11-15","change1: Filled coordinateUncertaintyInMeters from decimal-place precision (conservative). | epi_taxo: acceptedName(match1); authorship_epig(match1); genus_from_scientificName; family_WFO; order_majorGroup_WCVP [2026-03-11] | CoordinateCleaner QA applied without sea test (validity, equal, zeros, capitals, centroids, gbif, institutions) [2026-03-29]","","Colección","J.M.M.","N.M.M."
"2797","HEM2025_2797","PreservedSpecimen","Coleccion",NA,"UNICACH","SPECIES","HEM","M.M.M. | M.A.D.V.","1012","N.M.M.","E","HEM2025",1,"Peperomia cobana",15.2485,-92.2715,"2013-03-06","change1: Filled coordinateUncertaintyInMeters from decimal-place precision (conservative). | epi_taxo: acceptedName(match1); authorship_epig(match1); genus_from_scientificName; family_WFO; order_majorGroup_WCVP [2026-03-11] | CoordinateCleaner QA applied without sea test (validity, equal, zeros, capitals, centroids, gbif, institutions) [2026-03-29]","standardized authors names in recordedBy","Colección","M.M.M. & M.A.D.V.","N.M.M."
"2798","HEM2025_2798","PreservedSpecimen","Coleccion",NA,"UNICACH","SPECIES","HEM","M.M.M. | M.A.D.V.","1687","N.M.M.","E","HEM2025",1,"Peperomia cobana",15.0942777777778,-92.1151111111111,"2013-05-23","change1: Filled coordinateUncertaintyInMeters from decimal-place precision (conservative). | epi_taxo: acceptedName(match1); authorship_epig(match1); genus_from_scientificName; family_WFO; order_majorGroup_WCVP [2026-03-11] | CoordinateCleaner QA applied without sea test (validity, equal, zeros, capitals, centroids, gbif, institutions) [2026-03-29]","standardized authors names in recordedBy","Colección","M.M.M. & M.A.D.V.","N.M.M."
"2799","HEM2025_2799","PreservedSpecimen","Coleccion",NA,"UNICACH","SPECIES","HEM","M.M.M. | M.A.D.V.","1713","N.M.M.","E","HEM2025",1,"Peperomia cobana",15.0828333333333,-92.0994444444444,"2013-05-25","change1: Filled coordinateUncertaintyInMeters from decimal-place precision (conservative). | epi_taxo: acceptedName(match1); authorship_epig(match1); genus_from_scientificName; family_WFO; order_majorGroup_WCVP [2026-03-11] | CoordinateCleaner QA applied without sea test (validity, equal, zeros, capitals, centroids, gbif, institutions) [2026-03-29]","standardized authors names in recordedBy","Colección","M.M.M. & M.A.D.V.","N.M.M."
"2800","HEM2025_2800","PreservedSpecimen","Coleccion",NA,"UNICACH","SPECIES","HEM","M.M.M. | M.A.D.V.","1860","N.M.M.","E","HEM2025",1,"Peperomia cobana",15.0820555555556,-92.1015277777778,"2013-05-30","change1: Filled coordinateUncertaintyInMeters from decimal-place precision (conservative). | epi_taxo: acceptedName(match1); authorship_epig(match1); genus_from_scientificName; family_WFO; order_majorGroup_WCVP [2026-03-11] | CoordinateCleaner QA applied without sea test (validity, equal, zeros, capitals, centroids, gbif, institutions) [2026-03-29]","standardized authors names in recordedBy","Colección","M.M.M. & M.A.D.V.","N.M.M."
"2801","HEM2025_2801","PreservedSpecimen","Coleccion",NA,"UNICACH","SPECIES","HEM","N.M.M.","127","N.M.M.","E","HEM2025",1,"Peperomia cobana",15.7,-92.9805555555556,"2001-12-21","change1: Filled coordinateUncertaintyInMeters from decimal-place precision (conservative). | epi_taxo: acceptedName(match1); authorship_epig(match1); genus_from_scientificName; family_WFO; order_majorGroup_WCVP [2026-03-11] | CoordinateCleaner QA applied without sea test (validity, equal, zeros, capitals, centroids, gbif, institutions) [2026-03-29]","","Colección","N.M.M.","N.M.M."
"2802","HEM2025_2802","PreservedSpecimen","Coleccion",NA,"UNICACH","SPECIES","HEM","Camilo, R.M.","247","N.M.M.","E","HEM2025",1,"Peperomia cobana",15.7,-92.9805555555556,"2001-12-21","change1: Filled coordinateUncertaintyInMeters from decimal-place precision (conservative). | epi_taxo: acceptedName(match1); authorship_epig(match1); genus_from_scientificName; family_WFO; order_majorGroup_WCVP [2026-03-11] | CoordinateCleaner QA applied without sea test (validity, equal, zeros, capitals, centroids, gbif, institutions) [2026-03-29]","standardized authors names in recordedBy","Colección","R.M. Camilo","N.M.M."
"2803","HEM2025_2803","PreservedSpecimen","Coleccion",NA,"UNICACH","SPECIES","HEM","Camilo, R.M. | M.I.L.R. | N.A.F.R.","2217","Camilo, R.M.","E","HEM2025",1,"Peperomia cobana",15.1024166666667,-92.1347222222222,"2014-07-04","change1: Filled coordinateUncertaintyInMeters from decimal-place precision (conservative). | epi_taxo: acceptedName(match1); authorship_epig(match1); genus_from_scientificName; family_WFO; order_majorGroup_WCVP [2026-03-11] | CoordinateCleaner QA applied without sea test (validity, equal, zeros, capitals, centroids, gbif, institutions) [2026-03-29]","standardized authors names in recordedBy / standardized authors names in identifiedBy","Colección","R.M. Camilo & M.I.L.R. & N.A.F.R.","R.M. Camilo"
"2804","HEM2025_2804","PreservedSpecimen","Coleccion",NA,"UNICACH","SPECIES","HEM","M.M.M. | D.A.J.L. | R.J.R.V.","5471","N.M.M.","E","HEM2025",1,"Peperomia cobana",15.1071944444444,-92.1756666666667,"2015-03-25","change1: Filled coordinateUncertaintyInMeters from decimal-place precision (conservative). | epi_taxo: acceptedName(match1); authorship_epig(match1); genus_from_scientificName; family_WFO; order_majorGroup_WCVP [2026-03-11] | CoordinateCleaner QA applied without sea test (validity, equal, zeros, capitals, centroids, gbif, institutions) [2026-03-29]","standardized authors names in recordedBy","Colección","M.M.M. & D.A.J.L. & R.J.R.V.","N.M.M."
"2805","HEM2025_2805","PreservedSpecimen","Coleccion",NA,"UNICACH","SPECIES","HEM","A.R.A.","303","N.M.M.","E","HEM2025",1,"Peperomia emarginulata",15.8213888888889,-93.0488888888889,"2005-04-22","change1: Filled coordinateUncertaintyInMeters from decimal-place precision (conservative). | epi_taxo: acceptedName(match1); authorship_epig(match1); genus_from_scientificName; family_WFO; order_majorGroup_WCVP [2026-03-11] | CoordinateCleaner QA applied without sea test (validity, equal, zeros, capitals, centroids, gbif, institutions) [2026-03-29]","","Colección","A.R.A.","N.M.M."
"2806","HEM2025_2806","PreservedSpecimen","Coleccion",NA,"UNICACH","SPECIES","HEM","M.E.L.M.","453","Camilo, R.M.","E","HEM2025",1,"Peperomia emarginulata",15.4836111111111,-92.6005555555555,"1999-07-01","change1: Filled coordinateUncertaintyInMeters from decimal-place precision (conservative). | epi_taxo: acceptedName(match1); authorship_epig(match1); genus_from_scientificName; family_WFO; order_majorGroup_WCVP [2026-03-11] | CoordinateCleaner QA applied without sea test (validity, equal, zeros, capitals, centroids, gbif, institutions) [2026-03-29]","standardized authors names in identifiedBy","Colección","M.E.L.M.","R.M. Camilo"
"2807","HEM2025_2807","PreservedSpecimen","Coleccion",NA,"UNICACH","SPECIES","HEM","R.R.S.","66","R.R.S.","E","HEM2025",1,"Peperomia emarginulata",15.7380555555556,-92.9355555555556,"2001-01-24","change1: Filled coordinateUncertaintyInMeters from decimal-place precision (conservative). | epi_taxo: acceptedName(match1); authorship_epig(match1); genus_from_scientificName; family_WFO; order_majorGroup_WCVP [2026-03-11] | CoordinateCleaner QA applied without sea test (validity, equal, zeros, capitals, centroids, gbif, institutions) [2026-03-29]","","Colección","R.R.S.","R.R.S."
"2808","HEM2025_2808","PreservedSpecimen","Coleccion",NA,"UNICACH","SPECIES","HEM","S.M.V.M.","141","R.R.S.","E","HEM2025",1,"Peperomia emarginulata",15.7072222222222,-92.9841666666667,"2001-09-28","change1: Filled coordinateUncertaintyInMeters from decimal-place precision (conservative). | epi_taxo: acceptedName(match1); authorship_epig(match1); genus_from_scientificName; family_WFO; order_majorGroup_WCVP [2026-03-11] | CoordinateCleaner QA applied without sea test (validity, equal, zeros, capitals, centroids, gbif, institutions) [2026-03-29]","","Colección","S.M.V.M.","R.R.S."
"2809","HEM2025_2809","PreservedSpecimen","Coleccion",NA,"UNICACH","SPECIES","HEM","H.G.D.","312","O.F.S.","E","HEM2025",1,"Peperomia emarginulata",16.01,-93.3122222222222,"2003-05-02","change1: Filled coordinateUncertaintyInMeters from decimal-place precision (conservative). | epi_taxo: acceptedName(match1); authorship_epig(match1); genus_from_scientificName; family_WFO; order_majorGroup_WCVP [2026-03-11] | CoordinateCleaner QA applied without sea test (validity, equal, zeros, capitals, centroids, gbif, institutions) [2026-03-29]","","Colección","H.G.D.","O.F.S."
"2810","HEM2025_2810","PreservedSpecimen","Coleccion",NA,"UNICACH","SPECIES","HEM","Perez-Farrera, M.A.","2663","R.R.S.","E","HEM2025",1,"Peperomia emarginulata",15.7011111111111,-92.9816666666667,"2002-04-12","change1: Filled coordinateUncertaintyInMeters from decimal-place precision (conservative). | epi_taxo: acceptedName(match1); authorship_epig(match1); genus_from_scientificName; family_WFO; order_majorGroup_WCVP [2026-03-11] | CoordinateCleaner QA applied without sea test (validity, equal, zeros, capitals, centroids, gbif, institutions) [2026-03-29]","standardized authors names in recordedBy","Colección","M.A. Pérez-Farrera","R.R.S."
"2811","HEM2025_2811","PreservedSpecimen","Coleccion",NA,"UNICACH","SPECIES","HEM","M.M.M. | D.A.J.L. | R.J.R.V.","5556","N.M.M.","E","HEM2025",1,"Peperomia quadrifolia",15.1179722222222,-92.1553333333333,"2015-03-26","change1: Filled coordinateUncertaintyInMeters from decimal-place precision (conservative). | epi_taxo: acceptedName(match1); authorship_epig(match1); genus_from_scientificName; family_WFO; order_majorGroup_WCVP [2026-03-11] | CoordinateCleaner QA applied without sea test (validity, equal, zeros, capitals, centroids, gbif, institutions) [2026-03-29]","standardized authors names in recordedBy","Colección","M.M.M. & D.A.J.L. & R.J.R.V.","N.M.M."
"2812","HEM2025_2812","PreservedSpecimen","Coleccion",NA,"UNICACH","SPECIES","HEM","M.D.R.S.","71","N.M.M.","E","HEM2025",1,"Peperomia cyclophylla",16.7671388888889,-93.1065,"2005-05-19","change1: Filled coordinateUncertaintyInMeters from decimal-place precision (conservative). | epi_taxo: acceptedName(match1); authorship_epig(match1); genus_from_scientificName; family_WFO; order_majorGroup_WCVP [2026-03-11] | CoordinateCleaner QA applied without sea test (validity, equal, zeros, capitals, centroids, gbif, institutions) [2026-03-29]","","Colección","M.D.R.S.","N.M.M."
"2813","HEM2025_2813","PreservedSpecimen","Coleccion",NA,"UNICACH","SPECIES","HEM","M.D.R.S.","127","N.M.M.","E","HEM2025",1,"Peperomia cyclophylla",15.8128611111111,-93.1461944444444,"2005-05-21","change1: Filled coordinateUncertaintyInMeters from decimal-place precision (conservative). | epi_taxo: acceptedName(match1); authorship_epig(match1); genus_from_scientificName; family_WFO; order_majorGroup_WCVP [2026-03-11] | CoordinateCleaner QA applied without sea test (validity, equal, zeros, capitals, centroids, gbif, institutions) [2026-03-29]","","Colección","M.D.R.S.","N.M.M."
"2814","HEM2025_2814","PreservedSpecimen","Coleccion",NA,"UNICACH","SPECIES","HEM","A.L.C.","86","N.M.M.","E","HEM2025",1,"Peperomia cyclophylla",15.3536111111111,-92.7027777777778,"2005-07-04","change1: Filled coordinateUncertaintyInMeters from decimal-place precision (conservative). | epi_taxo: acceptedName(match1); authorship_epig(match1); genus_from_scientificName; family_WFO; order_majorGroup_WCVP [2026-03-11] | CoordinateCleaner QA applied without sea test (validity, equal, zeros, capitals, centroids, gbif, institutions) [2026-03-29]","","Colección","A.L.C.","N.M.M."
"2815","HEM2025_2815","PreservedSpecimen","Coleccion",NA,"UNICACH","SPECIES","HEM","N.M.M.","1956","N.M.M.","E","HEM2025",1,"Peperomia cyclophylla",15.7389166666667,-93.1490833333333,"2007-01-24","change1: Filled coordinateUncertaintyInMeters from decimal-place precision (conservative). | epi_taxo: acceptedName(match1); authorship_epig(match1); genus_from_scientificName; family_WFO; order_majorGroup_WCVP [2026-03-11] | CoordinateCleaner QA applied without sea test (validity, equal, zeros, capitals, centroids, gbif, institutions) [2026-03-29]","","Colección","N.M.M.","N.M.M."
"2816","HEM2025_2816","PreservedSpecimen","Coleccion",NA,"UNICACH","SPECIES","HEM","E.M.S. | A.M.G. | G.U. | M.R.","19895","R.C.P.","E","HEM2025",1,"Peperomia cyclophylla",14.9594444444444,-92.1655555555556,"1987-02-09","change1: Filled coordinateUncertaintyInMeters from decimal-place precision (conservative). | epi_taxo: acceptedName(match1); authorship_epig(match1); genus_from_scientificName; family_WFO; order_majorGroup_WCVP [2026-03-11] | CoordinateCleaner QA applied without sea test (validity, equal, zeros, capitals, centroids, gbif, institutions) [2026-03-29]","standardized authors names in recordedBy","Colección","E.M.S. & A.M.G. & G.U. & M.R.","R.C.P."
"2817","HEM2025_2817","PreservedSpecimen","Coleccion",NA,"UNICACH","SPECIES","HEM","M.D.R.S.","40","N.M.M.","E","HEM2025",1,"Peperomia dendrophila",15.7697222222222,-92.9361111111111,"2005-04-21","change1: Filled coordinateUncertaintyInMeters from decimal-place precision (conservative). | epi_taxo: acceptedName(match1); authorship_epig(match1); genus_from_scientificName; family_WFO; order_majorGroup_WCVP [2026-03-11] | CoordinateCleaner QA applied without sea test (validity, equal, zeros, capitals, centroids, gbif, institutions) [2026-03-29]","","Colección","M.D.R.S.","N.M.M."
"2818","HEM2025_2818","PreservedSpecimen","Coleccion",NA,"UNICACH","SPECIES","HEM","M.D.R.S.","15","N.M.M.","E","HEM2025",1,"Peperomia dendrophila",15.8804444444444,-93.1959722222222,"2005-03-31","change1: Filled coordinateUncertaintyInMeters from decimal-place precision (conservative). | epi_taxo: acceptedName(match1); authorship_epig(match1); genus_from_scientificName; family_WFO; order_majorGroup_WCVP [2026-03-11] | CoordinateCleaner QA applied without sea test (validity, equal, zeros, capitals, centroids, gbif, institutions) [2026-03-29]","","Colección","M.D.R.S.","N.M.M."
"2819","HEM2025_2819","PreservedSpecimen","Coleccion",NA,"UNICACH","SPECIES","HEM","M.E.L.M.","414","N.M.M.","E","HEM2025",1,"Peperomia dendrophila",15.4836111111111,-92.6005555555555,"1999-07-01","change1: Filled coordinateUncertaintyInMeters from decimal-place precision (conservative). | epi_taxo: acceptedName(match1); authorship_epig(match1); genus_from_scientificName; family_WFO; order_majorGroup_WCVP [2026-03-11] | CoordinateCleaner QA applied without sea test (validity, equal, zeros, capitals, centroids, gbif, institutions) [2026-03-29]","","Colección","M.E.L.M.","N.M.M."
"2820","HEM2025_2820","PreservedSpecimen","Coleccion",NA,"UNICACH","SPECIES","HEM","J.M.M.","729","N.M.M.","E","HEM2025",1,"Peperomia dendrophila",15.6063055555556,-92.6553611111111,"2005-01-17","change1: Filled coordinateUncertaintyInMeters from decimal-place precision (conservative). | epi_taxo: acceptedName(match1); authorship_epig(match1); genus_from_scientificName; family_WFO; order_majorGroup_WCVP [2026-03-11] | CoordinateCleaner QA applied without sea test (validity, equal, zeros, capitals, centroids, gbif, institutions) [2026-03-29]","","Colección","J.M.M.","N.M.M."
"2821","HEM2025_2821","PreservedSpecimen","Coleccion",NA,"UNICACH","SPECIES","HEM","J.M.M.","91","N.M.M.","E","HEM2025",1,"Peperomia dendrophila",15.9727777777778,-93.4708333333333,"2002-10-12","change1: Filled coordinateUncertaintyInMeters from decimal-place precision (conservative). | epi_taxo: acceptedName(match1); authorship_epig(match1); genus_from_scientificName; family_WFO; order_majorGroup_WCVP [2026-03-11] | CoordinateCleaner QA applied without sea test (validity, equal, zeros, capitals, centroids, gbif, institutions) [2026-03-29]","","Colección","J.M.M.","N.M.M."
"2822","HEM2025_2822","PreservedSpecimen","Coleccion",NA,"UNICACH","SPECIES","HEM","H.G.D.","288","N.M.M.","E","HEM2025",1,"Peperomia dendrophila",16.01,-93.3122222222222,"2003-05-02","change1: Filled coordinateUncertaintyInMeters from decimal-place precision (conservative). | epi_taxo: acceptedName(match1); authorship_epig(match1); genus_from_scientificName; family_WFO; order_majorGroup_WCVP [2026-03-11] | CoordinateCleaner QA applied without sea test (validity, equal, zeros, capitals, centroids, gbif, institutions) [2026-03-29]","","Colección","H.G.D.","N.M.M."
"2823","HEM2025_2823","PreservedSpecimen","Coleccion",NA,"UNICACH","SPECIES","HEM","H.G.D.","1283","N.M.M.","E","HEM2025",1,"Peperomia dendrophila",15.8138888888889,-93.0305555555556,"2006-04-20","change1: Filled coordinateUncertaintyInMeters from decimal-place precision (conservative). | epi_taxo: acceptedName(match1); authorship_epig(match1); genus_from_scientificName; family_WFO; order_majorGroup_WCVP [2026-03-11] | CoordinateCleaner QA applied without sea test (validity, equal, zeros, capitals, centroids, gbif, institutions) [2026-03-29]","","Colección","H.G.D.","N.M.M."
"2824","HEM2025_2824","PreservedSpecimen","Coleccion",NA,"UNICACH","SPECIES","HEM","J.M.M.","1201","N.M.M.","E","HEM2025",1,"Peperomia dendrophila",15.4841388888889,-92.6805277777778,"2006-03-23","change1: Filled coordinateUncertaintyInMeters from decimal-place precision (conservative). | epi_taxo: acceptedName(match1); authorship_epig(match1); genus_from_scientificName; family_WFO; order_majorGroup_WCVP [2026-03-11] | CoordinateCleaner QA applied without sea test (validity, equal, zeros, capitals, centroids, gbif, institutions) [2026-03-29]","","Colección","J.M.M.","N.M.M."
"2825","HEM2025_2825","PreservedSpecimen","Coleccion",NA,"UNICACH","SPECIES","HEM","S.M.V.M.","114","R.R.S.","E","HEM2025",1,"Peperomia dendrophila",15.7072222222222,-92.9841666666667,"2001-09-28","change1: Filled coordinateUncertaintyInMeters from decimal-place precision (conservative). | epi_taxo: acceptedName(match1); authorship_epig(match1); genus_from_scientificName; family_WFO; order_majorGroup_WCVP [2026-03-11] | CoordinateCleaner QA applied without sea test (validity, equal, zeros, capitals, centroids, gbif, institutions) [2026-03-29]","","Colección","S.M.V.M.","R.R.S."
"2826","HEM2025_2826","PreservedSpecimen","Coleccion",NA,"UNICACH","SPECIES","HEM","J.M.M.","1289","N.M.M.","E","HEM2025",1,"Peperomia dendrophila",16.2145277777778,-93.7202777777778,"2006-05-03","change1: Filled coordinateUncertaintyInMeters from decimal-place precision (conservative). | epi_taxo: acceptedName(match1); authorship_epig(match1); genus_from_scientificName; family_WFO; order_majorGroup_WCVP [2026-03-11] | CoordinateCleaner QA applied without sea test (validity, equal, zeros, capitals, centroids, gbif, institutions) [2026-03-29]","","Colección","J.M.M.","N.M.M."
"2827","HEM2025_2827","PreservedSpecimen","Coleccion",NA,"UNICACH","SPECIES","HEM","Perez-Farrera, M.A.","234-bis","N.M.M.","E","HEM2025",1,"Peperomia dendrophila",16.1944444444444,-93.6083333333333,"1995-04-03","change1: Filled coordinateUncertaintyInMeters from decimal-place precision (conservative). | epi_taxo: acceptedName(match1); authorship_epig(match1); genus_from_scientificName; family_WFO; order_majorGroup_WCVP [2026-03-11] | CoordinateCleaner QA applied without sea test (validity, equal, zeros, capitals, centroids, gbif, institutions) [2026-03-29]","standardized authors names in recordedBy","Colección","M.A. Pérez-Farrera","N.M.M."
"2828","HEM2025_2828","PreservedSpecimen","Coleccion",NA,"UNICACH","SPECIES","HEM","E.M.S. | A.M.G. | G.U.","20004","N.M.M.","E","HEM2025",1,"Peperomia dendrophila",15.4027777777778,-92.2469444444445,"1987-02-11","change1: Filled coordinateUncertaintyInMeters from decimal-place precision (conservative). | epi_taxo: acceptedName(match1); authorship_epig(match1); genus_from_scientificName; family_WFO; order_majorGroup_WCVP [2026-03-11] | CoordinateCleaner QA applied without sea test (validity, equal, zeros, capitals, centroids, gbif, institutions) [2026-03-29]","standardized authors names in recordedBy","Colección","E.M.S. & A.M.G. & G.U.","N.M.M."
"2829","HEM2025_2829","PreservedSpecimen","Coleccion",NA,"UNICACH","SPECIES","HEM","Perez-Farrera, M.A.","234","N.M.M.","E","HEM2025",1,"Peperomia dendrophila",16.5916666666667,-93.6084166666667,"1995-04-03","change1: Filled coordinateUncertaintyInMeters from decimal-place precision (conservative). | epi_taxo: acceptedName(match1); authorship_epig(match1); genus_from_scientificName; family_WFO; order_majorGroup_WCVP [2026-03-11] | CoordinateCleaner QA applied without sea test (validity, equal, zeros, capitals, centroids, gbif, institutions) [2026-03-29]","standardized authors names in recordedBy","Colección","M.A. Pérez-Farrera","N.M.M."
"2830","HEM2025_2830","PreservedSpecimen","Coleccion",NA,"UNICACH","SPECIES","HEM","Perez-Farrera, M.A.","234","N.M.M.","E","HEM2025",1,"Peperomia dendrophila",16.5916666666667,-93.6084166666667,"1995-04-03","change1: Filled coordinateUncertaintyInMeters from decimal-place precision (conservative). | epi_taxo: acceptedName(match1); authorship_epig(match1); genus_from_scientificName; family_WFO; order_majorGroup_WCVP [2026-03-11] | CoordinateCleaner QA applied without sea test (validity, equal, zeros, capitals, centroids, gbif, institutions) [2026-03-29]","standardized authors names in recordedBy","Colección","M.A. Pérez-Farrera","N.M.M."
"2831","HEM2025_2831","PreservedSpecimen","Coleccion",NA,"UNICACH","SPECIES","HEM","M.M.M. | M.A.D.V.","787","N.M.M.","E","HEM2025",1,"Peperomia dendrophila",15.2487777777778,-92.2863333333333,"2013-03-01","change1: Filled coordinateUncertaintyInMeters from decimal-place precision (conservative). | epi_taxo: acceptedName(match1); authorship_epig(match1); genus_from_scientificName; family_WFO; order_majorGroup_WCVP [2026-03-11] | CoordinateCleaner QA applied without sea test (validity, equal, zeros, capitals, centroids, gbif, institutions) [2026-03-29]","standardized authors names in recordedBy","Colección","M.M.M. & M.A.D.V.","N.M.M."
"2832","HEM2025_2832","PreservedSpecimen","Coleccion",NA,"UNICACH","SPECIES","HEM","M.M.M. | M.D.E.M.","1370","N.M.M.","E","HEM2025",1,"Peperomia dendrophila",15.0844166666667,-92.10275,"2013-04-30","change1: Filled coordinateUncertaintyInMeters from decimal-place precision (conservative). | epi_taxo: acceptedName(match1); authorship_epig(match1); genus_from_scientificName; family_WFO; order_majorGroup_WCVP [2026-03-11] | CoordinateCleaner QA applied without sea test (validity, equal, zeros, capitals, centroids, gbif, institutions) [2026-03-29]","standardized authors names in recordedBy","Colección","M.M.M. & M.D.E.M.","N.M.M."
"2833","HEM2025_2833","PreservedSpecimen","Coleccion",NA,"UNICACH","SPECIES","HEM","M.M.M. | D.A.J.L.","3603","N.M.M.","E","HEM2025",1,"Peperomia dendrophila",15.1621666666667,-92.1458611111111,"2014-01-17","change1: Filled coordinateUncertaintyInMeters from decimal-place precision (conservative). | epi_taxo: acceptedName(match1); authorship_epig(match1); genus_from_scientificName; family_WFO; order_majorGroup_WCVP [2026-03-11] | CoordinateCleaner QA applied without sea test (validity, equal, zeros, capitals, centroids, gbif, institutions) [2026-03-29]","standardized authors names in recordedBy","Colección","M.M.M. & D.A.J.L.","N.M.M."
"2834","HEM2025_2834","PreservedSpecimen","Coleccion",NA,"UNICACH","SPECIES","HEM","M.M.M. | D.A.J.L.","3534","N.M.M.","E","HEM2025",1,"Peperomia dendrophila",15.1512777777778,-92.1338888888889,"2014-01-17","change1: Filled coordinateUncertaintyInMeters from decimal-place precision (conservative). | epi_taxo: acceptedName(match1); authorship_epig(match1); genus_from_scientificName; family_WFO; order_majorGroup_WCVP [2026-03-11] | CoordinateCleaner QA applied without sea test (validity, equal, zeros, capitals, centroids, gbif, institutions) [2026-03-29]","standardized authors names in recordedBy","Colección","M.M.M. & D.A.J.L.","N.M.M."
"2835","HEM2025_2835","PreservedSpecimen","Coleccion",NA,"UNICACH","SPECIES","HEM","M.M.M. | M.C.R.M.","4092-BIS","N.M.M.","E","HEM2025",1,"Peperomia dendrophila",15.0851111111111,-92.1007222222222,"2014-02-06","change1: Filled coordinateUncertaintyInMeters from decimal-place precision (conservative). | epi_taxo: acceptedName(match1); authorship_epig(match1); genus_from_scientificName; family_WFO; order_majorGroup_WCVP [2026-03-11] | CoordinateCleaner QA applied without sea test (validity, equal, zeros, capitals, centroids, gbif, institutions) [2026-03-29]","standardized authors names in recordedBy","Colección","M.M.M. & M.C.R.M.","N.M.M."
"2836","HEM2025_2836","PreservedSpecimen","Coleccion",NA,"UNICACH","SPECIES","HEM","Perez-Farrera, M.A.","2806","N.M.M.","E","HEM2025",1,"Peperomia dendrophila",15.8775,-93.2275,"2002-05-25","change1: Filled coordinateUncertaintyInMeters from decimal-place precision (conservative). | epi_taxo: acceptedName(match1); authorship_epig(match1); genus_from_scientificName; family_WFO; order_majorGroup_WCVP [2026-03-11] | CoordinateCleaner QA applied without sea test (validity, equal, zeros, capitals, centroids, gbif, institutions) [2026-03-29]","standardized authors names in recordedBy","Colección","M.A. Pérez-Farrera","N.M.M."
"2837","HEM2025_2837","PreservedSpecimen","Coleccion",NA,"UNICACH","SPECIES","HEM","Perez-Farrera, M.A.","2778-bis","N.M.M.","E","HEM2025",1,"Peperomia dendrophila",15.8775,-93.2275,"2002-05-25","change1: Filled coordinateUncertaintyInMeters from decimal-place precision (conservative). | epi_taxo: acceptedName(match1); authorship_epig(match1); genus_from_scientificName; family_WFO; order_majorGroup_WCVP [2026-03-11] | CoordinateCleaner QA applied without sea test (validity, equal, zeros, capitals, centroids, gbif, institutions) [2026-03-29]","standardized authors names in recordedBy","Colección","M.A. Pérez-Farrera","N.M.M."
"2838","HEM2025_2838","PreservedSpecimen","Coleccion",NA,"UNICACH","SPECIES","HEM","G.U. | E.M.S. | A.M.G.","41-bis2","G.U.","E","HEM2025",1,"Peperomia deppeana",16.7944444444444,-93.1008333333333,"1987-02-18","change1: Filled coordinateUncertaintyInMeters from decimal-place precision (conservative). | epi_taxo: acceptedName(match1); authorship_epig(match1); genus_from_scientificName; family_WFO; order_majorGroup_WCVP [2026-03-11] | CoordinateCleaner QA applied without sea test (validity, equal, zeros, capitals, centroids, gbif, institutions) [2026-03-29]","standardized authors names in recordedBy","Colección","G.U. & E.M.S. & A.M.G.","G.U."
"2839","HEM2025_2839","PreservedSpecimen","Coleccion",NA,"UNICACH","SPECIES","HEM","G.U. | E.M.S. | A.M.G.","41-bis2","G.U.","E","HEM2025",1,"Peperomia deppeana",16.7944444444444,-93.1008333333333,"1987-02-18","change1: Filled coordinateUncertaintyInMeters from decimal-place precision (conservative). | epi_taxo: acceptedName(match1); authorship_epig(match1); genus_from_scientificName; family_WFO; order_majorGroup_WCVP [2026-03-11] | CoordinateCleaner QA applied without sea test (validity, equal, zeros, capitals, centroids, gbif, institutions) [2026-03-29]","standardized authors names in recordedBy","Colección","G.U. & E.M.S. & A.M.G.","G.U."
"2840","HEM2025_2840","PreservedSpecimen","Coleccion",NA,"UNICACH","SPECIES","HEM","G.U. | E.M.S. | A.M.G.","40","G.U.","E","HEM2025",1,"Peperomia deppeana",16.7944444444444,-93.1008333333333,"1987-02-18","change1: Filled coordinateUncertaintyInMeters from decimal-place precision (conservative). | epi_taxo: acceptedName(match1); authorship_epig(match1); genus_from_scientificName; family_WFO; order_majorGroup_WCVP [2026-03-11] | CoordinateCleaner QA applied without sea test (validity, equal, zeros, capitals, centroids, gbif, institutions) [2026-03-29]","standardized authors names in recordedBy","Colección","G.U. & E.M.S. & A.M.G.","G.U."
"2841","HEM2025_2841","PreservedSpecimen","Coleccion",NA,"UNICACH","SPECIES","HEM","G.U. | E.M.S. | A.M.G.","40","G.U.","E","HEM2025",1,"Peperomia deppeana",16.7944444444444,-93.1008333333333,"1987-02-18","change1: Filled coordinateUncertaintyInMeters from decimal-place precision (conservative). | epi_taxo: acceptedName(match1); authorship_epig(match1); genus_from_scientificName; family_WFO; order_majorGroup_WCVP [2026-03-11] | CoordinateCleaner QA applied without sea test (validity, equal, zeros, capitals, centroids, gbif, institutions) [2026-03-29]","standardized authors names in recordedBy","Colección","G.U. & E.M.S. & A.M.G.","G.U."
"2842","HEM2025_2842","PreservedSpecimen","Coleccion",NA,"UNICACH","SPECIES","HEM","G.U. | E.M.S. | A.M.G.","41","G.U.","E","HEM2025",1,"Peperomia deppeana",16.7944444444444,-93.1008333333333,"1987-02-18","change1: Filled coordinateUncertaintyInMeters from decimal-place precision (conservative). | epi_taxo: acceptedName(match1); authorship_epig(match1); genus_from_scientificName; family_WFO; order_majorGroup_WCVP [2026-03-11] | CoordinateCleaner QA applied without sea test (validity, equal, zeros, capitals, centroids, gbif, institutions) [2026-03-29]","standardized authors names in recordedBy","Colección","G.U. & E.M.S. & A.M.G.","G.U."
"2843","HEM2025_2843","PreservedSpecimen","Coleccion",NA,"UNICACH","SPECIES","HEM","G.U. | E.M.S. | A.M.G.","41","G.U.","E","HEM2025",1,"Peperomia deppeana",16.7944444444444,-93.1008333333333,"1987-02-18","change1: Filled coordinateUncertaintyInMeters from decimal-place precision (conservative). | epi_taxo: acceptedName(match1); authorship_epig(match1); genus_from_scientificName; family_WFO; order_majorGroup_WCVP [2026-03-11] | CoordinateCleaner QA applied without sea test (validity, equal, zeros, capitals, centroids, gbif, institutions) [2026-03-29]","standardized authors names in recordedBy","Colección","G.U. & E.M.S. & A.M.G.","G.U."
"2844","HEM2025_2844","PreservedSpecimen","Coleccion",NA,"UNICACH","SPECIES","HEM","M.M.M. | M.A.D.V.","1003","N.M.M.","E","HEM2025",1,"Peperomia distachya",15.2485,-92.2715,"2013-03-06","change1: Filled coordinateUncertaintyInMeters from decimal-place precision (conservative). | epi_taxo: acceptedName(match1); authorship_epig(match1); genus_from_scientificName; family_WFO; order_majorGroup_WCVP [2026-03-11] | CoordinateCleaner QA applied without sea test (validity, equal, zeros, capitals, centroids, gbif, institutions) [2026-03-29]","standardized authors names in recordedBy","Colección","M.M.M. & M.A.D.V.","N.M.M."
"2845","HEM2025_2845","PreservedSpecimen","Coleccion",NA,"UNICACH","SPECIES","HEM","M.M.M. | N.M.M. | R.J.R.V. | E.C.N.","4615","N.M.M.","E","HEM2025",1,"Peperomia distachya",15.0910555555556,-92.14175,"2014-07-04","change1: Filled coordinateUncertaintyInMeters from decimal-place precision (conservative). | epi_taxo: acceptedName(match1); authorship_epig(match1); genus_from_scientificName; family_WFO; order_majorGroup_WCVP [2026-03-11] | CoordinateCleaner QA applied without sea test (validity, equal, zeros, capitals, centroids, gbif, institutions) [2026-03-29]","standardized authors names in recordedBy","Colección","M.M.M. & N.M.M. & R.J.R.V. & E.C.N.","N.M.M."
"2846","HEM2025_2846","PreservedSpecimen","Coleccion",NA,"UNICACH","SPECIES","HEM","M.M.M. | N.M.M. | R.J.R.V. | E.C.N.","4504","N.M.M.","HE","HEM2025",1,"Peperomia elata",15.0955,-92.1390555555556,"2014-06-18","change1: Filled coordinateUncertaintyInMeters from decimal-place precision (conservative). | epi_taxo: acceptedName(match1); authorship_epig(match1); genus_from_scientificName; family_WFO; order_majorGroup_WCVP [2026-03-11] | CoordinateCleaner QA applied without sea test (validity, equal, zeros, capitals, centroids, gbif, institutions) [2026-03-29]","standardized authors names in recordedBy","Colección","M.M.M. & N.M.M. & R.J.R.V. & E.C.N.","N.M.M."
"2847","HEM2025_2847","PreservedSpecimen","Coleccion",NA,"UNICACH","SPECIES","HEM","N.M.M.","663","Camilo, R.M.","E","HEM2025",1,"Peperomia galioides",15.6396388888889,-92.6553611111111,"2005-01-17","change1: Filled coordinateUncertaintyInMeters from decimal-place precision (conservative). | epi_taxo: acceptedName(match1); authorship_epig(match1); genus_from_scientificName; family_WFO; order_majorGroup_WCVP [2026-03-11] | CoordinateCleaner QA applied without sea test (validity, equal, zeros, capitals, centroids, gbif, institutions) [2026-03-29]","standardized authors names in identifiedBy","Colección","N.M.M.","R.M. Camilo"
"2848","HEM2025_2848","PreservedSpecimen","Coleccion",NA,"UNICACH","SPECIES","HEM","Camilo, R.M.","79","R.R.S.","E","HEM2025",1,"Peperomia galioides",15.7727777777778,-93.09,"2001-07-17","change1: Filled coordinateUncertaintyInMeters from decimal-place precision (conservative). | epi_taxo: acceptedName(match1); authorship_epig(match1); genus_from_scientificName; family_WFO; order_majorGroup_WCVP [2026-03-11] | CoordinateCleaner QA applied without sea test (validity, equal, zeros, capitals, centroids, gbif, institutions) [2026-03-29]","standardized authors names in recordedBy","Colección","R.M. Camilo","R.R.S."
"2849","HEM2025_2849","PreservedSpecimen","Coleccion",NA,"UNICACH","SPECIES","HEM","S.M.V.M.","142","R.R.S.","E","HEM2025",1,"Peperomia galioides",15.7072222222222,-92.9841666666667,"2001-09-28","change1: Filled coordinateUncertaintyInMeters from decimal-place precision (conservative). | epi_taxo: acceptedName(match1); authorship_epig(match1); genus_from_scientificName; family_WFO; order_majorGroup_WCVP [2026-03-11] | CoordinateCleaner QA applied without sea test (validity, equal, zeros, capitals, centroids, gbif, institutions) [2026-03-29]","","Colección","S.M.V.M.","R.R.S."
"2850","HEM2025_2850","PreservedSpecimen","Coleccion",NA,"UNICACH","SPECIES","HEM","H.G.D.","382","H.G.D.","E","HEM2025",1,"Peperomia galioides",16.0791666666667,-91.6708333333333,"","change1: Filled coordinateUncertaintyInMeters from decimal-place precision (conservative). | epi_taxo: acceptedName(match1); authorship_epig(match1); genus_from_scientificName; family_WFO; order_majorGroup_WCVP [2026-03-11] | CoordinateCleaner QA applied without sea test (validity, equal, zeros, capitals, centroids, gbif, institutions) [2026-03-29]","","Colección","H.G.D.","H.G.D."
"2851","HEM2025_2851","PreservedSpecimen","Coleccion",NA,"UNICACH","SPECIES","HEM","S.M.V.M.","120-bis","R.R.S.","E","HEM2025",1,"Peperomia galioides",15.7072222222222,-92.9841666666667,"2001-09-28","change1: Filled coordinateUncertaintyInMeters from decimal-place precision (conservative). | epi_taxo: acceptedName(match1); authorship_epig(match1); genus_from_scientificName; family_WFO; order_majorGroup_WCVP [2026-03-11] | CoordinateCleaner QA applied without sea test (validity, equal, zeros, capitals, centroids, gbif, institutions) [2026-03-29]","","Colección","S.M.V.M.","R.R.S."
"2852","HEM2025_2852","PreservedSpecimen","Coleccion",NA,"UNICACH","SPECIES","HEM","Perez-Farrera, M.A.","2539","R.R.S.","E","HEM2025",1,"Peperomia galioides",15.7727777777778,-93.09,"2001-07-12","change1: Filled coordinateUncertaintyInMeters from decimal-place precision (conservative). | epi_taxo: acceptedName(match1); authorship_epig(match1); genus_from_scientificName; family_WFO; order_majorGroup_WCVP [2026-03-11] | CoordinateCleaner QA applied without sea test (validity, equal, zeros, capitals, centroids, gbif, institutions) [2026-03-29]","standardized authors names in recordedBy","Colección","M.A. Pérez-Farrera","R.R.S."
"2853","HEM2025_2853","PreservedSpecimen","Coleccion",NA,"UNICACH","SPECIES","HEM","M.G.E.","318","J.D.G.P.","E","HEM2025",1,"Peperomia galioides",16.6694444444444,-93.5261111111111,"1987-09-25","change1: Filled coordinateUncertaintyInMeters from decimal-place precision (conservative). | epi_taxo: acceptedName(match1); authorship_epig(match1); genus_from_scientificName; family_WFO; order_majorGroup_WCVP [2026-03-11] | CoordinateCleaner QA applied without sea test (validity, equal, zeros, capitals, centroids, gbif, institutions) [2026-03-29]","","Colección","M.G.E.","J.D.G.P."
"2854","HEM2025_2854","PreservedSpecimen","Coleccion",NA,"UNICACH","SPECIES","HEM","M.G.E.","318","J.D.G.P.","E","HEM2025",1,"Peperomia galioides",16.6694444444444,-93.5261111111111,"1987-09-25","change1: Filled coordinateUncertaintyInMeters from decimal-place precision (conservative). | epi_taxo: acceptedName(match1); authorship_epig(match1); genus_from_scientificName; family_WFO; order_majorGroup_WCVP [2026-03-11] | CoordinateCleaner QA applied without sea test (validity, equal, zeros, capitals, centroids, gbif, institutions) [2026-03-29]","","Colección","M.G.E.","J.D.G.P."
"2855","HEM2025_2855","PreservedSpecimen","Coleccion",NA,"UNICACH","SPECIES","HEM","H.G.D.","907","H.G.D.","E","HEM2025",1,"Peperomia galioides",15.6063055555556,-92.6553611111111,"2005-01-17","change1: Filled coordinateUncertaintyInMeters from decimal-place precision (conservative). | epi_taxo: acceptedName(match1); authorship_epig(match1); genus_from_scientificName; family_WFO; order_majorGroup_WCVP [2026-03-11] | CoordinateCleaner QA applied without sea test (validity, equal, zeros, capitals, centroids, gbif, institutions) [2026-03-29]","","Colección","H.G.D.","H.G.D."
"2856","HEM2025_2856","PreservedSpecimen","Coleccion",NA,"UNICACH","SPECIES","HEM","J.M.M.","89","O.F.S.","E","HEM2025",1,"Peperomia galioides",15.9727777777778,-93.4708333333333,"2002-10-12","change1: Filled coordinateUncertaintyInMeters from decimal-place precision (conservative). | epi_taxo: acceptedName(match1); authorship_epig(match1); genus_from_scientificName; family_WFO; order_majorGroup_WCVP [2026-03-11] | CoordinateCleaner QA applied without sea test (validity, equal, zeros, capitals, centroids, gbif, institutions) [2026-03-29]","","Colección","J.M.M.","O.F.S."
"2857","HEM2025_2857","PreservedSpecimen","Coleccion",NA,"UNICACH","SPECIES","HEM","J.P.V.H.","159","O.F.S.","E","HEM2025",1,"Peperomia galioides",15.9547222222222,-93.2252777777778,"2002-10-26","change1: Filled coordinateUncertaintyInMeters from decimal-place precision (conservative). | epi_taxo: acceptedName(match1); authorship_epig(match1); genus_from_scientificName; family_WFO; order_majorGroup_WCVP [2026-03-11] | CoordinateCleaner QA applied without sea test (validity, equal, zeros, capitals, centroids, gbif, institutions) [2026-03-29]","","Colección","J.P.V.H.","O.F.S."
"2858","HEM2025_2858","PreservedSpecimen","Coleccion",NA,"UNICACH","SPECIES","HEM","Perez-Farrera, M.A.","1199","R.R.S.","E","HEM2025",1,"Peperomia galioides",15.425,-92.6333333333333,"1996-08-21","change1: Filled coordinateUncertaintyInMeters from decimal-place precision (conservative). | epi_taxo: acceptedName(match1); authorship_epig(match1); genus_from_scientificName; family_WFO; order_majorGroup_WCVP [2026-03-11] | CoordinateCleaner QA applied without sea test (validity, equal, zeros, capitals, centroids, gbif, institutions) [2026-03-29]","standardized authors names in recordedBy","Colección","M.A. Pérez-Farrera","R.R.S."
"2859","HEM2025_2859","PreservedSpecimen","Coleccion",NA,"UNICACH","SPECIES","HEM","P.J.S. | R.J.H. | A.R.G. | M.H.","293","ND","E","HEM2025",1,"Peperomia galioides",15.3127777777778,-92.2347222222222,"1990-02-07","change1: Filled coordinateUncertaintyInMeters from decimal-place precision (conservative). | epi_taxo: acceptedName(match1); authorship_epig(match1); genus_from_scientificName; family_WFO; order_majorGroup_WCVP [2026-03-11] | CoordinateCleaner QA applied without sea test (validity, equal, zeros, capitals, centroids, gbif, institutions) [2026-03-29]","standardized authors names in recordedBy","Colección","P.J.S. & R.J.H. & A.R.G. & M.H.","ND"
"2860","HEM2025_2860","PreservedSpecimen","Coleccion",NA,"UNICACH","SPECIES","HEM","P.J.S. | R.J.H. | A.R.G. | M.H.","343","ND","E","HEM2025",1,"Peperomia galioides",15.2388888888889,-92.3019444444444,"1990-02-09","change1: Filled coordinateUncertaintyInMeters from decimal-place precision (conservative). | epi_taxo: acceptedName(match1); authorship_epig(match1); genus_from_scientificName; family_WFO; order_majorGroup_WCVP [2026-03-11] | CoordinateCleaner QA applied without sea test (validity, equal, zeros, capitals, centroids, gbif, institutions) [2026-03-29]","standardized authors names in recordedBy","Colección","P.J.S. & R.J.H. & A.R.G. & M.H.","ND"
"2861","HEM2025_2861","PreservedSpecimen","Coleccion",NA,"UNICACH","SPECIES","HEM","N.M.M.","994","N.M.M.","E","HEM2025",1,"Peperomia galioides",15.4593333333333,-92.6576111111111,"2005-07-23","change1: Filled coordinateUncertaintyInMeters from decimal-place precision (conservative). | epi_taxo: acceptedName(match1); authorship_epig(match1); genus_from_scientificName; family_WFO; order_majorGroup_WCVP [2026-03-11] | CoordinateCleaner QA applied without sea test (validity, equal, zeros, capitals, centroids, gbif, institutions) [2026-03-29]","","Colección","N.M.M.","N.M.M."
"2862","HEM2025_2862","PreservedSpecimen","Coleccion",NA,"UNICACH","SPECIES","HEM","J.M.M.","879","N.M.M.","E","HEM2025",1,"Peperomia galioides",15.8059166666667,-93.0508055555556,"2005-06-06","change1: Filled coordinateUncertaintyInMeters from decimal-place precision (conservative). | epi_taxo: acceptedName(match1); authorship_epig(match1); genus_from_scientificName; family_WFO; order_majorGroup_WCVP [2026-03-11] | CoordinateCleaner QA applied without sea test (validity, equal, zeros, capitals, centroids, gbif, institutions) [2026-03-29]","","Colección","J.M.M.","N.M.M."
"2863","HEM2025_2863","PreservedSpecimen","Coleccion",NA,"UNICACH","SPECIES","HEM","J.M.M.","948","N.M.M.","E","HEM2025",1,"Peperomia galioides",15.8129166666667,-93.0569722222222,"2005-06-08","change1: Filled coordinateUncertaintyInMeters from decimal-place precision (conservative). | epi_taxo: acceptedName(match1); authorship_epig(match1); genus_from_scientificName; family_WFO; order_majorGroup_WCVP [2026-03-11] | CoordinateCleaner QA applied without sea test (validity, equal, zeros, capitals, centroids, gbif, institutions) [2026-03-29]","","Colección","J.M.M.","N.M.M."
"2864","HEM2025_2864","PreservedSpecimen","Coleccion",NA,"UNICACH","SPECIES","HEM","J.M.M.","998","N.M.M.","E","HEM2025",1,"Peperomia galioides",15.8123888888889,-93.0741666666667,"2005-07-13","change1: Filled coordinateUncertaintyInMeters from decimal-place precision (conservative). | epi_taxo: acceptedName(match1); authorship_epig(match1); genus_from_scientificName; family_WFO; order_majorGroup_WCVP [2026-03-11] | CoordinateCleaner QA applied without sea test (validity, equal, zeros, capitals, centroids, gbif, institutions) [2026-03-29]","","Colección","J.M.M.","N.M.M."
"2865","HEM2025_2865","PreservedSpecimen","Coleccion",NA,"UNICACH","SPECIES","HEM","J.M.M.","1340","N.M.M.","E","HEM2025",1,"Peperomia galioides",15.7106944444444,-92.9684166666667,"2006-06-15","change1: Filled coordinateUncertaintyInMeters from decimal-place precision (conservative). | epi_taxo: acceptedName(match1); authorship_epig(match1); genus_from_scientificName; family_WFO; order_majorGroup_WCVP [2026-03-11] | CoordinateCleaner QA applied without sea test (validity, equal, zeros, capitals, centroids, gbif, institutions) [2026-03-29]","","Colección","J.M.M.","N.M.M."
"2866","HEM2025_2866","PreservedSpecimen","Coleccion",NA,"UNICACH","SPECIES","HEM","M.M.M. | M.D.E.M.","500","N.M.M. | J.M.M.","E","HEM2025",1,"Peperomia galioides",15.2567777777778,-92.2239722222222,"2013-02-04","change1: Filled coordinateUncertaintyInMeters from decimal-place precision (conservative). | epi_taxo: acceptedName(match1); authorship_epig(match1); genus_from_scientificName; family_WFO; order_majorGroup_WCVP [2026-03-11] | CoordinateCleaner QA applied without sea test (validity, equal, zeros, capitals, centroids, gbif, institutions) [2026-03-29]","standardized authors names in recordedBy / standardized authors names in identifiedBy","Colección","M.M.M. & M.D.E.M.","N.M.M. & J.M.M."
"2867","HEM2025_2867","PreservedSpecimen","Coleccion",NA,"UNICACH","SPECIES","HEM","M.M.M. | M.D.E.M.","548","N.M.M. | J.M.M.","E","HEM2025",1,"Peperomia galioides",15.2585833333333,-92.2159444444444,"2013-02-05","change1: Filled coordinateUncertaintyInMeters from decimal-place precision (conservative). | epi_taxo: acceptedName(match1); authorship_epig(match1); genus_from_scientificName; family_WFO; order_majorGroup_WCVP [2026-03-11] | CoordinateCleaner QA applied without sea test (validity, equal, zeros, capitals, centroids, gbif, institutions) [2026-03-29]","standardized authors names in recordedBy / standardized authors names in identifiedBy","Colección","M.M.M. & M.D.E.M.","N.M.M. & J.M.M."
"2868","HEM2025_2868","PreservedSpecimen","Coleccion",NA,"UNICACH","SPECIES","HEM","M.M.M. | M.D.E.M.","694","N.M.M. | J.M.M.","E","HEM2025",1,"Peperomia galioides",15.2601388888889,-92.2172777777778,"2013-02-08","change1: Filled coordinateUncertaintyInMeters from decimal-place precision (conservative). | epi_taxo: acceptedName(match1); authorship_epig(match1); genus_from_scientificName; family_WFO; order_majorGroup_WCVP [2026-03-11] | CoordinateCleaner QA applied without sea test (validity, equal, zeros, capitals, centroids, gbif, institutions) [2026-03-29]","standardized authors names in recordedBy / standardized authors names in identifiedBy","Colección","M.M.M. & M.D.E.M.","N.M.M. & J.M.M."
"2869","HEM2025_2869","PreservedSpecimen","Coleccion",NA,"UNICACH","SPECIES","HEM","M.M.M. | M.D.E.M.","732","N.M.M. | J.M.M.","E","HEM2025",1,"Peperomia galioides",15.2596666666667,-92.2186388888889,"2013-02-10","change1: Filled coordinateUncertaintyInMeters from decimal-place precision (conservative). | epi_taxo: acceptedName(match1); authorship_epig(match1); genus_from_scientificName; family_WFO; order_majorGroup_WCVP [2026-03-11] | CoordinateCleaner QA applied without sea test (validity, equal, zeros, capitals, centroids, gbif, institutions) [2026-03-29]","standardized authors names in recordedBy / standardized authors names in identifiedBy","Colección","M.M.M. & M.D.E.M.","N.M.M. & J.M.M."
"2870","HEM2025_2870","PreservedSpecimen","Coleccion",NA,"UNICACH","SPECIES","HEM","M.M.M. | Camilo, R.M.","1123","Camilo, R.M.","E","HEM2025",1,"Peperomia galioides",15.1126388888889,-92.0980555555555,"2013-04-04","change1: Filled coordinateUncertaintyInMeters from decimal-place precision (conservative). | epi_taxo: acceptedName(match1); authorship_epig(match1); genus_from_scientificName; family_WFO; order_majorGroup_WCVP [2026-03-11] | CoordinateCleaner QA applied without sea test (validity, equal, zeros, capitals, centroids, gbif, institutions) [2026-03-29]","standardized authors names in recordedBy / standardized authors names in identifiedBy","Colección","M.M.M. & R.M. Camilo","R.M. Camilo"
"2871","HEM2025_2871","PreservedSpecimen","Coleccion",NA,"UNICACH","SPECIES","HEM","M.M.M. | M.D.E.M.","1445","N.M.M. | J.M.M.","E","HEM2025",1,"Peperomia galioides",15.0858333333333,-92.0996111111111,"2013-04-30","change1: Filled coordinateUncertaintyInMeters from decimal-place precision (conservative). | epi_taxo: acceptedName(match1); authorship_epig(match1); genus_from_scientificName; family_WFO; order_majorGroup_WCVP [2026-03-11] | CoordinateCleaner QA applied without sea test (validity, equal, zeros, capitals, centroids, gbif, institutions) [2026-03-29]","standardized authors names in recordedBy / standardized authors names in identifiedBy","Colección","M.M.M. & M.D.E.M.","N.M.M. & J.M.M."
"2872","HEM2025_2872","PreservedSpecimen","Coleccion",NA,"UNICACH","SPECIES","HEM","M.M.M. | M.D.E.M.","1572","N.M.M. | J.M.M.","E","HEM2025",1,"Peperomia galioides",15.0990833333333,-92.0988333333333,"2013-05-03","change1: Filled coordinateUncertaintyInMeters from decimal-place precision (conservative). | epi_taxo: acceptedName(match1); authorship_epig(match1); genus_from_scientificName; family_WFO; order_majorGroup_WCVP [2026-03-11] | CoordinateCleaner QA applied without sea test (validity, equal, zeros, capitals, centroids, gbif, institutions) [2026-03-29]","standardized authors names in recordedBy / standardized authors names in identifiedBy","Colección","M.M.M. & M.D.E.M.","N.M.M. & J.M.M."
"2873","HEM2025_2873","PreservedSpecimen","Coleccion",NA,"UNICACH","SPECIES","HEM","M.M.M. | M.A.D.V.","2020","N.M.M.","HE","HEM2025",1,"Peperomia galioides",15.101,-92.0952222222222,"2013-06-27","change1: Filled coordinateUncertaintyInMeters from decimal-place precision (conservative). | epi_taxo: acceptedName(match1); authorship_epig(match1); genus_from_scientificName; family_WFO; order_majorGroup_WCVP [2026-03-11] | CoordinateCleaner QA applied without sea test (validity, equal, zeros, capitals, centroids, gbif, institutions) [2026-03-29]","standardized authors names in recordedBy","Colección","M.M.M. & M.A.D.V.","N.M.M."
"2874","HEM2025_2874","PreservedSpecimen","Coleccion",NA,"UNICACH","SPECIES","HEM","Camilo, R.M.","1604-BIS","Camilo, R.M.","HE","HEM2025",1,"Peperomia galioides",15.1060277777778,-92.0961611111111,"2013-07-25","change1: Filled coordinateUncertaintyInMeters from decimal-place precision (conservative). | epi_taxo: acceptedName(match1); authorship_epig(match1); genus_from_scientificName; family_WFO; order_majorGroup_WCVP [2026-03-11] | CoordinateCleaner QA applied without sea test (validity, equal, zeros, capitals, centroids, gbif, institutions) [2026-03-29]","standardized authors names in recordedBy / standardized authors names in identifiedBy","Colección","R.M. Camilo","R.M. Camilo"
"2875","HEM2025_2875","PreservedSpecimen","Coleccion",NA,"UNICACH","SPECIES","HEM","M.M.M. | M.C.R.M.","2931","N.M.M.","E","HEM2025",1,"Peperomia galioides",15.1453333333333,-92.1408333333333,"2013-12-01","change1: Filled coordinateUncertaintyInMeters from decimal-place precision (conservative). | epi_taxo: acceptedName(match1); authorship_epig(match1); genus_from_scientificName; family_WFO; order_majorGroup_WCVP [2026-03-11] | CoordinateCleaner QA applied without sea test (validity, equal, zeros, capitals, centroids, gbif, institutions) [2026-03-29]","standardized authors names in recordedBy","Colección","M.M.M. & M.C.R.M.","N.M.M."
"2876","HEM2025_2876","PreservedSpecimen","Coleccion",NA,"UNICACH","SPECIES","HEM","M.M.M. | M.C.R.M.","2962","N.M.M.","E","HEM2025",1,"Peperomia galioides",15.1453333333333,-92.1408333333333,"2013-12-01","change1: Filled coordinateUncertaintyInMeters from decimal-place precision (conservative). | epi_taxo: acceptedName(match1); authorship_epig(match1); genus_from_scientificName; family_WFO; order_majorGroup_WCVP [2026-03-11] | CoordinateCleaner QA applied without sea test (validity, equal, zeros, capitals, centroids, gbif, institutions) [2026-03-29]","standardized authors names in recordedBy","Colección","M.M.M. & M.C.R.M.","N.M.M."
"2877","HEM2025_2877","PreservedSpecimen","Coleccion",NA,"UNICACH","SPECIES","HEM","M.M.M. | D.A.J.L.","3172","N.M.M.","E","HEM2025",1,"Peperomia galioides",15.1418055555556,-92.13775,"2013-12-12","change1: Filled coordinateUncertaintyInMeters from decimal-place precision (conservative). | epi_taxo: acceptedName(match1); authorship_epig(match1); genus_from_scientificName; family_WFO; order_majorGroup_WCVP [2026-03-11] | CoordinateCleaner QA applied without sea test (validity, equal, zeros, capitals, centroids, gbif, institutions) [2026-03-29]","standardized authors names in recordedBy","Colección","M.M.M. & D.A.J.L.","N.M.M."
"2878","HEM2025_2878","PreservedSpecimen","Coleccion",NA,"UNICACH","SPECIES","HEM","M.M.M. | D.A.J.L.","3295","N.M.M.","E","HEM2025",1,"Peperomia galioides",15.1383333333333,-92.1394444444445,"2013-12-14","change1: Filled coordinateUncertaintyInMeters from decimal-place precision (conservative). | epi_taxo: acceptedName(match1); authorship_epig(match1); genus_from_scientificName; family_WFO; order_majorGroup_WCVP [2026-03-11] | CoordinateCleaner QA applied without sea test (validity, equal, zeros, capitals, centroids, gbif, institutions) [2026-03-29]","standardized authors names in recordedBy","Colección","M.M.M. & D.A.J.L.","N.M.M."
"2879","HEM2025_2879","PreservedSpecimen","Coleccion",NA,"UNICACH","SPECIES","HEM","M.M.M. | D.A.J.L.","3336","N.M.M.","E","HEM2025",1,"Peperomia galioides",15.1348888888889,-92.1380555555556,"2013-12-15","change1: Filled coordinateUncertaintyInMeters from decimal-place precision (conservative). | epi_taxo: acceptedName(match1); authorship_epig(match1); genus_from_scientificName; family_WFO; order_majorGroup_WCVP [2026-03-11] | CoordinateCleaner QA applied without sea test (validity, equal, zeros, capitals, centroids, gbif, institutions) [2026-03-29]","standardized authors names in recordedBy","Colección","M.M.M. & D.A.J.L.","N.M.M."
"2880","HEM2025_2880","PreservedSpecimen","Coleccion",NA,"UNICACH","SPECIES","HEM","M.M.M. | D.A.J.L.","3509","N.M.M.","E","HEM2025",1,"Peperomia galioides",15.1512777777778,-92.1338888888889,"2014-01-17","change1: Filled coordinateUncertaintyInMeters from decimal-place precision (conservative). | epi_taxo: acceptedName(match1); authorship_epig(match1); genus_from_scientificName; family_WFO; order_majorGroup_WCVP [2026-03-11] | CoordinateCleaner QA applied without sea test (validity, equal, zeros, capitals, centroids, gbif, institutions) [2026-03-29]","standardized authors names in recordedBy","Colección","M.M.M. & D.A.J.L.","N.M.M."
"2881","HEM2025_2881","PreservedSpecimen","Coleccion",NA,"UNICACH","SPECIES","HEM","M.M.M. | D.A.J.L.","3569","N.M.M.","E","HEM2025",1,"Peperomia galioides",15.1481666666667,-92.1383055555556,"2014-01-17","change1: Filled coordinateUncertaintyInMeters from decimal-place precision (conservative). | epi_taxo: acceptedName(match1); authorship_epig(match1); genus_from_scientificName; family_WFO; order_majorGroup_WCVP [2026-03-11] | CoordinateCleaner QA applied without sea test (validity, equal, zeros, capitals, centroids, gbif, institutions) [2026-03-29]","standardized authors names in recordedBy","Colección","M.M.M. & D.A.J.L.","N.M.M."
"2882","HEM2025_2882","PreservedSpecimen","Coleccion",NA,"UNICACH","SPECIES","HEM","M.M.M. | M.C.R.M.","2584","N.M.M.","E","HEM2025",1,"Peperomia galioides",15.14725,-92.1429166666667,"2013-11-14","change1: Filled coordinateUncertaintyInMeters from decimal-place precision (conservative). | epi_taxo: acceptedName(match1); authorship_epig(match1); genus_from_scientificName; family_WFO; order_majorGroup_WCVP [2026-03-11] | CoordinateCleaner QA applied without sea test (validity, equal, zeros, capitals, centroids, gbif, institutions) [2026-03-29]","standardized authors names in recordedBy","Colección","M.M.M. & M.C.R.M.","N.M.M."
"2883","HEM2025_2883","PreservedSpecimen","Coleccion",NA,"UNICACH","SPECIES","HEM","Camilo, R.M. | M.I.L.R. | N.A.F.R.","2186","Camilo, R.M.","E","HEM2025",1,"Peperomia galioides",15.1024166666667,-92.1347222222222,"2014-07-04","change1: Filled coordinateUncertaintyInMeters from decimal-place precision (conservative). | epi_taxo: acceptedName(match1); authorship_epig(match1); genus_from_scientificName; family_WFO; order_majorGroup_WCVP [2026-03-11] | CoordinateCleaner QA applied without sea test (validity, equal, zeros, capitals, centroids, gbif, institutions) [2026-03-29]","standardized authors names in recordedBy / standardized authors names in identifiedBy","Colección","R.M. Camilo & M.I.L.R. & N.A.F.R.","R.M. Camilo"
"2884","HEM2025_2884","PreservedSpecimen","Coleccion",NA,"UNICACH","SPECIES","HEM","Camilo, R.M. | M.I.L.R. | N.A.F.R.","2213","Camilo, R.M.","E","HEM2025",1,"Peperomia galioides",15.1024166666667,-92.1347222222222,"2014-07-04","change1: Filled coordinateUncertaintyInMeters from decimal-place precision (conservative). | epi_taxo: acceptedName(match1); authorship_epig(match1); genus_from_scientificName; family_WFO; order_majorGroup_WCVP [2026-03-11] | CoordinateCleaner QA applied without sea test (validity, equal, zeros, capitals, centroids, gbif, institutions) [2026-03-29]","standardized authors names in recordedBy / standardized authors names in identifiedBy","Colección","R.M. Camilo & M.I.L.R. & N.A.F.R.","R.M. Camilo"
"2885","HEM2025_2885","PreservedSpecimen","Coleccion",NA,"UNICACH","SPECIES","HEM","Perez-Farrera, M.A.","1535","Camilo, R.M.","E","HEM2025",1,"Peperomia glabella",15.425,-92.6333333333333,"1996-12-15","change1: Filled coordinateUncertaintyInMeters from decimal-place precision (conservative). | epi_taxo: acceptedName(match1); authorship_epig(match1); genus_from_scientificName; family_WFO; order_majorGroup_WCVP [2026-03-11] | CoordinateCleaner QA applied without sea test (validity, equal, zeros, capitals, centroids, gbif, institutions) [2026-03-29]","standardized authors names in recordedBy / standardized authors names in identifiedBy","Colección","M.A. Pérez-Farrera","R.M. Camilo"
"2886","HEM2025_2886","PreservedSpecimen","Coleccion",NA,"UNICACH","SPECIES","HEM","R.C.C.","12","R.C.C.","E","HEM2025",1,"Peperomia glabella",16.2055555555556,-91.6008333333333,"2005-03-22","change1: Filled coordinateUncertaintyInMeters from decimal-place precision (conservative). | epi_taxo: acceptedName(match1); authorship_epig(match1); genus_from_scientificName; family_WFO; order_majorGroup_WCVP [2026-03-11] | CoordinateCleaner QA applied without sea test (validity, equal, zeros, capitals, centroids, gbif, institutions) [2026-03-29]","","Colección","R.C.C.","R.C.C."
"2887","HEM2025_2887","PreservedSpecimen","Coleccion",NA,"UNICACH","SPECIES","HEM","H.G.D.","900","H.G.D.","E","HEM2025",1,"Peperomia glabella",15.6063055555556,-92.6553611111111,"2005-01-17","change1: Filled coordinateUncertaintyInMeters from decimal-place precision (conservative). | epi_taxo: acceptedName(match1); authorship_epig(match1); genus_from_scientificName; family_WFO; order_majorGroup_WCVP [2026-03-11] | CoordinateCleaner QA applied without sea test (validity, equal, zeros, capitals, centroids, gbif, institutions) [2026-03-29]","","Colección","H.G.D.","H.G.D."
"2888","HEM2025_2888","PreservedSpecimen","Coleccion",NA,"UNICACH","SPECIES","HEM","J.M.M.","766","Camilo, R.M.","E","HEM2025",1,"Peperomia glabella",15.8804444444444,-93.1959722222222,"2005-03-31","change1: Filled coordinateUncertaintyInMeters from decimal-place precision (conservative). | epi_taxo: acceptedName(match1); authorship_epig(match1); genus_from_scientificName; family_WFO; order_majorGroup_WCVP [2026-03-11] | CoordinateCleaner QA applied without sea test (validity, equal, zeros, capitals, centroids, gbif, institutions) [2026-03-29]","standardized authors names in identifiedBy","Colección","J.M.M.","R.M. Camilo"
"2889","HEM2025_2889","PreservedSpecimen","Coleccion",NA,"UNICACH","SPECIES","HEM","Najarro, F.H. | M N.M.G. | U.G.M.","1207","N.M.M.","E","HEM2025",1,"Peperomia glabella",15.9463888888889,-93.4036111111111,"2002-11-16","change1: Filled coordinateUncertaintyInMeters from decimal-place precision (conservative). | epi_taxo: acceptedName(match1); authorship_epig(match1); genus_from_scientificName; family_WFO; order_majorGroup_WCVP [2026-03-11] | CoordinateCleaner QA applied without sea test (validity, equal, zeros, capitals, centroids, gbif, institutions) [2026-03-29]","standardized authors names in recordedBy","Colección","F.H. Najarro & M N.M.G. & U.G.M.","N.M.M."
"2890","HEM2025_2890","PreservedSpecimen","Coleccion",NA,"UNICACH","SPECIES","HEM","N.M.M.","1792","N.M.M.","E","HEM2025",1,"Peperomia glabella",15.7230555555556,-93.0013888888889,"2006-10-13","change1: Filled coordinateUncertaintyInMeters from decimal-place precision (conservative). | epi_taxo: acceptedName(match1); authorship_epig(match1); genus_from_scientificName; family_WFO; order_majorGroup_WCVP [2026-03-11] | CoordinateCleaner QA applied without sea test (validity, equal, zeros, capitals, centroids, gbif, institutions) [2026-03-29]","","Colección","N.M.M.","N.M.M."
"2891","HEM2025_2891","PreservedSpecimen","Coleccion",NA,"UNICACH","SPECIES","HEM","M.M.M.","257","H.G.D.","E","HEM2025",1,"Peperomia glabella",16.9529444444444,-93.0350722222222,"2009-07-09","change1: Filled coordinateUncertaintyInMeters from decimal-place precision (conservative). | epi_taxo: acceptedName(match1); authorship_epig(match1); genus_from_scientificName; family_WFO; order_majorGroup_WCVP [2026-03-11] | CoordinateCleaner QA applied without sea test (validity, equal, zeros, capitals, centroids, gbif, institutions) [2026-03-29]","","Colección","M.M.M.","H.G.D."
"2892","HEM2025_2892","PreservedSpecimen","Coleccion",NA,"UNICACH","SPECIES","HEM","A.L.C.","133","A.L.C.","E","HEM2025",1,"Peperomia glabella",16.8035416666667,-93.7415833333333,"2005-11-30","change1: Filled coordinateUncertaintyInMeters from decimal-place precision (conservative). | epi_taxo: acceptedName(match1); authorship_epig(match1); genus_from_scientificName; family_WFO; order_majorGroup_WCVP [2026-03-11] | CoordinateCleaner QA applied without sea test (validity, equal, zeros, capitals, centroids, gbif, institutions) [2026-03-29]","","Colección","A.L.C.","A.L.C."
"2893","HEM2025_2893","PreservedSpecimen","Coleccion",NA,"UNICACH","SPECIES","HEM","S.F.A.","64","N.M.M.","E","HEM2025",1,"Peperomia glabella",16.8169444444444,-93.2969444444444,"2010-10-09","change1: Filled coordinateUncertaintyInMeters from decimal-place precision (conservative). | epi_taxo: acceptedName(match1); authorship_epig(match1); genus_from_scientificName; family_WFO; order_majorGroup_WCVP [2026-03-11] | CoordinateCleaner QA applied without sea test (validity, equal, zeros, capitals, centroids, gbif, institutions) [2026-03-29]","","Colección","S.F.A.","N.M.M."
"2894","HEM2025_2894","PreservedSpecimen","Coleccion",NA,"UNICACH","SPECIES","HEM","S.F.A.","64","N.M.M.","HE","HEM2025",1,"Peperomia glabella",16.8169444444444,-93.2969444444444,"2010-10-09","change1: Filled coordinateUncertaintyInMeters from decimal-place precision (conservative). | epi_taxo: acceptedName(match1); authorship_epig(match1); genus_from_scientificName; family_WFO; order_majorGroup_WCVP [2026-03-11] | CoordinateCleaner QA applied without sea test (validity, equal, zeros, capitals, centroids, gbif, institutions) [2026-03-29]","","Colección","S.F.A.","N.M.M."
"2895","HEM2025_2895","PreservedSpecimen","Coleccion",NA,"UNICACH","SPECIES","HEM","M.M.M. | M.A.D.V.","782","N.M.M. | J.M.M.","HE","HEM2025",1,"Peperomia glabella",15.2487777777778,-92.2863333333333,"2013-03-01","change1: Filled coordinateUncertaintyInMeters from decimal-place precision (conservative). | epi_taxo: acceptedName(match1); authorship_epig(match1); genus_from_scientificName; family_WFO; order_majorGroup_WCVP [2026-03-11] | CoordinateCleaner QA applied without sea test (validity, equal, zeros, capitals, centroids, gbif, institutions) [2026-03-29]","standardized authors names in recordedBy / standardized authors names in identifiedBy","Colección","M.M.M. & M.A.D.V.","N.M.M. & J.M.M."
"2896","HEM2025_2896","PreservedSpecimen","Coleccion",NA,"UNICACH","SPECIES","HEM","M.M.M. | M.C.R.M.","2630","N.M.M.","E","HEM2025",1,"Peperomia glabella",15.1495833333333,-92.1474166666667,"2013-11-15","change1: Filled coordinateUncertaintyInMeters from decimal-place precision (conservative). | epi_taxo: acceptedName(match1); authorship_epig(match1); genus_from_scientificName; family_WFO; order_majorGroup_WCVP [2026-03-11] | CoordinateCleaner QA applied without sea test (validity, equal, zeros, capitals, centroids, gbif, institutions) [2026-03-29]","standardized authors names in recordedBy","Colección","M.M.M. & M.C.R.M.","N.M.M."
"2897","HEM2025_2897","PreservedSpecimen","Coleccion",NA,"UNICACH","SPECIES","HEM","M.M.M. | M.C.R.M.","2959","N.M.M.","E","HEM2025",1,"Peperomia glabella",15.1453333333333,-92.1408333333333,"2013-12-01","change1: Filled coordinateUncertaintyInMeters from decimal-place precision (conservative). | epi_taxo: acceptedName(match1); authorship_epig(match1); genus_from_scientificName; family_WFO; order_majorGroup_WCVP [2026-03-11] | CoordinateCleaner QA applied without sea test (validity, equal, zeros, capitals, centroids, gbif, institutions) [2026-03-29]","standardized authors names in recordedBy","Colección","M.M.M. & M.C.R.M.","N.M.M."
"2898","HEM2025_2898","PreservedSpecimen","Coleccion",NA,"UNICACH","SPECIES","HEM","M.M.M. | D.A.J.L.","3439","N.M.M.","E","HEM2025",1,"Peperomia glabella",15.1621111111111,-92.148,"2014-01-16","change1: Filled coordinateUncertaintyInMeters from decimal-place precision (conservative). | epi_taxo: acceptedName(match1); authorship_epig(match1); genus_from_scientificName; family_WFO; order_majorGroup_WCVP [2026-03-11] | CoordinateCleaner QA applied without sea test (validity, equal, zeros, capitals, centroids, gbif, institutions) [2026-03-29]","standardized authors names in recordedBy","Colección","M.M.M. & D.A.J.L.","N.M.M."
"2899","HEM2025_2899","PreservedSpecimen","Coleccion",NA,"UNICACH","SPECIES","HEM","M.M.M. | D.A.J.L.","3517","N.M.M.","E","HEM2025",1,"Peperomia glabella",15.1512777777778,-92.1338888888889,"2014-01-17","change1: Filled coordinateUncertaintyInMeters from decimal-place precision (conservative). | epi_taxo: acceptedName(match1); authorship_epig(match1); genus_from_scientificName; family_WFO; order_majorGroup_WCVP [2026-03-11] | CoordinateCleaner QA applied without sea test (validity, equal, zeros, capitals, centroids, gbif, institutions) [2026-03-29]","standardized authors names in recordedBy","Colección","M.M.M. & D.A.J.L.","N.M.M."
"2900","HEM2025_2900","PreservedSpecimen","Coleccion",NA,"UNICACH","SPECIES","HEM","M.M.M. | D.A.J.L.","3717","N.M.M.","E","HEM2025",1,"Peperomia glabella",15.0851111111111,-92.1007222222222,"2014-01-17","change1: Filled coordinateUncertaintyInMeters from decimal-place precision (conservative). | epi_taxo: acceptedName(match1); authorship_epig(match1); genus_from_scientificName; family_WFO; order_majorGroup_WCVP [2026-03-11] | CoordinateCleaner QA applied without sea test (validity, equal, zeros, capitals, centroids, gbif, institutions) [2026-03-29]","standardized authors names in recordedBy","Colección","M.M.M. & D.A.J.L.","N.M.M."
"2901","HEM2025_2901","PreservedSpecimen","Coleccion",NA,"UNICACH","SPECIES","HEM","M.M.M. | D.A.J.L.","3753","N.M.M.","E","HEM2025",1,"Peperomia glabella",15.0851111111111,-92.1007222222222,"2014-01-17","change1: Filled coordinateUncertaintyInMeters from decimal-place precision (conservative). | epi_taxo: acceptedName(match1); authorship_epig(match1); genus_from_scientificName; family_WFO; order_majorGroup_WCVP [2026-03-11] | CoordinateCleaner QA applied without sea test (validity, equal, zeros, capitals, centroids, gbif, institutions) [2026-03-29]","standardized authors names in recordedBy","Colección","M.M.M. & D.A.J.L.","N.M.M."
"2902","HEM2025_2902","PreservedSpecimen","Coleccion",NA,"UNICACH","SPECIES","HEM","M.M.M. | M.C.R.M.","2577","N.M.M.","E","HEM2025",1,"Peperomia glabella",15.14725,-92.1429166666667,"2013-11-14","change1: Filled coordinateUncertaintyInMeters from decimal-place precision (conservative). | epi_taxo: acceptedName(match1); authorship_epig(match1); genus_from_scientificName; family_WFO; order_majorGroup_WCVP [2026-03-11] | CoordinateCleaner QA applied without sea test (validity, equal, zeros, capitals, centroids, gbif, institutions) [2026-03-29]","standardized authors names in recordedBy","Colección","M.M.M. & M.C.R.M.","N.M.M."
"2903","HEM2025_2903","PreservedSpecimen","Coleccion",NA,"UNICACH","SPECIES","HEM","M.M.M. | M.C.R.M.","2578","N.M.M.","E","HEM2025",1,"Peperomia glabella",15.14725,-92.1429166666667,"2013-11-14","change1: Filled coordinateUncertaintyInMeters from decimal-place precision (conservative). | epi_taxo: acceptedName(match1); authorship_epig(match1); genus_from_scientificName; family_WFO; order_majorGroup_WCVP [2026-03-11] | CoordinateCleaner QA applied without sea test (validity, equal, zeros, capitals, centroids, gbif, institutions) [2026-03-29]","standardized authors names in recordedBy","Colección","M.M.M. & M.C.R.M.","N.M.M."
"2904","HEM2025_2904","PreservedSpecimen","Coleccion",NA,"UNICACH","SPECIES","HEM","M.M.M. | D.A.J.L.","3512","N.M.M.","E","HEM2025",1,"Peperomia glabella",15.1512777777778,-92.1338888888889,"2014-01-17","change1: Filled coordinateUncertaintyInMeters from decimal-place precision (conservative). | epi_taxo: acceptedName(match1); authorship_epig(match1); genus_from_scientificName; family_WFO; order_majorGroup_WCVP [2026-03-11] | CoordinateCleaner QA applied without sea test (validity, equal, zeros, capitals, centroids, gbif, institutions) [2026-03-29]","standardized authors names in recordedBy","Colección","M.M.M. & D.A.J.L.","N.M.M."
"2905","HEM2025_2905","PreservedSpecimen","Coleccion",NA,"UNICACH","SPECIES","HEM","M.M.M. | D.A.J.L.","3852","N.M.M.","E","HEM2025",1,"Peperomia glabella",15.1434722222222,-92.1468888888889,"2014-02-01","change1: Filled coordinateUncertaintyInMeters from decimal-place precision (conservative). | epi_taxo: acceptedName(match1); authorship_epig(match1); genus_from_scientificName; family_WFO; order_majorGroup_WCVP [2026-03-11] | CoordinateCleaner QA applied without sea test (validity, equal, zeros, capitals, centroids, gbif, institutions) [2026-03-29]","standardized authors names in recordedBy","Colección","M.M.M. & D.A.J.L.","N.M.M."
"2906","HEM2025_2906","PreservedSpecimen","Coleccion",NA,"UNICACH","SPECIES","HEM","M.M.M. | D.A.J.L.","3854","N.M.M.","E","HEM2025",1,"Peperomia glabella",15.1434722222222,-92.1468888888889,"2014-02-01","change1: Filled coordinateUncertaintyInMeters from decimal-place precision (conservative). | epi_taxo: acceptedName(match1); authorship_epig(match1); genus_from_scientificName; family_WFO; order_majorGroup_WCVP [2026-03-11] | CoordinateCleaner QA applied without sea test (validity, equal, zeros, capitals, centroids, gbif, institutions) [2026-03-29]","standardized authors names in recordedBy","Colección","M.M.M. & D.A.J.L.","N.M.M."
"2907","HEM2025_2907","PreservedSpecimen","Coleccion",NA,"UNICACH","SPECIES","HEM","M.M.M. | D.A.J.L.","3858","N.M.M.","E","HEM2025",1,"Peperomia glabella",15.1434722222222,-92.1468888888889,"2014-02-01","change1: Filled coordinateUncertaintyInMeters from decimal-place precision (conservative). | epi_taxo: acceptedName(match1); authorship_epig(match1); genus_from_scientificName; family_WFO; order_majorGroup_WCVP [2026-03-11] | CoordinateCleaner QA applied without sea test (validity, equal, zeros, capitals, centroids, gbif, institutions) [2026-03-29]","standardized authors names in recordedBy","Colección","M.M.M. & D.A.J.L.","N.M.M."
"2908","HEM2025_2908","PreservedSpecimen","Coleccion",NA,"UNICACH","SPECIES","HEM","M.M.M.","5037","N.M.M.","E","HEM2025",1,"Peperomia glabella",15.1135833333333,-92.1829444444444,"2014-08-19","change1: Filled coordinateUncertaintyInMeters from decimal-place precision (conservative). | epi_taxo: acceptedName(match1); authorship_epig(match1); genus_from_scientificName; family_WFO; order_majorGroup_WCVP [2026-03-11] | CoordinateCleaner QA applied without sea test (validity, equal, zeros, capitals, centroids, gbif, institutions) [2026-03-29]","","Colección","M.M.M.","N.M.M."
"2909","HEM2025_2909","PreservedSpecimen","Coleccion",NA,"UNICACH","SPECIES","HEM","M.M.M. | M.C.R.M.","5138","N.M.M.","E","HEM2025",1,"Peperomia glabella",15.1046944444444,-92.1807222222222,"2014-09-17","change1: Filled coordinateUncertaintyInMeters from decimal-place precision (conservative). | epi_taxo: acceptedName(match1); authorship_epig(match1); genus_from_scientificName; family_WFO; order_majorGroup_WCVP [2026-03-11] | CoordinateCleaner QA applied without sea test (validity, equal, zeros, capitals, centroids, gbif, institutions) [2026-03-29]","standardized authors names in recordedBy","Colección","M.M.M. & M.C.R.M.","N.M.M."
"2910","HEM2025_2910","PreservedSpecimen","Coleccion",NA,"UNICACH","SPECIES","HEM","Camilo, R.M. | M.I.L.R. | N.A.F.R.","2397","N.M.M.","E","HEM2025",1,"Peperomia glabella",15.1453333333333,-92.1408333333333,"2014-07-09","change1: Filled coordinateUncertaintyInMeters from decimal-place precision (conservative). | epi_taxo: acceptedName(match1); authorship_epig(match1); genus_from_scientificName; family_WFO; order_majorGroup_WCVP [2026-03-11] | CoordinateCleaner QA applied without sea test (validity, equal, zeros, capitals, centroids, gbif, institutions) [2026-03-29]","standardized authors names in recordedBy","Colección","R.M. Camilo & M.I.L.R. & N.A.F.R.","N.M.M."
"2911","HEM2025_2911","PreservedSpecimen","Coleccion",NA,"UNICACH","SPECIES","HEM","N.M.M. | M.M.M. | E.C.N.","3933","N.M.M. | Camilo, R.M.","E","HEM2025",1,"Peperomia glabella",15.1032777777778,-92.1645555555556,"2015-03-10","change1: Filled coordinateUncertaintyInMeters from decimal-place precision (conservative). | epi_taxo: acceptedName(match1); authorship_epig(match1); genus_from_scientificName; family_WFO; order_majorGroup_WCVP [2026-03-11] | CoordinateCleaner QA applied without sea test (validity, equal, zeros, capitals, centroids, gbif, institutions) [2026-03-29]","standardized authors names in recordedBy / standardized authors names in identifiedBy","Colección","N.M.M. & M.M.M. & E.C.N.","N.M.M. & R.M. Camilo"
"2912","HEM2025_2912","PreservedSpecimen","Coleccion",NA,"UNICACH","SPECIES","HEM","N.M.M. | M.M.M. | E.C.N.","3969","N.M.M. | Camilo, R.M.","E","HEM2025",1,"Peperomia glabella",15.1032777777778,-92.1645555555556,"2015-03-10","change1: Filled coordinateUncertaintyInMeters from decimal-place precision (conservative). | epi_taxo: acceptedName(match1); authorship_epig(match1); genus_from_scientificName; family_WFO; order_majorGroup_WCVP [2026-03-11] | CoordinateCleaner QA applied without sea test (validity, equal, zeros, capitals, centroids, gbif, institutions) [2026-03-29]","standardized authors names in recordedBy / standardized authors names in identifiedBy","Colección","N.M.M. & M.M.M. & E.C.N.","N.M.M. & R.M. Camilo"
"2913","HEM2025_2913","PreservedSpecimen","Coleccion",NA,"UNICACH","SPECIES","HEM","M.M.M. | D.A.J.L. | R.J.R.V.","5428","N.M.M.","E","HEM2025",1,"Peperomia glabella",15.07075,-92.1635277777778,"2015-03-24","change1: Filled coordinateUncertaintyInMeters from decimal-place precision (conservative). | epi_taxo: acceptedName(match1); authorship_epig(match1); genus_from_scientificName; family_WFO; order_majorGroup_WCVP [2026-03-11] | CoordinateCleaner QA applied without sea test (validity, equal, zeros, capitals, centroids, gbif, institutions) [2026-03-29]","standardized authors names in recordedBy","Colección","M.M.M. & D.A.J.L. & R.J.R.V.","N.M.M."
"2914","HEM2025_2914","PreservedSpecimen","Coleccion",NA,"UNICACH","SPECIES","HEM","M.M.M. | D.A.J.L. | R.J.R.V.","5585","N.M.M.","E","HEM2025",1,"Peperomia glabella",15.0997777777778,-92.1679444444444,"2015-03-27","change1: Filled coordinateUncertaintyInMeters from decimal-place precision (conservative). | epi_taxo: acceptedName(match1); authorship_epig(match1); genus_from_scientificName; family_WFO; order_majorGroup_WCVP [2026-03-11] | CoordinateCleaner QA applied without sea test (validity, equal, zeros, capitals, centroids, gbif, institutions) [2026-03-29]","standardized authors names in recordedBy","Colección","M.M.M. & D.A.J.L. & R.J.R.V.","N.M.M."
"2915","HEM2025_2915","PreservedSpecimen","Coleccion",NA,"UNICACH","SPECIES","HEM","M.M.M. | D.A.J.L. | R.J.R.V.","5663","N.M.M.","E","HEM2025",1,"Peperomia glabella",15.0619444444444,-92.1101111111111,"2015-03-28","change1: Filled coordinateUncertaintyInMeters from decimal-place precision (conservative). | epi_taxo: acceptedName(match1); authorship_epig(match1); genus_from_scientificName; family_WFO; order_majorGroup_WCVP [2026-03-11] | CoordinateCleaner QA applied without sea test (validity, equal, zeros, capitals, centroids, gbif, institutions) [2026-03-29]","standardized authors names in recordedBy","Colección","M.M.M. & D.A.J.L. & R.J.R.V.","N.M.M."
"2916","HEM2025_2916","PreservedSpecimen","Coleccion",NA,"UNICACH","SPECIES","HEM","N.M.M. | M.M.M. | R.V.H.","4411","N.M.M.","E","HEM2025",1,"Peperomia glabella",15.1062777777778,-92.1102222222222,"2015-05-05","change1: Filled coordinateUncertaintyInMeters from decimal-place precision (conservative). | epi_taxo: acceptedName(match1); authorship_epig(match1); genus_from_scientificName; family_WFO; order_majorGroup_WCVP [2026-03-11] | CoordinateCleaner QA applied without sea test (validity, equal, zeros, capitals, centroids, gbif, institutions) [2026-03-29]","standardized authors names in recordedBy","Colección","N.M.M. & M.M.M. & R.V.H.","N.M.M."
"2917","HEM2025_2917","PreservedSpecimen","Coleccion",NA,"UNICACH","SPECIES","HEM","N.M.M. | M.M.M. | R.V.H.","4372","N.M.M.","E","HEM2025",1,"Peperomia glabella",15.1036666666667,-92.1015277777778,"2015-05-05","change1: Filled coordinateUncertaintyInMeters from decimal-place precision (conservative). | epi_taxo: acceptedName(match1); authorship_epig(match1); genus_from_scientificName; family_WFO; order_majorGroup_WCVP [2026-03-11] | CoordinateCleaner QA applied without sea test (validity, equal, zeros, capitals, centroids, gbif, institutions) [2026-03-29]","standardized authors names in recordedBy","Colección","N.M.M. & M.M.M. & R.V.H.","N.M.M."
"2918","HEM2025_2918","PreservedSpecimen","Coleccion",NA,"UNICACH","SPECIES","HEM","G.C.L.H.","55-bis","N.M.M.","E","HEM2025",1,"Peperomia glabella",15.7213888888889,-92.9522222222222,"2001-01-23","change1: Filled coordinateUncertaintyInMeters from decimal-place precision (conservative). | epi_taxo: acceptedName(match1); authorship_epig(match1); genus_from_scientificName; family_WFO; order_majorGroup_WCVP [2026-03-11] | CoordinateCleaner QA applied without sea test (validity, equal, zeros, capitals, centroids, gbif, institutions) [2026-03-29]","","Colección","G.C.L.H.","N.M.M."
"2919","HEM2025_2919","PreservedSpecimen","Coleccion",NA,"UNICACH","SPECIES","HEM","M.D.R.S.","50-bis","N.M.M.","E","HEM2025",1,"Peperomia guatemalensis",15.7213888888889,-92.9522222222222,"2005-04-22","change1: Filled coordinateUncertaintyInMeters from decimal-place precision (conservative). | epi_taxo: acceptedName(match1); authorship_epig(match1); genus_from_scientificName; family_WFO; order_majorGroup_WCVP [2026-03-11] | CoordinateCleaner QA applied without sea test (validity, equal, zeros, capitals, centroids, gbif, institutions) [2026-03-29]","","Colección","M.D.R.S.","N.M.M."
"2920","HEM2025_2920","PreservedSpecimen","Coleccion",NA,"UNICACH","SPECIES","HEM","Camilo, R.M.","1673","N.M.M.","E","HEM2025",1,"Peperomia guatemalensis",15.1144694444444,-92.11145,"2013-07-26","change1: Filled coordinateUncertaintyInMeters from decimal-place precision (conservative). | epi_taxo: acceptedName(match1); authorship_epig(match1); genus_from_scientificName; family_WFO; order_majorGroup_WCVP [2026-03-11] | CoordinateCleaner QA applied without sea test (validity, equal, zeros, capitals, centroids, gbif, institutions) [2026-03-29]","standardized authors names in recordedBy","Colección","R.M. Camilo","N.M.M."
"2921","HEM2025_2921","PreservedSpecimen","Coleccion",NA,"UNICACH","SPECIES","HEM","M.M.M. | M.C.R.M.","2561","N.M.M.","E","HEM2025",1,"Peperomia guatemalensis",15.14725,-92.1429166666667,"2013-11-14","change1: Filled coordinateUncertaintyInMeters from decimal-place precision (conservative). | epi_taxo: acceptedName(match1); authorship_epig(match1); genus_from_scientificName; family_WFO; order_majorGroup_WCVP [2026-03-11] | CoordinateCleaner QA applied without sea test (validity, equal, zeros, capitals, centroids, gbif, institutions) [2026-03-29]","standardized authors names in recordedBy","Colección","M.M.M. & M.C.R.M.","N.M.M."
"2922","HEM2025_2922","PreservedSpecimen","Coleccion",NA,"UNICACH","SPECIES","HEM","M.M.M. | M.C.R.M.","2822","N.M.M.","E","HEM2025",1,"Peperomia guatemalensis",15.1546944444444,-92.1363888888889,"2013-11-19","change1: Filled coordinateUncertaintyInMeters from decimal-place precision (conservative). | epi_taxo: acceptedName(match1); authorship_epig(match1); genus_from_scientificName; family_WFO; order_majorGroup_WCVP [2026-03-11] | CoordinateCleaner QA applied without sea test (validity, equal, zeros, capitals, centroids, gbif, institutions) [2026-03-29]","standardized authors names in recordedBy","Colección","M.M.M. & M.C.R.M.","N.M.M."
"2923","HEM2025_2923","PreservedSpecimen","Coleccion",NA,"UNICACH","SPECIES","HEM","M.M.M. | M.C.R.M.","2951","N.M.M.","E","HEM2025",1,"Peperomia guatemalensis",15.1453333333333,-92.1408333333333,"2013-12-01","change1: Filled coordinateUncertaintyInMeters from decimal-place precision (conservative). | epi_taxo: acceptedName(match1); authorship_epig(match1); genus_from_scientificName; family_WFO; order_majorGroup_WCVP [2026-03-11] | CoordinateCleaner QA applied without sea test (validity, equal, zeros, capitals, centroids, gbif, institutions) [2026-03-29]","standardized authors names in recordedBy","Colección","M.M.M. & M.C.R.M.","N.M.M."
"2924","HEM2025_2924","PreservedSpecimen","Coleccion",NA,"UNICACH","SPECIES","HEM","M.M.M. | M.C.R.M.","3011","N.M.M.","E","HEM2025",1,"Peperomia guatemalensis",15.1627222222222,-92.1505277777778,"2013-12-02","change1: Filled coordinateUncertaintyInMeters from decimal-place precision (conservative). | epi_taxo: acceptedName(match1); authorship_epig(match1); genus_from_scientificName; family_WFO; order_majorGroup_WCVP [2026-03-11] | CoordinateCleaner QA applied without sea test (validity, equal, zeros, capitals, centroids, gbif, institutions) [2026-03-29]","standardized authors names in recordedBy","Colección","M.M.M. & M.C.R.M.","N.M.M."
"2925","HEM2025_2925","PreservedSpecimen","Coleccion",NA,"UNICACH","SPECIES","HEM","M.M.M. | D.A.J.L.","3171","N.M.M.","E","HEM2025",1,"Peperomia guatemalensis",15.1418055555556,-92.13775,"2013-12-12","change1: Filled coordinateUncertaintyInMeters from decimal-place precision (conservative). | epi_taxo: acceptedName(match1); authorship_epig(match1); genus_from_scientificName; family_WFO; order_majorGroup_WCVP [2026-03-11] | CoordinateCleaner QA applied without sea test (validity, equal, zeros, capitals, centroids, gbif, institutions) [2026-03-29]","standardized authors names in recordedBy","Colección","M.M.M. & D.A.J.L.","N.M.M."
"2926","HEM2025_2926","PreservedSpecimen","Coleccion",NA,"UNICACH","SPECIES","HEM","M.M.M. | N.M.M. | R.J.R.V. | E.C.N.","4380","N.M.M.","E","HEM2025",1,"Peperomia guatemalensis",15.0996666666667,-92.1376944444444,"2014-06-19","change1: Filled coordinateUncertaintyInMeters from decimal-place precision (conservative). | epi_taxo: acceptedName(match1); authorship_epig(match1); genus_from_scientificName; family_WFO; order_majorGroup_WCVP [2026-03-11] | CoordinateCleaner QA applied without sea test (validity, equal, zeros, capitals, centroids, gbif, institutions) [2026-03-29]","standardized authors names in recordedBy","Colección","M.M.M. & N.M.M. & R.J.R.V. & E.C.N.","N.M.M."
"2927","HEM2025_2927","PreservedSpecimen","Coleccion",NA,"UNICACH","SPECIES","HEM","N.M.M. | M.M.M. | R.V.H.","3128","N.M.M.","E","HEM2025",1,"Peperomia guatemalensis",15.1036666666667,-92.1015277777778,"2014-09-23","change1: Filled coordinateUncertaintyInMeters from decimal-place precision (conservative). | epi_taxo: acceptedName(match1); authorship_epig(match1); genus_from_scientificName; family_WFO; order_majorGroup_WCVP [2026-03-11] | CoordinateCleaner QA applied without sea test (validity, equal, zeros, capitals, centroids, gbif, institutions) [2026-03-29]","standardized authors names in recordedBy","Colección","N.M.M. & M.M.M. & R.V.H.","N.M.M."
"2928","HEM2025_2928","PreservedSpecimen","Coleccion",NA,"UNICACH","SPECIES","HEM","Camilo, R.M. | R.V.H. | M.M.M.","2961","N.M.M.","E","HEM2025",1,"Peperomia guatemalensis",15.1299722222222,-92.17475,"2015-03-27","change1: Filled coordinateUncertaintyInMeters from decimal-place precision (conservative). | epi_taxo: acceptedName(match1); authorship_epig(match1); genus_from_scientificName; family_WFO; order_majorGroup_WCVP [2026-03-11] | CoordinateCleaner QA applied without sea test (validity, equal, zeros, capitals, centroids, gbif, institutions) [2026-03-29]","standardized authors names in recordedBy","Colección","R.M. Camilo & R.V.H. & M.M.M.","N.M.M."
"2929","HEM2025_2929","PreservedSpecimen","Coleccion",NA,"UNICACH","SPECIES","HEM","M.M.M. | D.A.J.L. | R.J.R.V.","5477","N.M.M.","E","HEM2025",1,"Peperomia guatemalensis",15.1071944444444,-92.1756666666667,"2015-03-25","change1: Filled coordinateUncertaintyInMeters from decimal-place precision (conservative). | epi_taxo: acceptedName(match1); authorship_epig(match1); genus_from_scientificName; family_WFO; order_majorGroup_WCVP [2026-03-11] | CoordinateCleaner QA applied without sea test (validity, equal, zeros, capitals, centroids, gbif, institutions) [2026-03-29]","standardized authors names in recordedBy","Colección","M.M.M. & D.A.J.L. & R.J.R.V.","N.M.M."
"2930","HEM2025_2930","PreservedSpecimen","Coleccion",NA,"UNICACH","SPECIES","HEM","M.M.M. | D.A.J.L. | R.J.R.V.","5638","N.M.M.","E","HEM2025",1,"Peperomia guatemalensis",15.0997777777778,-92.1679444444444,"2015-03-27","change1: Filled coordinateUncertaintyInMeters from decimal-place precision (conservative). | epi_taxo: acceptedName(match1); authorship_epig(match1); genus_from_scientificName; family_WFO; order_majorGroup_WCVP [2026-03-11] | CoordinateCleaner QA applied without sea test (validity, equal, zeros, capitals, centroids, gbif, institutions) [2026-03-29]","standardized authors names in recordedBy","Colección","M.M.M. & D.A.J.L. & R.J.R.V.","N.M.M."
"2931","HEM2025_2931","PreservedSpecimen","Coleccion",NA,"UNICACH","SPECIES","HEM","N.M.M. | M.M.M. | R.V.H.","4176","N.M.M.","E","HEM2025",1,"Peperomia guatemalensis",15.1090277777778,-92.1016944444444,"2015-05-04","change1: Filled coordinateUncertaintyInMeters from decimal-place precision (conservative). | epi_taxo: acceptedName(match1); authorship_epig(match1); genus_from_scientificName; family_WFO; order_majorGroup_WCVP [2026-03-11] | CoordinateCleaner QA applied without sea test (validity, equal, zeros, capitals, centroids, gbif, institutions) [2026-03-29]","standardized authors names in recordedBy","Colección","N.M.M. & M.M.M. & R.V.H.","N.M.M."
"2932","HEM2025_2932","PreservedSpecimen","Coleccion",NA,"UNICACH","SPECIES","HEM","N.M.M.","525","N.M.M.","HE","HEM2025",1,"Peperomia heterophylla",15.1527777777778,-92.5677777777778,"2004-11-10","change1: Filled coordinateUncertaintyInMeters from decimal-place precision (conservative). | epi_taxo: acceptedName(match1); authorship_epig(match1); genus_from_scientificName; family_WFO; order_majorGroup_WCVP [2026-03-11] | CoordinateCleaner QA applied without sea test (validity, equal, zeros, capitals, centroids, gbif, institutions) [2026-03-29]","","Colección","N.M.M.","N.M.M."
"2933","HEM2025_2933","PreservedSpecimen","Coleccion",NA,"UNICACH","SPECIES","HEM","M.E.L.M.","508","N.M.M.","E","HEM2025",1,"Peperomia heterophylla",15.8541666666667,-93.2180555555556,"1999-11-17","change1: Filled coordinateUncertaintyInMeters from decimal-place precision (conservative). | epi_taxo: acceptedName(match1); authorship_epig(match1); genus_from_scientificName; family_WFO; order_majorGroup_WCVP [2026-03-11] | CoordinateCleaner QA applied without sea test (validity, equal, zeros, capitals, centroids, gbif, institutions) [2026-03-29]","","Colección","M.E.L.M.","N.M.M."
"2934","HEM2025_2934","PreservedSpecimen","Coleccion",NA,"UNICACH","SPECIES","HEM","F.G.G.","9","N.M.M.","E","HEM2025",1,"Peperomia heterophylla",16.9013888888889,-93.335,"2005-04-04","change1: Filled coordinateUncertaintyInMeters from decimal-place precision (conservative). | epi_taxo: acceptedName(match1); authorship_epig(match1); genus_from_scientificName; family_WFO; order_majorGroup_WCVP [2026-03-11] | CoordinateCleaner QA applied without sea test (validity, equal, zeros, capitals, centroids, gbif, institutions) [2026-03-29]","","Colección","F.G.G.","N.M.M."
"2935","HEM2025_2935","PreservedSpecimen","Coleccion",NA,"UNICACH","SPECIES","HEM","R.R.S.","523","N.M.M.","E","HEM2025",1,"Peperomia heterophylla",15.6396388888889,-92.6553611111111,"2005-01-15","change1: Filled coordinateUncertaintyInMeters from decimal-place precision (conservative). | epi_taxo: acceptedName(match1); authorship_epig(match1); genus_from_scientificName; family_WFO; order_majorGroup_WCVP [2026-03-11] | CoordinateCleaner QA applied without sea test (validity, equal, zeros, capitals, centroids, gbif, institutions) [2026-03-29]","","Colección","R.R.S.","N.M.M."
"2936","HEM2025_2936","PreservedSpecimen","Coleccion",NA,"UNICACH","SPECIES","HEM","M.D.R.S.","73","N.M.M.","E","HEM2025",1,"Peperomia heterophylla",16.7671388888889,-93.1065,"2005-05-19","change1: Filled coordinateUncertaintyInMeters from decimal-place precision (conservative). | epi_taxo: acceptedName(match1); authorship_epig(match1); genus_from_scientificName; family_WFO; order_majorGroup_WCVP [2026-03-11] | CoordinateCleaner QA applied without sea test (validity, equal, zeros, capitals, centroids, gbif, institutions) [2026-03-29]","","Colección","M.D.R.S.","N.M.M."
"2937","HEM2025_2937","PreservedSpecimen","Coleccion",NA,"UNICACH","SPECIES","HEM","M.D.R.S.","161","N.M.M.","E","HEM2025",1,"Peperomia heterophylla",15.5991388888889,-92.6927777777778,"2005-06-13","change1: Filled coordinateUncertaintyInMeters from decimal-place precision (conservative). | epi_taxo: acceptedName(match1); authorship_epig(match1); genus_from_scientificName; family_WFO; order_majorGroup_WCVP [2026-03-11] | CoordinateCleaner QA applied without sea test (validity, equal, zeros, capitals, centroids, gbif, institutions) [2026-03-29]","","Colección","M.D.R.S.","N.M.M."
"2938","HEM2025_2938","PreservedSpecimen","Coleccion",NA,"UNICACH","SPECIES","HEM","M.D.R.S.","138","N.M.M.","E","HEM2025",1,"Peperomia heterophylla",15.5991388888889,-92.6927777777778,"2005-06-13","change1: Filled coordinateUncertaintyInMeters from decimal-place precision (conservative). | epi_taxo: acceptedName(match1); authorship_epig(match1); genus_from_scientificName; family_WFO; order_majorGroup_WCVP [2026-03-11] | CoordinateCleaner QA applied without sea test (validity, equal, zeros, capitals, centroids, gbif, institutions) [2026-03-29]","","Colección","M.D.R.S.","N.M.M."
"2939","HEM2025_2939","PreservedSpecimen","Coleccion",NA,"UNICACH","SPECIES","HEM","M.D.R.S.","324","N.M.M.","E","HEM2025",1,"Peperomia heterophylla",15.5976388888889,-92.6570277777778,"2005-07-22","change1: Filled coordinateUncertaintyInMeters from decimal-place precision (conservative). | epi_taxo: acceptedName(match1); authorship_epig(match1); genus_from_scientificName; family_WFO; order_majorGroup_WCVP [2026-03-11] | CoordinateCleaner QA applied without sea test (validity, equal, zeros, capitals, centroids, gbif, institutions) [2026-03-29]","","Colección","M.D.R.S.","N.M.M."
"2940","HEM2025_2940","PreservedSpecimen","Coleccion",NA,"UNICACH","SPECIES","HEM","N.M.M.","1137","N.M.M.","E","HEM2025",1,"Peperomia heterophylla",15.6641666666667,-92.8136111111111,"2005-08-06","change1: Filled coordinateUncertaintyInMeters from decimal-place precision (conservative). | epi_taxo: acceptedName(match1); authorship_epig(match1); genus_from_scientificName; family_WFO; order_majorGroup_WCVP [2026-03-11] | CoordinateCleaner QA applied without sea test (validity, equal, zeros, capitals, centroids, gbif, institutions) [2026-03-29]","","Colección","N.M.M.","N.M.M."
"2941","HEM2025_2941","PreservedSpecimen","Coleccion",NA,"UNICACH","SPECIES","HEM","J.M.M.","681","N.M.M.","E","HEM2025",1,"Peperomia heterophylla",15.8213333333333,-93.0480277777778,"2004-12-16","change1: Filled coordinateUncertaintyInMeters from decimal-place precision (conservative). | epi_taxo: acceptedName(match1); authorship_epig(match1); genus_from_scientificName; family_WFO; order_majorGroup_WCVP [2026-03-11] | CoordinateCleaner QA applied without sea test (validity, equal, zeros, capitals, centroids, gbif, institutions) [2026-03-29]","","Colección","J.M.M.","N.M.M."
"2942","HEM2025_2942","PreservedSpecimen","Coleccion",NA,"UNICACH","SPECIES","HEM","N.M.M.","1315","N.M.M.","E","HEM2025",1,"Peperomia heterophylla",16.9270555555556,-93.4764166666667,"2006-03-16","change1: Filled coordinateUncertaintyInMeters from decimal-place precision (conservative). | epi_taxo: acceptedName(match1); authorship_epig(match1); genus_from_scientificName; family_WFO; order_majorGroup_WCVP [2026-03-11] | CoordinateCleaner QA applied without sea test (validity, equal, zeros, capitals, centroids, gbif, institutions) [2026-03-29]","","Colección","N.M.M.","N.M.M."
"2943","HEM2025_2943","PreservedSpecimen","Coleccion",NA,"UNICACH","SPECIES","HEM","H.G.D.","854","N.M.M.","E","HEM2025",1,"Peperomia heterophylla",15.6441666666667,-92.8275,"2005-01-09","change1: Filled coordinateUncertaintyInMeters from decimal-place precision (conservative). | epi_taxo: acceptedName(match1); authorship_epig(match1); genus_from_scientificName; family_WFO; order_majorGroup_WCVP [2026-03-11] | CoordinateCleaner QA applied without sea test (validity, equal, zeros, capitals, centroids, gbif, institutions) [2026-03-29]","","Colección","H.G.D.","N.M.M."
"2944","HEM2025_2944","PreservedSpecimen","Coleccion",NA,"UNICACH","SPECIES","HEM","S.M.V.M.","120","N.M.M.","E","HEM2025",1,"Peperomia heterophylla",15.7072222222222,-92.9841666666667,"2001-09-28","change1: Filled coordinateUncertaintyInMeters from decimal-place precision (conservative). | epi_taxo: acceptedName(match1); authorship_epig(match1); genus_from_scientificName; family_WFO; order_majorGroup_WCVP [2026-03-11] | CoordinateCleaner QA applied without sea test (validity, equal, zeros, capitals, centroids, gbif, institutions) [2026-03-29]","","Colección","S.M.V.M.","N.M.M."
"2945","HEM2025_2945","PreservedSpecimen","Coleccion",NA,"UNICACH","SPECIES","HEM","H.G.D.","1389","N.M.M.","E","HEM2025",1,"Peperomia heterophylla",15.7441416666667,-93.0340888888889,"","change1: Filled coordinateUncertaintyInMeters from decimal-place precision (conservative). | epi_taxo: acceptedName(match1); authorship_epig(match1); genus_from_scientificName; family_WFO; order_majorGroup_WCVP [2026-03-11] | CoordinateCleaner QA applied without sea test (validity, equal, zeros, capitals, centroids, gbif, institutions) [2026-03-29]","","Colección","H.G.D.","N.M.M."
"2946","HEM2025_2946","PreservedSpecimen","Coleccion",NA,"UNICACH","SPECIES","HEM","E.M.S. | A.M.G. | G.U. | M.R.","19886","N.M.M.","E","HEM2025",1,"Peperomia heterophylla",14.9594444444444,-92.1655555555556,"1987-02-06","change1: Filled coordinateUncertaintyInMeters from decimal-place precision (conservative). | epi_taxo: acceptedName(match1); authorship_epig(match1); genus_from_scientificName; family_WFO; order_majorGroup_WCVP [2026-03-11] | CoordinateCleaner QA applied without sea test (validity, equal, zeros, capitals, centroids, gbif, institutions) [2026-03-29]","standardized authors names in recordedBy","Colección","E.M.S. & A.M.G. & G.U. & M.R.","N.M.M."
"2947","HEM2025_2947","PreservedSpecimen","Coleccion",NA,"UNICACH","SPECIES","HEM","J.M.M.","1777","N.M.M.","E","HEM2025",1,"Peperomia heterophylla",15.7610555555556,-93.0720277777778,"2007-03-11","change1: Filled coordinateUncertaintyInMeters from decimal-place precision (conservative). | epi_taxo: acceptedName(match1); authorship_epig(match1); genus_from_scientificName; family_WFO; order_majorGroup_WCVP [2026-03-11] | CoordinateCleaner QA applied without sea test (validity, equal, zeros, capitals, centroids, gbif, institutions) [2026-03-29]","","Colección","J.M.M.","N.M.M."
"2948","HEM2025_2948","PreservedSpecimen","Coleccion",NA,"UNICACH","SPECIES","HEM","M.M.M.","327","J.M.M.","E","HEM2025",1,"Peperomia heterophylla",17.0415,-93.2363611111111,"2009-10-21","change1: Filled coordinateUncertaintyInMeters from decimal-place precision (conservative). | epi_taxo: acceptedName(match1); authorship_epig(match1); genus_from_scientificName; family_WFO; order_majorGroup_WCVP [2026-03-11] | CoordinateCleaner QA applied without sea test (validity, equal, zeros, capitals, centroids, gbif, institutions) [2026-03-29]","","Colección","M.M.M.","J.M.M."
"2949","HEM2025_2949","PreservedSpecimen","Coleccion",NA,"UNICACH","SPECIES","HEM","E.M.S. | A.M.G. | G.U. | M.R.","19672","N.M.M.","E","HEM2025",1,"Peperomia heterophylla",15.1113888888889,-92.1286111111111,"1987-02-06","change1: Filled coordinateUncertaintyInMeters from decimal-place precision (conservative). | epi_taxo: acceptedName(match1); authorship_epig(match1); genus_from_scientificName; family_WFO; order_majorGroup_WCVP [2026-03-11] | CoordinateCleaner QA applied without sea test (validity, equal, zeros, capitals, centroids, gbif, institutions) [2026-03-29]","standardized authors names in recordedBy","Colección","E.M.S. & A.M.G. & G.U. & M.R.","N.M.M."
"2950","HEM2025_2950","PreservedSpecimen","Coleccion",NA,"UNICACH","SPECIES","HEM","M.M.M. | M.C.R.M.","2858","N.M.M.","E","HEM2025",1,"Peperomia heterophylla",15.1546944444444,-92.1363888888889,"2013-11-19","change1: Filled coordinateUncertaintyInMeters from decimal-place precision (conservative). | epi_taxo: acceptedName(match1); authorship_epig(match1); genus_from_scientificName; family_WFO; order_majorGroup_WCVP [2026-03-11] | CoordinateCleaner QA applied without sea test (validity, equal, zeros, capitals, centroids, gbif, institutions) [2026-03-29]","standardized authors names in recordedBy","Colección","M.M.M. & M.C.R.M.","N.M.M."
"2951","HEM2025_2951","PreservedSpecimen","Coleccion",NA,"UNICACH","SPECIES","HEM","M.M.M. | M.C.R.M.","2875","N.M.M.","E","HEM2025",1,"Peperomia heterophylla",15.1515555555556,-92.1447222222222,"2013-11-30","change1: Filled coordinateUncertaintyInMeters from decimal-place precision (conservative). | epi_taxo: acceptedName(match1); authorship_epig(match1); genus_from_scientificName; family_WFO; order_majorGroup_WCVP [2026-03-11] | CoordinateCleaner QA applied without sea test (validity, equal, zeros, capitals, centroids, gbif, institutions) [2026-03-29]","standardized authors names in recordedBy","Colección","M.M.M. & M.C.R.M.","N.M.M."
"2952","HEM2025_2952","PreservedSpecimen","Coleccion",NA,"UNICACH","SPECIES","HEM","M.M.M. | M.C.R.M.","2876","N.M.M.","E","HEM2025",1,"Peperomia heterophylla",15.1515555555556,-92.1447222222222,"2013-11-30","change1: Filled coordinateUncertaintyInMeters from decimal-place precision (conservative). | epi_taxo: acceptedName(match1); authorship_epig(match1); genus_from_scientificName; family_WFO; order_majorGroup_WCVP [2026-03-11] | CoordinateCleaner QA applied without sea test (validity, equal, zeros, capitals, centroids, gbif, institutions) [2026-03-29]","standardized authors names in recordedBy","Colección","M.M.M. & M.C.R.M.","N.M.M."
"2953","HEM2025_2953","PreservedSpecimen","Coleccion",NA,"UNICACH","SPECIES","HEM","M.M.M. | M.C.R.M.","2879","N.M.M.","E","HEM2025",1,"Peperomia heterophylla",15.1515555555556,-92.1447222222222,"2013-11-30","change1: Filled coordinateUncertaintyInMeters from decimal-place precision (conservative). | epi_taxo: acceptedName(match1); authorship_epig(match1); genus_from_scientificName; family_WFO; order_majorGroup_WCVP [2026-03-11] | CoordinateCleaner QA applied without sea test (validity, equal, zeros, capitals, centroids, gbif, institutions) [2026-03-29]","standardized authors names in recordedBy","Colección","M.M.M. & M.C.R.M.","N.M.M."
"2954","HEM2025_2954","PreservedSpecimen","Coleccion",NA,"UNICACH","SPECIES","HEM","M.M.M. | M.C.R.M.","2958","N.M.M.","E","HEM2025",1,"Peperomia heterophylla",15.1453333333333,-92.1408333333333,"2013-12-01","change1: Filled coordinateUncertaintyInMeters from decimal-place precision (conservative). | epi_taxo: acceptedName(match1); authorship_epig(match1); genus_from_scientificName; family_WFO; order_majorGroup_WCVP [2026-03-11] | CoordinateCleaner QA applied without sea test (validity, equal, zeros, capitals, centroids, gbif, institutions) [2026-03-29]","standardized authors names in recordedBy","Colección","M.M.M. & M.C.R.M.","N.M.M."
"2955","HEM2025_2955","PreservedSpecimen","Coleccion",NA,"UNICACH","SPECIES","HEM","M.M.M. | M.C.R.M.","3018","N.M.M.","E","HEM2025",1,"Peperomia heterophylla",15.1627222222222,-92.1505277777778,"2013-12-02","change1: Filled coordinateUncertaintyInMeters from decimal-place precision (conservative). | epi_taxo: acceptedName(match1); authorship_epig(match1); genus_from_scientificName; family_WFO; order_majorGroup_WCVP [2026-03-11] | CoordinateCleaner QA applied without sea test (validity, equal, zeros, capitals, centroids, gbif, institutions) [2026-03-29]","standardized authors names in recordedBy","Colección","M.M.M. & M.C.R.M.","N.M.M."
"2956","HEM2025_2956","PreservedSpecimen","Coleccion",NA,"UNICACH","SPECIES","HEM","M.M.M. | D.A.J.L.","3069","N.M.M.","E","HEM2025",1,"Peperomia heterophylla",15.1463055555556,-92.1368888888889,"2013-12-11","change1: Filled coordinateUncertaintyInMeters from decimal-place precision (conservative). | epi_taxo: acceptedName(match1); authorship_epig(match1); genus_from_scientificName; family_WFO; order_majorGroup_WCVP [2026-03-11] | CoordinateCleaner QA applied without sea test (validity, equal, zeros, capitals, centroids, gbif, institutions) [2026-03-29]","standardized authors names in recordedBy","Colección","M.M.M. & D.A.J.L.","N.M.M."
"2957","HEM2025_2957","PreservedSpecimen","Coleccion",NA,"UNICACH","SPECIES","HEM","M.M.M. | D.A.J.L.","3102","N.M.M.","E","HEM2025",1,"Peperomia heterophylla",15.1463055555556,-92.1368888888889,"2013-12-11","change1: Filled coordinateUncertaintyInMeters from decimal-place precision (conservative). | epi_taxo: acceptedName(match1); authorship_epig(match1); genus_from_scientificName; family_WFO; order_majorGroup_WCVP [2026-03-11] | CoordinateCleaner QA applied without sea test (validity, equal, zeros, capitals, centroids, gbif, institutions) [2026-03-29]","standardized authors names in recordedBy","Colección","M.M.M. & D.A.J.L.","N.M.M."
"2958","HEM2025_2958","PreservedSpecimen","Coleccion",NA,"UNICACH","SPECIES","HEM","M.M.M. | D.A.J.L.","3210","N.M.M.","E","HEM2025",1,"Peperomia heterophylla",15.1418055555556,-92.13775,"2013-12-12","change1: Filled coordinateUncertaintyInMeters from decimal-place precision (conservative). | epi_taxo: acceptedName(match1); authorship_epig(match1); genus_from_scientificName; family_WFO; order_majorGroup_WCVP [2026-03-11] | CoordinateCleaner QA applied without sea test (validity, equal, zeros, capitals, centroids, gbif, institutions) [2026-03-29]","standardized authors names in recordedBy","Colección","M.M.M. & D.A.J.L.","N.M.M."
"2959","HEM2025_2959","PreservedSpecimen","Coleccion",NA,"UNICACH","SPECIES","HEM","M.M.M. | D.A.J.L.","3242","N.M.M.","E","HEM2025",1,"Peperomia heterophylla",15.1439444444444,-92.1372777777778,"2013-12-13","change1: Filled coordinateUncertaintyInMeters from decimal-place precision (conservative). | epi_taxo: acceptedName(match1); authorship_epig(match1); genus_from_scientificName; family_WFO; order_majorGroup_WCVP [2026-03-11] | CoordinateCleaner QA applied without sea test (validity, equal, zeros, capitals, centroids, gbif, institutions) [2026-03-29]","standardized authors names in recordedBy","Colección","M.M.M. & D.A.J.L.","N.M.M."
"2960","HEM2025_2960","PreservedSpecimen","Coleccion",NA,"UNICACH","SPECIES","HEM","M.M.M. | M.C.R.M.","5325","N.M.M.","E","HEM2025",1,"Peperomia heterophylla",15.0847222222222,-92.175,"2014-09-22","change1: Filled coordinateUncertaintyInMeters from decimal-place precision (conservative). | epi_taxo: acceptedName(match1); authorship_epig(match1); genus_from_scientificName; family_WFO; order_majorGroup_WCVP [2026-03-11] | CoordinateCleaner QA applied without sea test (validity, equal, zeros, capitals, centroids, gbif, institutions) [2026-03-29]","standardized authors names in recordedBy","Colección","M.M.M. & M.C.R.M.","N.M.M."
"2961","HEM2025_2961","PreservedSpecimen","Coleccion",NA,"UNICACH","SPECIES","HEM","N.M.M. | M.M.M. | R.V.H.","4441","N.M.M.","E","HEM2025",1,"Peperomia heterophylla",15.1062777777778,-92.1102222222222,"2015-05-05","change1: Filled coordinateUncertaintyInMeters from decimal-place precision (conservative). | epi_taxo: acceptedName(match1); authorship_epig(match1); genus_from_scientificName; family_WFO; order_majorGroup_WCVP [2026-03-11] | CoordinateCleaner QA applied without sea test (validity, equal, zeros, capitals, centroids, gbif, institutions) [2026-03-29]","standardized authors names in recordedBy","Colección","N.M.M. & M.M.M. & R.V.H.","N.M.M."
"2962","HEM2025_2962","PreservedSpecimen","Coleccion",NA,"UNICACH","SPECIES","HEM","M.E.L.M.","512","N.M.M.","E","HEM2025",1,"Peperomia heterophylla",15.8541666666667,-93.2180555555556,"1999-11-17","change1: Filled coordinateUncertaintyInMeters from decimal-place precision (conservative). | epi_taxo: acceptedName(match1); authorship_epig(match1); genus_from_scientificName; family_WFO; order_majorGroup_WCVP [2026-03-11] | CoordinateCleaner QA applied without sea test (validity, equal, zeros, capitals, centroids, gbif, institutions) [2026-03-29]","","Colección","M.E.L.M.","N.M.M."
"2963","HEM2025_2963","PreservedSpecimen","Coleccion",NA,"UNICACH","SPECIES","HEM","Camilo, R.M.","739","N.M.M.","E","HEM2025",1,"Peperomia heterophylla",16.9477777777778,-93.2244444444444,"2002-10-23","change1: Filled coordinateUncertaintyInMeters from decimal-place precision (conservative). | epi_taxo: acceptedName(match1); authorship_epig(match1); genus_from_scientificName; family_WFO; order_majorGroup_WCVP [2026-03-11] | CoordinateCleaner QA applied without sea test (validity, equal, zeros, capitals, centroids, gbif, institutions) [2026-03-29]","standardized authors names in recordedBy","Colección","R.M. Camilo","N.M.M."
"2964","HEM2025_2964","PreservedSpecimen","Coleccion",NA,"UNICACH","SPECIES","HEM","Perez-Farrera, M.A.","2778","N.M.M.","E","HEM2025",1,"Peperomia heterophylla",15.8775,-93.2275,"2002-05-25","change1: Filled coordinateUncertaintyInMeters from decimal-place precision (conservative). | epi_taxo: acceptedName(match1); authorship_epig(match1); genus_from_scientificName; family_WFO; order_majorGroup_WCVP [2026-03-11] | CoordinateCleaner QA applied without sea test (validity, equal, zeros, capitals, centroids, gbif, institutions) [2026-03-29]","standardized authors names in recordedBy","Colección","M.A. Pérez-Farrera","N.M.M."
"2965","HEM2025_2965","PreservedSpecimen","Coleccion",NA,"UNICACH","SPECIES","HEM","A.L.C.","84","N.M.M.","E","HEM2025",3,"Peperomia glabella",15.3536111111111,-92.7027777777778,"2005-07-04","change1: Filled coordinateUncertaintyInMeters from decimal-place precision (conservative). | epi_taxo: acceptedName(match1); authorship_epig(match1); genus_from_scientificName; family_WFO; order_majorGroup_WCVP [2026-03-11] | CoordinateCleaner QA applied without sea test (validity, equal, zeros, capitals, centroids, gbif, institutions) [2026-03-29]","","Colección","A.L.C.","N.M.M."
"2966","HEM2025_2966","PreservedSpecimen","Coleccion",NA,"UNICACH","SPECIES","HEM","N.M.M.","1296","N.M.M.","E","HEM2025",1,"Peperomia hirta",16.9243055555556,-93.4726666666667,"2006-03-16","change1: Filled coordinateUncertaintyInMeters from decimal-place precision (conservative). | epi_taxo: acceptedName(match1); authorship_epig(match1); genus_from_scientificName; family_WFO; order_majorGroup_WCVP [2026-03-11] | CoordinateCleaner QA applied without sea test (validity, equal, zeros, capitals, centroids, gbif, institutions) [2026-03-29]","","Colección","N.M.M.","N.M.M."
"2967","HEM2025_2967","PreservedSpecimen","Coleccion",NA,"UNICACH","SPECIES","HEM","J.A.E.J.","416","J.A.E.J.","E","HEM2025",1,"Peperomia hirta",16.8419777777778,-93.1218055555556,"2007-08-27","change1: Filled coordinateUncertaintyInMeters from decimal-place precision (conservative). | epi_taxo: acceptedName(match1); authorship_epig(match1); genus_from_scientificName; family_WFO; order_majorGroup_WCVP [2026-03-11] | CoordinateCleaner QA applied without sea test (validity, equal, zeros, capitals, centroids, gbif, institutions) [2026-03-29]","","Colección","J.A.E.J.","J.A.E.J."
"2968","HEM2025_2968","PreservedSpecimen","Coleccion",NA,"UNICACH","SPECIES","HEM","M.M.M. | M.C.R.M.","2536","N.M.M.","E","HEM2025",1,"Peperomia hirta",15.14725,-92.1429166666667,"2013-11-14","change1: Filled coordinateUncertaintyInMeters from decimal-place precision (conservative). | epi_taxo: acceptedName(match1); authorship_epig(match1); genus_from_scientificName; family_WFO; order_majorGroup_WCVP [2026-03-11] | CoordinateCleaner QA applied without sea test (validity, equal, zeros, capitals, centroids, gbif, institutions) [2026-03-29]","standardized authors names in recordedBy","Colección","M.M.M. & M.C.R.M.","N.M.M."
"2969","HEM2025_2969","PreservedSpecimen","Coleccion",NA,"UNICACH","SPECIES","HEM","M.M.M. | D.A.J.L.","3465","N.M.M.","E","HEM2025",1,"Peperomia hirta",15.1529722222222,-92.1428888888889,"2014-01-15","change1: Filled coordinateUncertaintyInMeters from decimal-place precision (conservative). | epi_taxo: acceptedName(match1); authorship_epig(match1); genus_from_scientificName; family_WFO; order_majorGroup_WCVP [2026-03-11] | CoordinateCleaner QA applied without sea test (validity, equal, zeros, capitals, centroids, gbif, institutions) [2026-03-29]","standardized authors names in recordedBy","Colección","M.M.M. & D.A.J.L.","N.M.M."
"2970","HEM2025_2970","PreservedSpecimen","Coleccion",NA,"UNICACH","SPECIES","HEM","M.M.M. | D.A.J.L.","3543","N.M.M.","E","HEM2025",1,"Peperomia hirta",15.1481666666667,-92.1383055555556,"2014-01-17","change1: Filled coordinateUncertaintyInMeters from decimal-place precision (conservative). | epi_taxo: acceptedName(match1); authorship_epig(match1); genus_from_scientificName; family_WFO; order_majorGroup_WCVP [2026-03-11] | CoordinateCleaner QA applied without sea test (validity, equal, zeros, capitals, centroids, gbif, institutions) [2026-03-29]","standardized authors names in recordedBy","Colección","M.M.M. & D.A.J.L.","N.M.M."
"2971","HEM2025_2971","PreservedSpecimen","Coleccion",NA,"UNICACH","SPECIES","HEM","N.M.M. | M.M.M. | R.V.H.","4126","N.M.M.","E","HEM2025",1,"Peperomia hirta",15.1103333333333,-92.1109444444444,"2015-05-04","change1: Filled coordinateUncertaintyInMeters from decimal-place precision (conservative). | epi_taxo: acceptedName(match1); authorship_epig(match1); genus_from_scientificName; family_WFO; order_majorGroup_WCVP [2026-03-11] | CoordinateCleaner QA applied without sea test (validity, equal, zeros, capitals, centroids, gbif, institutions) [2026-03-29]","standardized authors names in recordedBy","Colección","N.M.M. & M.M.M. & R.V.H.","N.M.M."
"2972","HEM2025_2972","PreservedSpecimen","Coleccion",NA,"UNICACH","SPECIES","HEM","M.M.M. | M.D.E.M.","620","N.M.M.","E","HEM2025",1,"Peperomia hispidula",15.2559166666667,-92.2205,"2013-02-07","change1: Filled coordinateUncertaintyInMeters from decimal-place precision (conservative). | epi_taxo: acceptedName(match1); authorship_epig(match1); genus_from_scientificName; family_WFO; order_majorGroup_WCVP [2026-03-11] | CoordinateCleaner QA applied without sea test (validity, equal, zeros, capitals, centroids, gbif, institutions) [2026-03-29]","standardized authors names in recordedBy","Colección","M.M.M. & M.D.E.M.","N.M.M."
"2973","HEM2025_2973","PreservedSpecimen","Coleccion",NA,"UNICACH","SPECIES","HEM","M.M.M. | M.D.E.M.","1529","N.M.M.","E","HEM2025",1,"Peperomia hispidula",15.0990833333333,-92.0988333333333,"2013-05-02","change1: Filled coordinateUncertaintyInMeters from decimal-place precision (conservative). | epi_taxo: acceptedName(match1); authorship_epig(match1); genus_from_scientificName; family_WFO; order_majorGroup_WCVP [2026-03-11] | CoordinateCleaner QA applied without sea test (validity, equal, zeros, capitals, centroids, gbif, institutions) [2026-03-29]","standardized authors names in recordedBy","Colección","M.M.M. & M.D.E.M.","N.M.M."
"2974","HEM2025_2974","PreservedSpecimen","Coleccion",NA,"UNICACH","SPECIES","HEM","Camilo, R.M.","212","N.M.M.","E","HEM2025",3,"Peperomia urocarpa",15.7769444444444,-93.09,"2001-09-30","change1: Filled coordinateUncertaintyInMeters from decimal-place precision (conservative). | epi_taxo: acceptedName(match1); authorship_epig(match1); genus_from_scientificName; family_WFO; order_majorGroup_WCVP [2026-03-11] | CoordinateCleaner QA applied without sea test (validity, equal, zeros, capitals, centroids, gbif, institutions) [2026-03-29]","standardized authors names in recordedBy","Colección","R.M. Camilo","N.M.M."
"2975","HEM2025_2975","PreservedSpecimen","Coleccion",NA,"UNICACH","SPECIES","HEM","J.M.M.","2145","N.M.M.","E","HEM2025",3,"Peperomia urocarpa",16.9197222222222,-92.9939722222222,"2009-07-20","change1: Filled coordinateUncertaintyInMeters from decimal-place precision (conservative). | epi_taxo: acceptedName(match1); authorship_epig(match1); genus_from_scientificName; family_WFO; order_majorGroup_WCVP [2026-03-11] | CoordinateCleaner QA applied without sea test (validity, equal, zeros, capitals, centroids, gbif, institutions) [2026-03-29]","","Colección","J.M.M.","N.M.M."
"2976","HEM2025_2976","PreservedSpecimen","Coleccion",NA,"UNICACH","SPECIES","HEM","M.M.M. | M.C.R.M.","5225","N.M.M.","E","HEM2025",3,"Peperomia urocarpa",15.1086388888889,-92.1911666666667,"2014-09-20","change1: Filled coordinateUncertaintyInMeters from decimal-place precision (conservative). | epi_taxo: acceptedName(match1); authorship_epig(match1); genus_from_scientificName; family_WFO; order_majorGroup_WCVP [2026-03-11] | CoordinateCleaner QA applied without sea test (validity, equal, zeros, capitals, centroids, gbif, institutions) [2026-03-29]","standardized authors names in recordedBy","Colección","M.M.M. & M.C.R.M.","N.M.M."
"2977","HEM2025_2977","PreservedSpecimen","Coleccion",NA,"UNICACH","SPECIES","HEM","Najarro, F.H. | M N.M.G. | C.M.M.","1580","O.F.S.","E","HEM2025",1,"Peperomia humilis",15.9441666666667,-93.3675,"2003-12-26","change1: Filled coordinateUncertaintyInMeters from decimal-place precision (conservative). | epi_taxo: acceptedName(match1); authorship_epig(match1); genus_from_scientificName; family_WFO; order_majorGroup_WCVP [2026-03-11] | CoordinateCleaner QA applied without sea test (validity, equal, zeros, capitals, centroids, gbif, institutions) [2026-03-29]","standardized authors names in recordedBy","Colección","F.H. Najarro & M N.M.G. & C.M.M.","O.F.S."
"2978","HEM2025_2978","PreservedSpecimen","Coleccion",NA,"UNICACH","SPECIES","HEM","E.M.L.","1215","O.F.S.","E","HEM2025",1,"Peperomia humilis",15.9922222222222,-93.4472222222222,"2003-10-03","change1: Filled coordinateUncertaintyInMeters from decimal-place precision (conservative). | epi_taxo: acceptedName(match1); authorship_epig(match1); genus_from_scientificName; family_WFO; order_majorGroup_WCVP [2026-03-11] | CoordinateCleaner QA applied without sea test (validity, equal, zeros, capitals, centroids, gbif, institutions) [2026-03-29]","","Colección","E.M.L.","O.F.S."
"2979","HEM2025_2979","PreservedSpecimen","Coleccion",NA,"UNICACH","SPECIES","HEM","N.M.M.","2676","Camilo, R.M.","E","HEM2025",1,"Peperomia humilis",16.9651555555556,-93.2305583333333,"2009-06-01","change1: Filled coordinateUncertaintyInMeters from decimal-place precision (conservative). | epi_taxo: acceptedName(match1); authorship_epig(match1); genus_from_scientificName; family_WFO; order_majorGroup_WCVP [2026-03-11] | CoordinateCleaner QA applied without sea test (validity, equal, zeros, capitals, centroids, gbif, institutions) [2026-03-29]","standardized authors names in identifiedBy","Colección","N.M.M.","R.M. Camilo"
"2980","HEM2025_2980","PreservedSpecimen","Coleccion",NA,"UNICACH","SPECIES","HEM","Camilo, R.M.","734","N.M.M.","E","HEM2025",2,"Peperomia humilis",16.9477777777778,-93.2244444444444,"2002-10-23","change1: Filled coordinateUncertaintyInMeters from decimal-place precision (conservative). | epi_taxo: acceptedName(match1); authorship_epig(match1); genus_from_scientificName; family_WFO; order_majorGroup_WCVP [2026-03-11] | CoordinateCleaner QA applied without sea test (validity, equal, zeros, capitals, centroids, gbif, institutions) [2026-03-29]","standardized authors names in recordedBy","Colección","R.M. Camilo","N.M.M."
"2981","HEM2025_2981","PreservedSpecimen","Coleccion",NA,"UNICACH","SPECIES","HEM","M.N.M.G.","550","O.F.S.","E","HEM2025",1,"Peperomia hylophila",15.9877777777778,-93.4830555555556,"2002-08-21","change1: Filled coordinateUncertaintyInMeters from decimal-place precision (conservative). | epi_taxo: acceptedName(match1); authorship_epig(match1); genus_from_scientificName; family_WFO; order_majorGroup_WCVP [2026-03-11] | CoordinateCleaner QA applied without sea test (validity, equal, zeros, capitals, centroids, gbif, institutions) [2026-03-29]","","Colección","M.N.M.G.","O.F.S."
"2982","HEM2025_2982","PreservedSpecimen","Coleccion",NA,"UNICACH","SPECIES","HEM","J.P.V.H.","168","N.M.M.","E","HEM2025",1,"Peperomia lanceolatopeltata",15.9238888888889,-93.3622222222222,"2002-11-16","change1: Filled coordinateUncertaintyInMeters from decimal-place precision (conservative). | epi_taxo: acceptedName(match1); authorship_epig(match1); genus_from_scientificName; family_WFO; order_majorGroup_WCVP [2026-03-11] | CoordinateCleaner QA applied without sea test (validity, equal, zeros, capitals, centroids, gbif, institutions) [2026-03-29]","","Colección","J.P.V.H.","N.M.M."
"2983","HEM2025_2983","PreservedSpecimen","Coleccion",NA,"UNICACH","SPECIES","HEM","Camilo, R.M.","733","N.M.M.","E","HEM2025",1,"Peperomia lanceolatopeltata",16.9477777777778,-93.2244444444444,"2002-10-23","change1: Filled coordinateUncertaintyInMeters from decimal-place precision (conservative). | epi_taxo: acceptedName(match1); authorship_epig(match1); genus_from_scientificName; family_WFO; order_majorGroup_WCVP [2026-03-11] | CoordinateCleaner QA applied without sea test (validity, equal, zeros, capitals, centroids, gbif, institutions) [2026-03-29]","standardized authors names in recordedBy","Colección","R.M. Camilo","N.M.M."
"2984","HEM2025_2984","PreservedSpecimen","Coleccion",NA,"UNICACH","SPECIES","HEM","E.M.S. | A.M.G. | G.U. | M.R.","19741","Camilo, R.M.","E","HEM2025",1,"Peperomia lancifolia",15.0902777777778,-92.1013888888889,"1987-02-07","change1: Filled coordinateUncertaintyInMeters from decimal-place precision (conservative). | epi_taxo: acceptedName(match1); authorship_epig(match1); genus_from_scientificName; family_WFO; order_majorGroup_WCVP [2026-03-11] | CoordinateCleaner QA applied without sea test (validity, equal, zeros, capitals, centroids, gbif, institutions) [2026-03-29]","standardized authors names in recordedBy / standardized authors names in identifiedBy","Colección","E.M.S. & A.M.G. & G.U. & M.R.","R.M. Camilo"
"2985","HEM2025_2985","PreservedSpecimen","Coleccion",NA,"UNICACH","SPECIES","HEM","E.M.S. | A.M.G. | G.U.","19343","Camilo, R.M.","E","HEM2025",1,"Peperomia lancifolia",15.0902777777778,-92.1013888888889,"1987-02-03","change1: Filled coordinateUncertaintyInMeters from decimal-place precision (conservative). | epi_taxo: acceptedName(match1); authorship_epig(match1); genus_from_scientificName; family_WFO; order_majorGroup_WCVP [2026-03-11] | CoordinateCleaner QA applied without sea test (validity, equal, zeros, capitals, centroids, gbif, institutions) [2026-03-29]","standardized authors names in recordedBy / standardized authors names in identifiedBy","Colección","E.M.S. & A.M.G. & G.U.","R.M. Camilo"
"2986","HEM2025_2986","PreservedSpecimen","Coleccion",NA,"UNICACH","SPECIES","HEM","N.M.M. | M.M.M. | R.V.H.","4590","N.M.M.","E","HEM2025",1,"Peperomia lancifolia",15.1133888888889,-92.0948055555556,"2015-06-02","change1: Filled coordinateUncertaintyInMeters from decimal-place precision (conservative). | epi_taxo: acceptedName(match1); authorship_epig(match1); genus_from_scientificName; family_WFO; order_majorGroup_WCVP [2026-03-11] | CoordinateCleaner QA applied without sea test (validity, equal, zeros, capitals, centroids, gbif, institutions) [2026-03-29]","standardized authors names in recordedBy","Colección","N.M.M. & M.M.M. & R.V.H.","N.M.M."
"2987","HEM2025_2987","PreservedSpecimen","Coleccion",NA,"UNICACH","SPECIES","HEM","M.M.M. | D.A.J.L.","4070","N.M.M.","E","HEM2025",2,"Peperomia liebmannii",15.1569722222222,-92.1464444444445,"2014-02-05","change1: Filled coordinateUncertaintyInMeters from decimal-place precision (conservative). | epi_taxo: acceptedName(match1); authorship_epig(match1); genus_from_scientificName; family_WFO; order_majorGroup_WCVP [2026-03-11] | CoordinateCleaner QA applied without sea test (validity, equal, zeros, capitals, centroids, gbif, institutions) [2026-03-29]","standardized authors names in recordedBy","Colección","M.M.M. & D.A.J.L.","N.M.M."
"2988","HEM2025_2988","PreservedSpecimen","Coleccion",NA,"UNICACH","SPECIES","HEM","V.M.","69","N.M.M.","E","HEM2025",2,"Peperomia liebmannii",15.4805555555556,-92.6055555555556,"1999-01-27","change1: Filled coordinateUncertaintyInMeters from decimal-place precision (conservative). | epi_taxo: acceptedName(match1); authorship_epig(match1); genus_from_scientificName; family_WFO; order_majorGroup_WCVP [2026-03-11] | CoordinateCleaner QA applied without sea test (validity, equal, zeros, capitals, centroids, gbif, institutions) [2026-03-29]","","Colección","V.M.","N.M.M."
"2989","HEM2025_2989","PreservedSpecimen","Coleccion",NA,"UNICACH","SPECIES","HEM","M.M.M. | M.A.D.V.","812","N.M.M.","E","HEM2025",1,"Peperomia glabella",15.2487777777778,-92.2863333333333,"2013-03-01","change1: Filled coordinateUncertaintyInMeters from decimal-place precision (conservative). | epi_taxo: acceptedName(match1); authorship_epig(match1); genus_from_scientificName; family_WFO; order_majorGroup_WCVP [2026-03-11] | CoordinateCleaner QA applied without sea test (validity, equal, zeros, capitals, centroids, gbif, institutions) [2026-03-29]","standardized authors names in recordedBy","Colección","M.M.M. & M.A.D.V.","N.M.M."
"2990","HEM2025_2990","PreservedSpecimen","Coleccion",NA,"UNICACH","SPECIES","HEM","M.M.M. | M.A.D.V.","945","N.M.M.","E","HEM2025",1,"Peperomia glabella",15.2508055555556,-92.2769722222222,"2013-03-04","change1: Filled coordinateUncertaintyInMeters from decimal-place precision (conservative). | epi_taxo: acceptedName(match1); authorship_epig(match1); genus_from_scientificName; family_WFO; order_majorGroup_WCVP [2026-03-11] | CoordinateCleaner QA applied without sea test (validity, equal, zeros, capitals, centroids, gbif, institutions) [2026-03-29]","standardized authors names in recordedBy","Colección","M.M.M. & M.A.D.V.","N.M.M."
"2991","HEM2025_2991","PreservedSpecimen","Coleccion",NA,"UNICACH","SPECIES","HEM","M.M.M. | M.D.E.M.","1242","N.M.M.","E","HEM2025",1,"Peperomia glabella",15.0924444444444,-92.0923055555556,"2013-04-26","change1: Filled coordinateUncertaintyInMeters from decimal-place precision (conservative). | epi_taxo: acceptedName(match1); authorship_epig(match1); genus_from_scientificName; family_WFO; order_majorGroup_WCVP [2026-03-11] | CoordinateCleaner QA applied without sea test (validity, equal, zeros, capitals, centroids, gbif, institutions) [2026-03-29]","standardized authors names in recordedBy","Colección","M.M.M. & M.D.E.M.","N.M.M."
"2992","HEM2025_2992","PreservedSpecimen","Coleccion",NA,"UNICACH","SPECIES","HEM","M.M.M. | M.D.E.M.","1356","N.M.M.","E","HEM2025",1,"Peperomia glabella",15.0847777777778,-92.0990833333333,"2013-04-28","change1: Filled coordinateUncertaintyInMeters from decimal-place precision (conservative). | epi_taxo: acceptedName(match1); authorship_epig(match1); genus_from_scientificName; family_WFO; order_majorGroup_WCVP [2026-03-11] | CoordinateCleaner QA applied without sea test (validity, equal, zeros, capitals, centroids, gbif, institutions) [2026-03-29]","standardized authors names in recordedBy","Colección","M.M.M. & M.D.E.M.","N.M.M."
"2993","HEM2025_2993","PreservedSpecimen","Coleccion",NA,"UNICACH","SPECIES","HEM","M.N.M.G.","549","O.F.S.","E","HEM2025",1,"Peperomia obtusifolia",15.9877777777778,-93.4830555555556,"2002-08-21","change1: Filled coordinateUncertaintyInMeters from decimal-place precision (conservative). | epi_taxo: acceptedName(match1); authorship_epig(match1); genus_from_scientificName; family_WFO; order_majorGroup_WCVP [2026-03-11] | CoordinateCleaner QA applied without sea test (validity, equal, zeros, capitals, centroids, gbif, institutions) [2026-03-29]","","Colección","M.N.M.G.","O.F.S."
"2994","HEM2025_2994","PreservedSpecimen","Coleccion",NA,"UNICACH","SPECIES","HEM","H.G.D.","284","O.F.S.","E","HEM2025",1,"Peperomia obtusifolia",16.0041666666667,-93.4761111111111,"2003-05-02","change1: Filled coordinateUncertaintyInMeters from decimal-place precision (conservative). | epi_taxo: acceptedName(match1); authorship_epig(match1); genus_from_scientificName; family_WFO; order_majorGroup_WCVP [2026-03-11] | CoordinateCleaner QA applied without sea test (validity, equal, zeros, capitals, centroids, gbif, institutions) [2026-03-29]","","Colección","H.G.D.","O.F.S."
"2995","HEM2025_2995","PreservedSpecimen","Coleccion",NA,"UNICACH","SPECIES","HEM","Najarro, F.H. | U.G.M.","856","N.M.M.","E","HEM2025",1,"Peperomia obtusifolia",15.9752777777778,-93.4544444444444,"2002-04-27","change1: Filled coordinateUncertaintyInMeters from decimal-place precision (conservative). | epi_taxo: acceptedName(match1); authorship_epig(match1); genus_from_scientificName; family_WFO; order_majorGroup_WCVP [2026-03-11] | CoordinateCleaner QA applied without sea test (validity, equal, zeros, capitals, centroids, gbif, institutions) [2026-03-29]","standardized authors names in recordedBy","Colección","F.H. Najarro & U.G.M.","N.M.M."
"2996","HEM2025_2996","PreservedSpecimen","Coleccion",NA,"UNICACH","SPECIES","HEM","A.C.G.D.","6","O.F.S.","E","HEM2025",1,"Peperomia obtusifolia",16.8282972222222,-93.4298944444444,"2005-10-27","change1: Filled coordinateUncertaintyInMeters from decimal-place precision (conservative). | epi_taxo: acceptedName(match1); authorship_epig(match1); genus_from_scientificName; family_WFO; order_majorGroup_WCVP [2026-03-11] | CoordinateCleaner QA applied without sea test (validity, equal, zeros, capitals, centroids, gbif, institutions) [2026-03-29]","","Colección","A.C.G.D.","O.F.S."
"2997","HEM2025_2997","PreservedSpecimen","Coleccion",NA,"UNICACH","SPECIES","HEM","H.G.D.","1330","H.G.D.","E","HEM2025",1,"Peperomia obtusifolia",15.7084444444444,-92.7269166666667,"2006-07-21","change1: Filled coordinateUncertaintyInMeters from decimal-place precision (conservative). | epi_taxo: acceptedName(match1); authorship_epig(match1); genus_from_scientificName; family_WFO; order_majorGroup_WCVP [2026-03-11] | CoordinateCleaner QA applied without sea test (validity, equal, zeros, capitals, centroids, gbif, institutions) [2026-03-29]","","Colección","H.G.D.","H.G.D."
"2998","HEM2025_2998","PreservedSpecimen","Coleccion",NA,"UNICACH","SPECIES","HEM","N.M.M.","1884","N.M.M.","E","HEM2025",1,"Peperomia obtusifolia",15.4441666666667,-92.6608333333333,"2006-11-16","change1: Filled coordinateUncertaintyInMeters from decimal-place precision (conservative). | epi_taxo: acceptedName(match1); authorship_epig(match1); genus_from_scientificName; family_WFO; order_majorGroup_WCVP [2026-03-11] | CoordinateCleaner QA applied without sea test (validity, equal, zeros, capitals, centroids, gbif, institutions) [2026-03-29]","","Colección","N.M.M.","N.M.M."
"2999","HEM2025_2999","PreservedSpecimen","Coleccion",NA,"UNICACH","SPECIES","HEM","A.L.C.","132","A.L.C.","E","HEM2025",1,"Peperomia obtusifolia",16.8035416666667,-93.7415833333333,"2005-11-30","change1: Filled coordinateUncertaintyInMeters from decimal-place precision (conservative). | epi_taxo: acceptedName(match1); authorship_epig(match1); genus_from_scientificName; family_WFO; order_majorGroup_WCVP [2026-03-11] | CoordinateCleaner QA applied without sea test (validity, equal, zeros, capitals, centroids, gbif, institutions) [2026-03-29]","","Colección","A.L.C.","A.L.C."
"3000","HEM2025_3000","PreservedSpecimen","Coleccion",NA,"UNICACH","SPECIES","HEM","G.U. | E.M.S. | A.M.G.","102","G.U.","E","HEM2025",1,"Peperomia obtusifolia",16.9913888888889,-91.6227777777778,"1987-05-24","change1: Filled coordinateUncertaintyInMeters from decimal-place precision (conservative). | epi_taxo: acceptedName(match1); authorship_epig(match1); genus_from_scientificName; family_WFO; order_majorGroup_WCVP [2026-03-11] | CoordinateCleaner QA applied without sea test (validity, equal, zeros, capitals, centroids, gbif, institutions) [2026-03-29]","standardized authors names in recordedBy","Colección","G.U. & E.M.S. & A.M.G.","G.U."
"3001","HEM2025_3001","PreservedSpecimen","Coleccion",NA,"UNICACH","SPECIES","HEM","J.P.V.H.","62","Perez-Farrera, M.A. | O.F.S.","E","HEM2025",1,"Peperomia obtusifolia",15.9691666666667,-93.4694444444444,"2002-04-28","change1: Filled coordinateUncertaintyInMeters from decimal-place precision (conservative). | epi_taxo: acceptedName(match1); authorship_epig(match1); genus_from_scientificName; family_WFO; order_majorGroup_WCVP [2026-03-11] | CoordinateCleaner QA applied without sea test (validity, equal, zeros, capitals, centroids, gbif, institutions) [2026-03-29]","standardized authors names in identifiedBy","Colección","J.P.V.H.","M.A. Pérez-Farrera & O.F.S."
"3002","HEM2025_3002","PreservedSpecimen","Coleccion",NA,"UNICACH","SPECIES","HEM","J.M.M.","141","O.F.S.","E","HEM2025",1,"Peperomia obtusifolia",15.9238888888889,-93.3622222222222,"2002-11-16","change1: Filled coordinateUncertaintyInMeters from decimal-place precision (conservative). | epi_taxo: acceptedName(match1); authorship_epig(match1); genus_from_scientificName; family_WFO; order_majorGroup_WCVP [2026-03-11] | CoordinateCleaner QA applied without sea test (validity, equal, zeros, capitals, centroids, gbif, institutions) [2026-03-29]","","Colección","J.M.M.","O.F.S."
"3003","HEM2025_3003","PreservedSpecimen","Coleccion",NA,"UNICACH","SPECIES","HEM","M.M.M. | M.A.D.V.","1197","N.M.M. | J.M.M.","E","HEM2025",1,"Peperomia obtusifolia",15.1126388888889,-92.0980555555555,"2013-04-04","change1: Filled coordinateUncertaintyInMeters from decimal-place precision (conservative). | epi_taxo: acceptedName(match1); authorship_epig(match1); genus_from_scientificName; family_WFO; order_majorGroup_WCVP [2026-03-11] | CoordinateCleaner QA applied without sea test (validity, equal, zeros, capitals, centroids, gbif, institutions) [2026-03-29]","standardized authors names in recordedBy / standardized authors names in identifiedBy","Colección","M.M.M. & M.A.D.V.","N.M.M. & J.M.M."
"3004","HEM2025_3004","PreservedSpecimen","Coleccion",NA,"UNICACH","SPECIES","HEM","M.M.M. | M.D.E.M.","1283","N.M.M.","E","HEM2025",1,"Peperomia obtusifolia",15.08625,-92.0986944444444,"2013-04-27","change1: Filled coordinateUncertaintyInMeters from decimal-place precision (conservative). | epi_taxo: acceptedName(match1); authorship_epig(match1); genus_from_scientificName; family_WFO; order_majorGroup_WCVP [2026-03-11] | CoordinateCleaner QA applied without sea test (validity, equal, zeros, capitals, centroids, gbif, institutions) [2026-03-29]","standardized authors names in recordedBy","Colección","M.M.M. & M.D.E.M.","N.M.M."
"3005","HEM2025_3005","PreservedSpecimen","Coleccion",NA,"UNICACH","SPECIES","HEM","M.M.M. | M.D.E.M.","1340","N.M.M.","E","HEM2025",1,"Peperomia obtusifolia",15.0847777777778,-92.0990833333333,"2013-04-28","change1: Filled coordinateUncertaintyInMeters from decimal-place precision (conservative). | epi_taxo: acceptedName(match1); authorship_epig(match1); genus_from_scientificName; family_WFO; order_majorGroup_WCVP [2026-03-11] | CoordinateCleaner QA applied without sea test (validity, equal, zeros, capitals, centroids, gbif, institutions) [2026-03-29]","standardized authors names in recordedBy","Colección","M.M.M. & M.D.E.M.","N.M.M."
"3006","HEM2025_3006","PreservedSpecimen","Coleccion",NA,"UNICACH","SPECIES","HEM","M.M.M. | M.D.E.M.","1392","N.M.M.","E","HEM2025",1,"Peperomia obtusifolia",15.0844166666667,-92.10275,"2013-04-30","change1: Filled coordinateUncertaintyInMeters from decimal-place precision (conservative). | epi_taxo: acceptedName(match1); authorship_epig(match1); genus_from_scientificName; family_WFO; order_majorGroup_WCVP [2026-03-11] | CoordinateCleaner QA applied without sea test (validity, equal, zeros, capitals, centroids, gbif, institutions) [2026-03-29]","standardized authors names in recordedBy","Colección","M.M.M. & M.D.E.M.","N.M.M."
"3007","HEM2025_3007","PreservedSpecimen","Coleccion",NA,"UNICACH","SPECIES","HEM","M.M.M. | M.D.E.M.","1587","N.M.M.","E","HEM2025",1,"Peperomia obtusifolia",15.0990833333333,-92.0988333333333,"2013-05-03","change1: Filled coordinateUncertaintyInMeters from decimal-place precision (conservative). | epi_taxo: acceptedName(match1); authorship_epig(match1); genus_from_scientificName; family_WFO; order_majorGroup_WCVP [2026-03-11] | CoordinateCleaner QA applied without sea test (validity, equal, zeros, capitals, centroids, gbif, institutions) [2026-03-29]","standardized authors names in recordedBy","Colección","M.M.M. & M.D.E.M.","N.M.M."
"3008","HEM2025_3008","PreservedSpecimen","Coleccion",NA,"UNICACH","SPECIES","HEM","M.M.M. | M.A.D.V.","2074","N.M.M.","E","HEM2025",1,"Peperomia obtusifolia",15.0969444444444,-92.0914444444444,"2013-06-28","change1: Filled coordinateUncertaintyInMeters from decimal-place precision (conservative). | epi_taxo: acceptedName(match1); authorship_epig(match1); genus_from_scientificName; family_WFO; order_majorGroup_WCVP [2026-03-11] | CoordinateCleaner QA applied without sea test (validity, equal, zeros, capitals, centroids, gbif, institutions) [2026-03-29]","standardized authors names in recordedBy","Colección","M.M.M. & M.A.D.V.","N.M.M."
"3009","HEM2025_3009","PreservedSpecimen","Coleccion",NA,"UNICACH","SPECIES","HEM","Camilo, R.M.","1572","N.M.M.","E","HEM2025",1,"Peperomia obtusifolia",15.0902222222222,-92.1045,"2013-07-24","change1: Filled coordinateUncertaintyInMeters from decimal-place precision (conservative). | epi_taxo: acceptedName(match1); authorship_epig(match1); genus_from_scientificName; family_WFO; order_majorGroup_WCVP [2026-03-11] | CoordinateCleaner QA applied without sea test (validity, equal, zeros, capitals, centroids, gbif, institutions) [2026-03-29]","standardized authors names in recordedBy","Colección","R.M. Camilo","N.M.M."
"3010","HEM2025_3010","PreservedSpecimen","Coleccion",NA,"UNICACH","SPECIES","HEM","M.M.M.","4135","N.M.M.","E","HEM2025",1,"Peperomia obtusifolia",15.1558055555556,-92.1452777777778,"2014-02-14","change1: Filled coordinateUncertaintyInMeters from decimal-place precision (conservative). | epi_taxo: acceptedName(match1); authorship_epig(match1); genus_from_scientificName; family_WFO; order_majorGroup_WCVP [2026-03-11] | CoordinateCleaner QA applied without sea test (validity, equal, zeros, capitals, centroids, gbif, institutions) [2026-03-29]","","Colección","M.M.M.","N.M.M."
"3011","HEM2025_3011","PreservedSpecimen","Coleccion",NA,"UNICACH","SPECIES","HEM","M.M.M. | N.M.M. | R.J.R.V. | E.C.N.","4293","N.M.M.","E","HEM2025",1,"Peperomia obtusifolia",15.099,-92.1409722222222,"2014-06-18","change1: Filled coordinateUncertaintyInMeters from decimal-place precision (conservative). | epi_taxo: acceptedName(match1); authorship_epig(match1); genus_from_scientificName; family_WFO; order_majorGroup_WCVP [2026-03-11] | CoordinateCleaner QA applied without sea test (validity, equal, zeros, capitals, centroids, gbif, institutions) [2026-03-29]","standardized authors names in recordedBy","Colección","M.M.M. & N.M.M. & R.J.R.V. & E.C.N.","N.M.M."
"3012","HEM2025_3012","PreservedSpecimen","Coleccion",NA,"UNICACH","SPECIES","HEM","M.M.M. | A.L.C.","4881","N.M.M.","E","HEM2025",1,"Peperomia obtusifolia",15.0976111111111,-92.168,"2014-08-15","change1: Filled coordinateUncertaintyInMeters from decimal-place precision (conservative). | epi_taxo: acceptedName(match1); authorship_epig(match1); genus_from_scientificName; family_WFO; order_majorGroup_WCVP [2026-03-11] | CoordinateCleaner QA applied without sea test (validity, equal, zeros, capitals, centroids, gbif, institutions) [2026-03-29]","standardized authors names in recordedBy","Colección","M.M.M. & A.L.C.","N.M.M."
"3013","HEM2025_3013","PreservedSpecimen","Coleccion",NA,"UNICACH","SPECIES","HEM","M.M.M. | A.L.C.","5022","N.M.M.","E","HEM2025",1,"Peperomia obtusifolia",15.1135833333333,-92.1829444444444,"2014-08-19","change1: Filled coordinateUncertaintyInMeters from decimal-place precision (conservative). | epi_taxo: acceptedName(match1); authorship_epig(match1); genus_from_scientificName; family_WFO; order_majorGroup_WCVP [2026-03-11] | CoordinateCleaner QA applied without sea test (validity, equal, zeros, capitals, centroids, gbif, institutions) [2026-03-29]","standardized authors names in recordedBy","Colección","M.M.M. & A.L.C.","N.M.M."
"3014","HEM2025_3014","PreservedSpecimen","Coleccion",NA,"UNICACH","SPECIES","HEM","N.M.M. | M.M.M. | R.V.H.","3633","N.M.M.","E","HEM2025",1,"Peperomia obtusifolia",15.1259444444444,-92.18,"2014-09-24","change1: Filled coordinateUncertaintyInMeters from decimal-place precision (conservative). | epi_taxo: acceptedName(match1); authorship_epig(match1); genus_from_scientificName; family_WFO; order_majorGroup_WCVP [2026-03-11] | CoordinateCleaner QA applied without sea test (validity, equal, zeros, capitals, centroids, gbif, institutions) [2026-03-29]","standardized authors names in recordedBy","Colección","N.M.M. & M.M.M. & R.V.H.","N.M.M."
"3015","HEM2025_3015","PreservedSpecimen","Coleccion",NA,"UNICACH","SPECIES","HEM","Camilo, R.M. | M.I.L.R. | N.A.F.R.","2254","Camilo, R.M.","E","HEM2025",1,"Peperomia obtusifolia",15.0988888888889,-92.1424444444445,"2014-07-05","change1: Filled coordinateUncertaintyInMeters from decimal-place precision (conservative). | epi_taxo: acceptedName(match1); authorship_epig(match1); genus_from_scientificName; family_WFO; order_majorGroup_WCVP [2026-03-11] | CoordinateCleaner QA applied without sea test (validity, equal, zeros, capitals, centroids, gbif, institutions) [2026-03-29]","standardized authors names in recordedBy / standardized authors names in identifiedBy","Colección","R.M. Camilo & M.I.L.R. & N.A.F.R.","R.M. Camilo"
"3016","HEM2025_3016","PreservedSpecimen","Coleccion",NA,"UNICACH","SPECIES","HEM","J.P.V.H.","62","O.F.S.","E","HEM2025",1,"Peperomia obtusifolia",15.9830555555556,-93.4694444444444,"2002-04-18","change1: Filled coordinateUncertaintyInMeters from decimal-place precision (conservative). | epi_taxo: acceptedName(match1); authorship_epig(match1); genus_from_scientificName; family_WFO; order_majorGroup_WCVP [2026-03-11] | CoordinateCleaner QA applied without sea test (validity, equal, zeros, capitals, centroids, gbif, institutions) [2026-03-29]","","Colección","J.P.V.H.","O.F.S."
"3017","HEM2025_3017","PreservedSpecimen","Coleccion",NA,"UNICACH","SPECIES","HEM","J.P.V.H.","62","O.F.S.","E","HEM2025",1,"Peperomia obtusifolia",15.9830555555556,-93.4694444444444,"2002-04-18","change1: Filled coordinateUncertaintyInMeters from decimal-place precision (conservative). | epi_taxo: acceptedName(match1); authorship_epig(match1); genus_from_scientificName; family_WFO; order_majorGroup_WCVP [2026-03-11] | CoordinateCleaner QA applied without sea test (validity, equal, zeros, capitals, centroids, gbif, institutions) [2026-03-29]","","Colección","J.P.V.H.","O.F.S."
"3018","HEM2025_3018","PreservedSpecimen","Coleccion",NA,"UNICACH","SPECIES","HEM","Perez-Farrera, M.A.","2279","N.M.M.","E","HEM2025",1,"Peperomia obtusifolia",17.1916666666667,-92.2658333333333,"2000-04-10","change1: Filled coordinateUncertaintyInMeters from decimal-place precision (conservative). | epi_taxo: acceptedName(match1); authorship_epig(match1); genus_from_scientificName; family_WFO; order_majorGroup_WCVP [2026-03-11] | CoordinateCleaner QA applied without sea test (validity, equal, zeros, capitals, centroids, gbif, institutions) [2026-03-29]","standardized authors names in recordedBy","Colección","M.A. Pérez-Farrera","N.M.M."
"3019","HEM2025_3019","PreservedSpecimen","Coleccion",NA,"UNICACH","SPECIES","HEM","Perez-Farrera, M.A.","2279","N.M.M.","E","HEM2025",1,"Peperomia obtusifolia",17.1916666666667,-92.2658333333333,"2000-04-10","change1: Filled coordinateUncertaintyInMeters from decimal-place precision (conservative). | epi_taxo: acceptedName(match1); authorship_epig(match1); genus_from_scientificName; family_WFO; order_majorGroup_WCVP [2026-03-11] | CoordinateCleaner QA applied without sea test (validity, equal, zeros, capitals, centroids, gbif, institutions) [2026-03-29]","standardized authors names in recordedBy","Colección","M.A. Pérez-Farrera","N.M.M."
"3020","HEM2025_3020","PreservedSpecimen","Coleccion",NA,"UNICACH","SPECIES","HEM","M.D.R.S.","2-BIS","N.M.M.","E","HEM2025",3,"Peperomia oliveri",15.8533333333333,-93.2118055555556,"2005-03-30","change1: Filled coordinateUncertaintyInMeters from decimal-place precision (conservative). | epi_taxo: acceptedName(match1); authorship_epig(match1); genus_from_scientificName; family_WFO; order_majorGroup_WCVP [2026-03-11] | CoordinateCleaner QA applied without sea test (validity, equal, zeros, capitals, centroids, gbif, institutions) [2026-03-29]","","Colección","M.D.R.S.","N.M.M."
"3021","HEM2025_3021","PreservedSpecimen","Coleccion",NA,"UNICACH","SPECIES","HEM","J.C.R.","166","N.M.M.","E","HEM2025",3,"Peperomia oliveri",15.8541666666667,-93.2180555555556,"1999-11-17","change1: Filled coordinateUncertaintyInMeters from decimal-place precision (conservative). | epi_taxo: acceptedName(match1); authorship_epig(match1); genus_from_scientificName; family_WFO; order_majorGroup_WCVP [2026-03-11] | CoordinateCleaner QA applied without sea test (validity, equal, zeros, capitals, centroids, gbif, institutions) [2026-03-29]","","Colección","J.C.R.","N.M.M."
"3022","HEM2025_3022","PreservedSpecimen","Coleccion",NA,"UNICACH","SPECIES","HEM","J.M.M.","1361","N.M.M.","E","HEM2025",3,"Peperomia oliveri",16.2086111111111,-93.7144444444445,"2006-06-04","change1: Filled coordinateUncertaintyInMeters from decimal-place precision (conservative). | epi_taxo: acceptedName(match1); authorship_epig(match1); genus_from_scientificName; family_WFO; order_majorGroup_WCVP [2026-03-11] | CoordinateCleaner QA applied without sea test (validity, equal, zeros, capitals, centroids, gbif, institutions) [2026-03-29]","","Colección","J.M.M.","N.M.M."
"3023","HEM2025_3023","PreservedSpecimen","Coleccion",NA,"UNICACH","SPECIES","HEM","M.M.M. | M.C.R.M.","2977","N.M.M.","E","HEM2025",3,"Peperomia oliveri",15.1627222222222,-92.1505277777778,"2013-12-01","change1: Filled coordinateUncertaintyInMeters from decimal-place precision (conservative). | epi_taxo: acceptedName(match1); authorship_epig(match1); genus_from_scientificName; family_WFO; order_majorGroup_WCVP [2026-03-11] | CoordinateCleaner QA applied without sea test (validity, equal, zeros, capitals, centroids, gbif, institutions) [2026-03-29]","standardized authors names in recordedBy","Colección","M.M.M. & M.C.R.M.","N.M.M."
"3024","HEM2025_3024","PreservedSpecimen","Coleccion",NA,"UNICACH","SPECIES","HEM","M.M.M. | A.L.C.","4859","N.M.M.","E","HEM2025",3,"Peperomia oliveri",15.0942222222222,-92.1718611111111,"2014-08-15","change1: Filled coordinateUncertaintyInMeters from decimal-place precision (conservative). | epi_taxo: acceptedName(match1); authorship_epig(match1); genus_from_scientificName; family_WFO; order_majorGroup_WCVP [2026-03-11] | CoordinateCleaner QA applied without sea test (validity, equal, zeros, capitals, centroids, gbif, institutions) [2026-03-29]","standardized authors names in recordedBy","Colección","M.M.M. & A.L.C.","N.M.M."
"3025","HEM2025_3025","PreservedSpecimen","Coleccion",NA,"UNICACH","SPECIES","HEM","N.M.M. | M.M.M. | R.V.H.","3490","N.M.M.","E","HEM2025",3,"Peperomia oliveri",15.1080277777778,-92.108,"2014-09-24","change1: Filled coordinateUncertaintyInMeters from decimal-place precision (conservative). | epi_taxo: acceptedName(match1); authorship_epig(match1); genus_from_scientificName; family_WFO; order_majorGroup_WCVP [2026-03-11] | CoordinateCleaner QA applied without sea test (validity, equal, zeros, capitals, centroids, gbif, institutions) [2026-03-29]","standardized authors names in recordedBy","Colección","N.M.M. & M.M.M. & R.V.H.","N.M.M."
"3026","HEM2025_3026","PreservedSpecimen","Coleccion",NA,"UNICACH","SPECIES","HEM","N.M.M. | M.M.M. | R.V.H.","3613","N.M.M.","E","HEM2025",3,"Peperomia oliveri",15.1259444444444,-92.18,"2014-09-24","change1: Filled coordinateUncertaintyInMeters from decimal-place precision (conservative). | epi_taxo: acceptedName(match1); authorship_epig(match1); genus_from_scientificName; family_WFO; order_majorGroup_WCVP [2026-03-11] | CoordinateCleaner QA applied without sea test (validity, equal, zeros, capitals, centroids, gbif, institutions) [2026-03-29]","standardized authors names in recordedBy","Colección","N.M.M. & M.M.M. & R.V.H.","N.M.M."
"3027","HEM2025_3027","PreservedSpecimen","Coleccion",NA,"UNICACH","SPECIES","HEM","J.M.M.","811","N.M.M.","E","HEM2025",1,"Peperomia pellucida",15.8213333333333,-93.0480277777778,"2005-04-22","change1: Filled coordinateUncertaintyInMeters from decimal-place precision (conservative). | epi_taxo: acceptedName(match1); authorship_epig(match1); genus_from_scientificName; family_WFO; order_majorGroup_WCVP [2026-03-11] | CoordinateCleaner QA applied without sea test (validity, equal, zeros, capitals, centroids, gbif, institutions) [2026-03-29]","","Colección","J.M.M.","N.M.M."
"3028","HEM2025_3028","PreservedSpecimen","Coleccion",NA,"UNICACH","SPECIES","HEM","A.L.R.B.","A-29","N.M.M.","E","HEM2025",1,"Peperomia pellucida",16.8169444444444,-93.2969444444444,"2005-10-16","change1: Filled coordinateUncertaintyInMeters from decimal-place precision (conservative). | epi_taxo: acceptedName(match1); authorship_epig(match1); genus_from_scientificName; family_WFO; order_majorGroup_WCVP [2026-03-11] | CoordinateCleaner QA applied without sea test (validity, equal, zeros, capitals, centroids, gbif, institutions) [2026-03-29]","","Colección","A.L.R.B.","N.M.M."
"3029","HEM2025_3029","PreservedSpecimen","Coleccion",NA,"UNICACH","SPECIES","HEM","A.L.R.B.","A-29","N.M.M.","E","HEM2025",1,"Peperomia pellucida",16.8169444444444,-93.2969444444444,"2005-10-16","change1: Filled coordinateUncertaintyInMeters from decimal-place precision (conservative). | epi_taxo: acceptedName(match1); authorship_epig(match1); genus_from_scientificName; family_WFO; order_majorGroup_WCVP [2026-03-11] | CoordinateCleaner QA applied without sea test (validity, equal, zeros, capitals, centroids, gbif, institutions) [2026-03-29]","","Colección","A.L.R.B.","N.M.M."
"3030","HEM2025_3030","PreservedSpecimen","Coleccion",NA,"UNICACH","SPECIES","HEM","N.M.M.","1257","N.M.M.","E","HEM2025",1,"Peperomia pellucida",16.9270555555556,-93.4764166666667,"2006-02-11","change1: Filled coordinateUncertaintyInMeters from decimal-place precision (conservative). | epi_taxo: acceptedName(match1); authorship_epig(match1); genus_from_scientificName; family_WFO; order_majorGroup_WCVP [2026-03-11] | CoordinateCleaner QA applied without sea test (validity, equal, zeros, capitals, centroids, gbif, institutions) [2026-03-29]","","Colección","N.M.M.","N.M.M."
"3031","HEM2025_3031","PreservedSpecimen","Coleccion",NA,"UNICACH","SPECIES","HEM","M.M.M. | Camilo, R.M.","1168","N.M.M.","E","HEM2025",1,"Peperomia pellucida",15.1126388888889,-92.0980555555555,"2013-04-04","change1: Filled coordinateUncertaintyInMeters from decimal-place precision (conservative). | epi_taxo: acceptedName(match1); authorship_epig(match1); genus_from_scientificName; family_WFO; order_majorGroup_WCVP [2026-03-11] | CoordinateCleaner QA applied without sea test (validity, equal, zeros, capitals, centroids, gbif, institutions) [2026-03-29]","standardized authors names in recordedBy","Colección","M.M.M. & R.M. Camilo","N.M.M."
"3032","HEM2025_3032","PreservedSpecimen","Coleccion",NA,"UNICACH","SPECIES","HEM","M.M.M. | D.A.J.L.","2390-BIS","N.M.M.","E","HEM2025",1,"Peperomia pellucida",15.1383333333333,-92.1394444444445,"2013-12-14","change1: Filled coordinateUncertaintyInMeters from decimal-place precision (conservative). | epi_taxo: acceptedName(match1); authorship_epig(match1); genus_from_scientificName; family_WFO; order_majorGroup_WCVP [2026-03-11] | CoordinateCleaner QA applied without sea test (validity, equal, zeros, capitals, centroids, gbif, institutions) [2026-03-29]","standardized authors names in recordedBy","Colección","M.M.M. & D.A.J.L.","N.M.M."
"3033","HEM2025_3033","PreservedSpecimen","Coleccion",NA,"UNICACH","SPECIES","HEM","M.M.M. | D.A.J.L.","3328","N.M.M.","E","HEM2025",1,"Peperomia pellucida",15.1348888888889,-92.1380555555556,"2013-12-15","change1: Filled coordinateUncertaintyInMeters from decimal-place precision (conservative). | epi_taxo: acceptedName(match1); authorship_epig(match1); genus_from_scientificName; family_WFO; order_majorGroup_WCVP [2026-03-11] | CoordinateCleaner QA applied without sea test (validity, equal, zeros, capitals, centroids, gbif, institutions) [2026-03-29]","standardized authors names in recordedBy","Colección","M.M.M. & D.A.J.L.","N.M.M."
"3034","HEM2025_3034","PreservedSpecimen","Coleccion",NA,"UNICACH","SPECIES","HEM","Perez-Farrera, M.A.","1657","N.M.M.","E","HEM2025",1,"Peperomia peltilimba",15.8941666666667,-93.2775,"1998-04-24","change1: Filled coordinateUncertaintyInMeters from decimal-place precision (conservative). | epi_taxo: acceptedName(match1); authorship_epig(match1); genus_from_scientificName; family_WFO; order_majorGroup_WCVP [2026-03-11] | CoordinateCleaner QA applied without sea test (validity, equal, zeros, capitals, centroids, gbif, institutions) [2026-03-29]","standardized authors names in recordedBy","Colección","M.A. Pérez-Farrera","N.M.M."
"3035","HEM2025_3035","PreservedSpecimen","Coleccion",NA,"UNICACH","SPECIES","HEM","Camilo, R.M.","80","N.M.M.","E","HEM2025",1,"Peperomia peltilimba",15.7727777777778,-93.09,"2001-07-17","change1: Filled coordinateUncertaintyInMeters from decimal-place precision (conservative). | epi_taxo: acceptedName(match1); authorship_epig(match1); genus_from_scientificName; family_WFO; order_majorGroup_WCVP [2026-03-11] | CoordinateCleaner QA applied without sea test (validity, equal, zeros, capitals, centroids, gbif, institutions) [2026-03-29]","standardized authors names in recordedBy","Colección","R.M. Camilo","N.M.M."
"3036","HEM2025_3036","PreservedSpecimen","Coleccion",NA,"UNICACH","SPECIES","HEM","J.M.M.","1802","N.M.M.","E","HEM2025",1,"Peperomia peltilimba",15.7610555555556,-93.0720277777778,"2007-03-11","change1: Filled coordinateUncertaintyInMeters from decimal-place precision (conservative). | epi_taxo: acceptedName(match1); authorship_epig(match1); genus_from_scientificName; family_WFO; order_majorGroup_WCVP [2026-03-11] | CoordinateCleaner QA applied without sea test (validity, equal, zeros, capitals, centroids, gbif, institutions) [2026-03-29]","","Colección","J.M.M.","N.M.M."
"3037","HEM2025_3037","PreservedSpecimen","Coleccion",NA,"UNICACH","SPECIES","HEM","Camilo, R.M. | N.M.M.","2659","N.M.M.","E","HEM2025",1,"Peperomia peltilimba",15.0988611111111,-92.1681388888889,"2014-08-17","change1: Filled coordinateUncertaintyInMeters from decimal-place precision (conservative). | epi_taxo: acceptedName(match1); authorship_epig(match1); genus_from_scientificName; family_WFO; order_majorGroup_WCVP [2026-03-11] | CoordinateCleaner QA applied without sea test (validity, equal, zeros, capitals, centroids, gbif, institutions) [2026-03-29]","standardized authors names in recordedBy","Colección","R.M. Camilo & N.M.M.","N.M.M."
"3038","HEM2025_3038","PreservedSpecimen","Coleccion",NA,"UNICACH","SPECIES","HEM","M.M.M. | D.A.J.L. | R.J.R.V.","5599","N.M.M.","E","HEM2025",1,"Peperomia peltilimba",15.0997777777778,-92.1679444444444,"2015-03-27","change1: Filled coordinateUncertaintyInMeters from decimal-place precision (conservative). | epi_taxo: acceptedName(match1); authorship_epig(match1); genus_from_scientificName; family_WFO; order_majorGroup_WCVP [2026-03-11] | CoordinateCleaner QA applied without sea test (validity, equal, zeros, capitals, centroids, gbif, institutions) [2026-03-29]","standardized authors names in recordedBy","Colección","M.M.M. & D.A.J.L. & R.J.R.V.","N.M.M."
"3039","HEM2025_3039","PreservedSpecimen","Coleccion",NA,"UNICACH","SPECIES","HEM","N.R.M.","518","N.M.M.","E","HEM2025",1,"Peperomia peltilimba",16.8638888888889,-92.4583333333333,"1994-07-13","change1: Filled coordinateUncertaintyInMeters from decimal-place precision (conservative). | epi_taxo: acceptedName(match1); authorship_epig(match1); genus_from_scientificName; family_WFO; order_majorGroup_WCVP [2026-03-11] | CoordinateCleaner QA applied without sea test (validity, equal, zeros, capitals, centroids, gbif, institutions) [2026-03-29]","","Colección","N.R.M.","N.M.M."
"3040","HEM2025_3040","PreservedSpecimen","Coleccion",NA,"UNICACH","SPECIES","HEM","Camilo, R.M.","73","N.M.M.","E","HEM2025",1,"Peperomia pseudoalpina",15.7727777777778,-93.09,"2001-07-17","change1: Filled coordinateUncertaintyInMeters from decimal-place precision (conservative). | epi_taxo: acceptedName(match1); authorship_epig(match1); genus_from_scientificName; family_WFO; order_majorGroup_WCVP [2026-03-11] | CoordinateCleaner QA applied without sea test (validity, equal, zeros, capitals, centroids, gbif, institutions) [2026-03-29]","standardized authors names in recordedBy","Colección","R.M. Camilo","N.M.M."
"3041","HEM2025_3041","PreservedSpecimen","Coleccion",NA,"UNICACH","SPECIES","HEM","M.M.M. | M.D.E.M.","1309","N.M.M.","E","HEM2025",1,"Peperomia pseudoalpina",15.0864722222222,-92.0991666666667,"2013-04-27","change1: Filled coordinateUncertaintyInMeters from decimal-place precision (conservative). | epi_taxo: acceptedName(match1); authorship_epig(match1); genus_from_scientificName; family_WFO; order_majorGroup_WCVP [2026-03-11] | CoordinateCleaner QA applied without sea test (validity, equal, zeros, capitals, centroids, gbif, institutions) [2026-03-29]","standardized authors names in recordedBy","Colección","M.M.M. & M.D.E.M.","N.M.M."
"3042","HEM2025_3042","PreservedSpecimen","Coleccion",NA,"UNICACH","SPECIES","HEM","M.M.M. | M.D.E.M.","1477","N.M.M.","E","HEM2025",1,"Peperomia pseudoalpina",15.0858333333333,-92.0996111111111,"2013-04-30","change1: Filled coordinateUncertaintyInMeters from decimal-place precision (conservative). | epi_taxo: acceptedName(match1); authorship_epig(match1); genus_from_scientificName; family_WFO; order_majorGroup_WCVP [2026-03-11] | CoordinateCleaner QA applied without sea test (validity, equal, zeros, capitals, centroids, gbif, institutions) [2026-03-29]","standardized authors names in recordedBy","Colección","M.M.M. & M.D.E.M.","N.M.M."
"3043","HEM2025_3043","PreservedSpecimen","Coleccion",NA,"UNICACH","SPECIES","HEM","M.M.M. | M.D.E.M.","1509","N.M.M.","E","HEM2025",1,"Peperomia pseudoalpina",15.0990833333333,-92.0988333333333,"2013-05-02","change1: Filled coordinateUncertaintyInMeters from decimal-place precision (conservative). | epi_taxo: acceptedName(match1); authorship_epig(match1); genus_from_scientificName; family_WFO; order_majorGroup_WCVP [2026-03-11] | CoordinateCleaner QA applied without sea test (validity, equal, zeros, capitals, centroids, gbif, institutions) [2026-03-29]","standardized authors names in recordedBy","Colección","M.M.M. & M.D.E.M.","N.M.M."
"3044","HEM2025_3044","PreservedSpecimen","Coleccion",NA,"UNICACH","SPECIES","HEM","M.M.M. | M.C.R.M.","2870","N.M.M.","E","HEM2025",1,"Peperomia pseudoalpina",15.1515555555556,-92.1447222222222,"2013-11-30","change1: Filled coordinateUncertaintyInMeters from decimal-place precision (conservative). | epi_taxo: acceptedName(match1); authorship_epig(match1); genus_from_scientificName; family_WFO; order_majorGroup_WCVP [2026-03-11] | CoordinateCleaner QA applied without sea test (validity, equal, zeros, capitals, centroids, gbif, institutions) [2026-03-29]","standardized authors names in recordedBy","Colección","M.M.M. & M.C.R.M.","N.M.M."
"3045","HEM2025_3045","PreservedSpecimen","Coleccion",NA,"UNICACH","SPECIES","HEM","M.M.M. | D.A.J.L.","3325","N.M.M.","E","HEM2025",1,"Peperomia pseudoalpina",15.1348888888889,-92.1380555555556,"2013-12-15","change1: Filled coordinateUncertaintyInMeters from decimal-place precision (conservative). | epi_taxo: acceptedName(match1); authorship_epig(match1); genus_from_scientificName; family_WFO; order_majorGroup_WCVP [2026-03-11] | CoordinateCleaner QA applied without sea test (validity, equal, zeros, capitals, centroids, gbif, institutions) [2026-03-29]","standardized authors names in recordedBy","Colección","M.M.M. & D.A.J.L.","N.M.M."
"3046","HEM2025_3046","PreservedSpecimen","Coleccion",NA,"UNICACH","SPECIES","HEM","N.M.M. | M.M.M. | R.V.H.","3086","N.M.M.","E","HEM2025",1,"Peperomia pseudoalpina",15.1036666666667,-92.1015277777778,"2014-09-23","change1: Filled coordinateUncertaintyInMeters from decimal-place precision (conservative). | epi_taxo: acceptedName(match1); authorship_epig(match1); genus_from_scientificName; family_WFO; order_majorGroup_WCVP [2026-03-11] | CoordinateCleaner QA applied without sea test (validity, equal, zeros, capitals, centroids, gbif, institutions) [2026-03-29]","standardized authors names in recordedBy","Colección","N.M.M. & M.M.M. & R.V.H.","N.M.M."
"3047","HEM2025_3047","PreservedSpecimen","Coleccion",NA,"UNICACH","SPECIES","HEM","N.M.M. | M.M.M. | R.V.H.","3696","N.M.M.","E","HEM2025",1,"Peperomia pseudoalpina",15.1259444444444,-92.18,"2014-09-24","change1: Filled coordinateUncertaintyInMeters from decimal-place precision (conservative). | epi_taxo: acceptedName(match1); authorship_epig(match1); genus_from_scientificName; family_WFO; order_majorGroup_WCVP [2026-03-11] | CoordinateCleaner QA applied without sea test (validity, equal, zeros, capitals, centroids, gbif, institutions) [2026-03-29]","standardized authors names in recordedBy","Colección","N.M.M. & M.M.M. & R.V.H.","N.M.M."
"3048","HEM2025_3048","PreservedSpecimen","Coleccion",NA,"UNICACH","SPECIES","HEM","Camilo, R.M. | R.V.H. | M.M.M.","2951","Camilo, R.M.","E","HEM2025",1,"Peperomia pseudoalpina",15.1284444444444,-92.1809444444444,"2015-03-26","change1: Filled coordinateUncertaintyInMeters from decimal-place precision (conservative). | epi_taxo: acceptedName(match1); authorship_epig(match1); genus_from_scientificName; family_WFO; order_majorGroup_WCVP [2026-03-11] | CoordinateCleaner QA applied without sea test (validity, equal, zeros, capitals, centroids, gbif, institutions) [2026-03-29]","standardized authors names in recordedBy / standardized authors names in identifiedBy","Colección","R.M. Camilo & R.V.H. & M.M.M.","R.M. Camilo"
"3049","HEM2025_3049","PreservedSpecimen","Coleccion",NA,"UNICACH","SPECIES","HEM","Camilo, R.M. | R.V.H. | M.M.M.","3092","Camilo, R.M.","E","HEM2025",1,"Peperomia pseudoalpina",15.1301388888889,-92.1665083333333,"2015-03-28","change1: Filled coordinateUncertaintyInMeters from decimal-place precision (conservative). | epi_taxo: acceptedName(match1); authorship_epig(match1); genus_from_scientificName; family_WFO; order_majorGroup_WCVP [2026-03-11] | CoordinateCleaner QA applied without sea test (validity, equal, zeros, capitals, centroids, gbif, institutions) [2026-03-29]","standardized authors names in recordedBy / standardized authors names in identifiedBy","Colección","R.M. Camilo & R.V.H. & M.M.M.","R.M. Camilo"
"3050","HEM2025_3050","PreservedSpecimen","Coleccion",NA,"UNICACH","SPECIES","HEM","N.M.M.","687","N.M.M.","E","HEM2025",1,"Peperomia pseudoalpina",15.6358666666667,-92.6445,"2005-01-18","change1: Filled coordinateUncertaintyInMeters from decimal-place precision (conservative). | epi_taxo: acceptedName(match1); authorship_epig(match1); genus_from_scientificName; family_WFO; order_majorGroup_WCVP [2026-03-11] | CoordinateCleaner QA applied without sea test (validity, equal, zeros, capitals, centroids, gbif, institutions) [2026-03-29]","","Colección","N.M.M.","N.M.M."
"3051","HEM2025_3051","PreservedSpecimen","Coleccion",NA,"UNICACH","SPECIES","HEM","M.D.R.S.","23","R.R.S.","E","HEM2025",1,"Peperomia pseudoalpina",15.7697222222222,-92.9361111111111,"2005-04-21","change1: Filled coordinateUncertaintyInMeters from decimal-place precision (conservative). | epi_taxo: acceptedName(match1); authorship_epig(match1); genus_from_scientificName; family_WFO; order_majorGroup_WCVP [2026-03-11] | CoordinateCleaner QA applied without sea test (validity, equal, zeros, capitals, centroids, gbif, institutions) [2026-03-29]","","Colección","M.D.R.S.","R.R.S."
"3052","HEM2025_3052","PreservedSpecimen","Coleccion",NA,"UNICACH","SPECIES","HEM","M.D.R.S.","229","R.R.S.","E","HEM2025",1,"Peperomia pseudoalpina",15.6260555555556,-92.6291944444444,"2005-06-15","change1: Filled coordinateUncertaintyInMeters from decimal-place precision (conservative). | epi_taxo: acceptedName(match1); authorship_epig(match1); genus_from_scientificName; family_WFO; order_majorGroup_WCVP [2026-03-11] | CoordinateCleaner QA applied without sea test (validity, equal, zeros, capitals, centroids, gbif, institutions) [2026-03-29]","","Colección","M.D.R.S.","R.R.S."
"3053","HEM2025_3053","PreservedSpecimen","Coleccion",NA,"UNICACH","SPECIES","HEM","M.D.R.S.","204","R.R.S.","E","HEM2025",1,"Peperomia pseudoalpina",15.6260555555556,-92.6291944444444,"2005-06-15","change1: Filled coordinateUncertaintyInMeters from decimal-place precision (conservative). | epi_taxo: acceptedName(match1); authorship_epig(match1); genus_from_scientificName; family_WFO; order_majorGroup_WCVP [2026-03-11] | CoordinateCleaner QA applied without sea test (validity, equal, zeros, capitals, centroids, gbif, institutions) [2026-03-29]","","Colección","M.D.R.S.","R.R.S."
"3054","HEM2025_3054","PreservedSpecimen","Coleccion",NA,"UNICACH","SPECIES","HEM","M.E.L.M.","427","Camilo, R.M.","E","HEM2025",1,"Peperomia pseudoalpina",15.4836111111111,-92.6005555555555,"1999-07-01","change1: Filled coordinateUncertaintyInMeters from decimal-place precision (conservative). | epi_taxo: acceptedName(match1); authorship_epig(match1); genus_from_scientificName; family_WFO; order_majorGroup_WCVP [2026-03-11] | CoordinateCleaner QA applied without sea test (validity, equal, zeros, capitals, centroids, gbif, institutions) [2026-03-29]","standardized authors names in identifiedBy","Colección","M.E.L.M.","R.M. Camilo"
"3055","HEM2025_3055","PreservedSpecimen","Coleccion",NA,"UNICACH","SPECIES","HEM","N.M.M.","1796","N.M.M.","E","HEM2025",1,"Peperomia pseudoalpina",15.7230555555556,-93.0013888888889,"2006-10-13","change1: Filled coordinateUncertaintyInMeters from decimal-place precision (conservative). | epi_taxo: acceptedName(match1); authorship_epig(match1); genus_from_scientificName; family_WFO; order_majorGroup_WCVP [2026-03-11] | CoordinateCleaner QA applied without sea test (validity, equal, zeros, capitals, centroids, gbif, institutions) [2026-03-29]","","Colección","N.M.M.","N.M.M."
"3056","HEM2025_3056","PreservedSpecimen","Coleccion",NA,"UNICACH","SPECIES","HEM","N.M.M.","679","N.M.M.","E","HEM2025",1,"Peperomia pseudoalpina",15.6358666666667,-92.6445,"2005-01-18","change1: Filled coordinateUncertaintyInMeters from decimal-place precision (conservative). | epi_taxo: acceptedName(match1); authorship_epig(match1); genus_from_scientificName; family_WFO; order_majorGroup_WCVP [2026-03-11] | CoordinateCleaner QA applied without sea test (validity, equal, zeros, capitals, centroids, gbif, institutions) [2026-03-29]","","Colección","N.M.M.","N.M.M."
"3057","HEM2025_3057","PreservedSpecimen","Coleccion",NA,"UNICACH","SPECIES","HEM","N.M.M.","581","R.G.M","E","HEM2025",3,"Peperomia pseudoalternifolia",15.6441666666667,-92.8275,"2004-11-12","change1: Filled coordinateUncertaintyInMeters from decimal-place precision (conservative). | epi_taxo: acceptedName(match1); authorship_epig(match1); genus_from_scientificName; family_WFO; order_majorGroup_WCVP [2026-03-11] | CoordinateCleaner QA applied without sea test (validity, equal, zeros, capitals, centroids, gbif, institutions) [2026-03-29]","","Colección","N.M.M.","R.G.M"
"3058","HEM2025_3058","PreservedSpecimen","Coleccion",NA,"UNICACH","SPECIES","HEM","N.M.M.","567","Davidson, C.","E","HEM2025",1,"Peperomia quadrifolia",15.6608333333333,-92.8275,"2004-11-11","change1: Filled coordinateUncertaintyInMeters from decimal-place precision (conservative). | epi_taxo: acceptedName(match1); authorship_epig(match1); genus_from_scientificName; family_WFO; order_majorGroup_WCVP [2026-03-11] | CoordinateCleaner QA applied without sea test (validity, equal, zeros, capitals, centroids, gbif, institutions) [2026-03-29]","standardized authors names in identifiedBy","Colección","N.M.M.","C. Davidson"
"3059","HEM2025_3059","PreservedSpecimen","Coleccion",NA,"UNICACH","SPECIES","HEM","N.M.M.","526","N.M.M.","E","HEM2025",1,"Peperomia quadrifolia",15.6441666666667,-92.8275,"2004-11-10","change1: Filled coordinateUncertaintyInMeters from decimal-place precision (conservative). | epi_taxo: acceptedName(match1); authorship_epig(match1); genus_from_scientificName; family_WFO; order_majorGroup_WCVP [2026-03-11] | CoordinateCleaner QA applied without sea test (validity, equal, zeros, capitals, centroids, gbif, institutions) [2026-03-29]","","Colección","N.M.M.","N.M.M."
"3060","HEM2025_3060","PreservedSpecimen","Coleccion",NA,"UNICACH","SPECIES","HEM","Chagala, J.L.","16","Chagala, J.L.","E","HEM2025",1,"Peperomia quadrifolia",15.6869444444444,-92.6222222222222,"2005-02-23","change1: Filled coordinateUncertaintyInMeters from decimal-place precision (conservative). | epi_taxo: acceptedName(match1); authorship_epig(match1); genus_from_scientificName; family_WFO; order_majorGroup_WCVP [2026-03-11] | CoordinateCleaner QA applied without sea test (validity, equal, zeros, capitals, centroids, gbif, institutions) [2026-03-29]","standardized authors names in recordedBy / standardized authors names in identifiedBy","Colección","J.L. Chagala","J.L. Chagala"
"3061","HEM2025_3061","PreservedSpecimen","Coleccion",NA,"UNICACH","SPECIES","HEM","J.M.","12","J.M.","E","HEM2025",1,"Peperomia quadrifolia",16.2775,-92.1441666666667,"2005-10-24","change1: Filled coordinateUncertaintyInMeters from decimal-place precision (conservative). | epi_taxo: acceptedName(match1); authorship_epig(match1); genus_from_scientificName; family_WFO; order_majorGroup_WCVP [2026-03-11] | CoordinateCleaner QA applied without sea test (validity, equal, zeros, capitals, centroids, gbif, institutions) [2026-03-29]","","Colección","J.M.","J.M."
"3062","HEM2025_3062","PreservedSpecimen","Coleccion",NA,"UNICACH","SPECIES","HEM","Najarro, F.H. | U.G.M.","1062","O.F.S.","E","HEM2025",1,"Peperomia quadrifolia",15.9802777777778,-93.4677777777778,"2002-10-12","change1: Filled coordinateUncertaintyInMeters from decimal-place precision (conservative). | epi_taxo: acceptedName(match1); authorship_epig(match1); genus_from_scientificName; family_WFO; order_majorGroup_WCVP [2026-03-11] | CoordinateCleaner QA applied without sea test (validity, equal, zeros, capitals, centroids, gbif, institutions) [2026-03-29]","standardized authors names in recordedBy","Colección","F.H. Najarro & U.G.M.","O.F.S."
"3063","HEM2025_3063","PreservedSpecimen","Coleccion",NA,"UNICACH","SPECIES","HEM","S.M.V.M.","81","R.R.S.","E","HEM2025",1,"Peperomia quadrifolia",15.7363888888889,-92.9361111111111,"2001-06-25","change1: Filled coordinateUncertaintyInMeters from decimal-place precision (conservative). | epi_taxo: acceptedName(match1); authorship_epig(match1); genus_from_scientificName; family_WFO; order_majorGroup_WCVP [2026-03-11] | CoordinateCleaner QA applied without sea test (validity, equal, zeros, capitals, centroids, gbif, institutions) [2026-03-29]","","Colección","S.M.V.M.","R.R.S."
"3064","HEM2025_3064","PreservedSpecimen","Coleccion",NA,"UNICACH","SPECIES","HEM","Najarro, F.H. | U.G.M.","805","O.F.S.","E","HEM2025",1,"Peperomia quadrifolia",15.9708333333333,-93.4772222222222,"2002-04-27","change1: Filled coordinateUncertaintyInMeters from decimal-place precision (conservative). | epi_taxo: acceptedName(match1); authorship_epig(match1); genus_from_scientificName; family_WFO; order_majorGroup_WCVP [2026-03-11] | CoordinateCleaner QA applied without sea test (validity, equal, zeros, capitals, centroids, gbif, institutions) [2026-03-29]","standardized authors names in recordedBy","Colección","F.H. Najarro & U.G.M.","O.F.S."
"3065","HEM2025_3065","PreservedSpecimen","Coleccion",NA,"UNICACH","SPECIES","HEM","M.G.E.","424","J.D.G.P.","E","HEM2025",1,"Peperomia quadrifolia",16.6694444444444,-93.5261111111111,"1988-04-13","change1: Filled coordinateUncertaintyInMeters from decimal-place precision (conservative). | epi_taxo: acceptedName(match1); authorship_epig(match1); genus_from_scientificName; family_WFO; order_majorGroup_WCVP [2026-03-11] | CoordinateCleaner QA applied without sea test (validity, equal, zeros, capitals, centroids, gbif, institutions) [2026-03-29]","","Colección","M.G.E.","J.D.G.P."
"3066","HEM2025_3066","PreservedSpecimen","Coleccion",NA,"UNICACH","SPECIES","HEM","M.G.E.","424","J.D.G.P.","E","HEM2025",1,"Peperomia quadrifolia",16.6694444444444,-93.5261111111111,"1988-04-13","change1: Filled coordinateUncertaintyInMeters from decimal-place precision (conservative). | epi_taxo: acceptedName(match1); authorship_epig(match1); genus_from_scientificName; family_WFO; order_majorGroup_WCVP [2026-03-11] | CoordinateCleaner QA applied without sea test (validity, equal, zeros, capitals, centroids, gbif, institutions) [2026-03-29]","","Colección","M.G.E.","J.D.G.P."
"3067","HEM2025_3067","PreservedSpecimen","Coleccion",NA,"UNICACH","SPECIES","HEM","N.M.M.","1583","Perez-Farrera, M.A.","E","HEM2025",1,"Peperomia quadrifolia",16.6,-93.55,"2006-07-21","change1: Filled coordinateUncertaintyInMeters from decimal-place precision (conservative). | epi_taxo: acceptedName(match1); authorship_epig(match1); genus_from_scientificName; family_WFO; order_majorGroup_WCVP [2026-03-11] | CoordinateCleaner QA applied without sea test (validity, equal, zeros, capitals, centroids, gbif, institutions) [2026-03-29]","standardized authors names in identifiedBy","Colección","N.M.M.","M.A. Pérez-Farrera"
"3068","HEM2025_3068","PreservedSpecimen","Coleccion",NA,"UNICACH","SPECIES","HEM","N.M.M.","1583","Perez-Farrera, M.A.","E","HEM2025",1,"Peperomia quadrifolia",16.6,-93.55,"2006-07-21","change1: Filled coordinateUncertaintyInMeters from decimal-place precision (conservative). | epi_taxo: acceptedName(match1); authorship_epig(match1); genus_from_scientificName; family_WFO; order_majorGroup_WCVP [2026-03-11] | CoordinateCleaner QA applied without sea test (validity, equal, zeros, capitals, centroids, gbif, institutions) [2026-03-29]","standardized authors names in identifiedBy","Colección","N.M.M.","M.A. Pérez-Farrera"
"3069","HEM2025_3069","PreservedSpecimen","Coleccion",NA,"UNICACH","SPECIES","HEM","Perez-Farrera, M.A.","3022","Perez-Farrera, M.A.","E","HEM2025",1,"Peperomia quadrifolia",16.2100555555556,-93.5839166666667,"2006-08-11","change1: Filled coordinateUncertaintyInMeters from decimal-place precision (conservative). | epi_taxo: acceptedName(match1); authorship_epig(match1); genus_from_scientificName; family_WFO; order_majorGroup_WCVP [2026-03-11] | CoordinateCleaner QA applied without sea test (validity, equal, zeros, capitals, centroids, gbif, institutions) [2026-03-29]","standardized authors names in recordedBy / standardized authors names in identifiedBy","Colección","M.A. Pérez-Farrera","M.A. Pérez-Farrera"
"3070","HEM2025_3070","PreservedSpecimen","Coleccion",NA,"UNICACH","SPECIES","HEM","M.A.B.R.","135","J.A.E.J.","E","HEM2025",1,"Peperomia quadrifolia",17.0168333333333,-93.1320944444444,"2009-09-15","change1: Filled coordinateUncertaintyInMeters from decimal-place precision (conservative). | epi_taxo: acceptedName(match1); authorship_epig(match1); genus_from_scientificName; family_WFO; order_majorGroup_WCVP [2026-03-11] | CoordinateCleaner QA applied without sea test (validity, equal, zeros, capitals, centroids, gbif, institutions) [2026-03-29]","","Colección","M.A.B.R.","J.A.E.J."
"3071","HEM2025_3071","PreservedSpecimen","Coleccion",NA,"UNICACH","SPECIES","HEM","Najarro, F.H.","919","O.F.S.","E","HEM2025",1,"Peperomia quadrifolia",16.0063888888889,-93.4205555555556,"2002-06-29","change1: Filled coordinateUncertaintyInMeters from decimal-place precision (conservative). | epi_taxo: acceptedName(match1); authorship_epig(match1); genus_from_scientificName; family_WFO; order_majorGroup_WCVP [2026-03-11] | CoordinateCleaner QA applied without sea test (validity, equal, zeros, capitals, centroids, gbif, institutions) [2026-03-29]","standardized authors names in recordedBy","Colección","F.H. Najarro","O.F.S."
"3072","HEM2025_3072","PreservedSpecimen","Coleccion",NA,"UNICACH","SPECIES","HEM","Najarro, F.H.","805","Najarro, F.H.","E","HEM2025",1,"Peperomia quadrifolia",15.9708333333333,-93.4772222222222,"2002-04-27","change1: Filled coordinateUncertaintyInMeters from decimal-place precision (conservative). | epi_taxo: acceptedName(match1); authorship_epig(match1); genus_from_scientificName; family_WFO; order_majorGroup_WCVP [2026-03-11] | CoordinateCleaner QA applied without sea test (validity, equal, zeros, capitals, centroids, gbif, institutions) [2026-03-29]","standardized authors names in recordedBy / standardized authors names in identifiedBy","Colección","F.H. Najarro","F.H. Najarro"
"3073","HEM2025_3073","PreservedSpecimen","Coleccion",NA,"UNICACH","SPECIES","HEM","N.M.M.","294","R.R.S.","E","HEM2025",1,"Peperomia quadrifolia",15.7555555555556,-93.0333333333333,"2002-03-16","change1: Filled coordinateUncertaintyInMeters from decimal-place precision (conservative). | epi_taxo: acceptedName(match1); authorship_epig(match1); genus_from_scientificName; family_WFO; order_majorGroup_WCVP [2026-03-11] | CoordinateCleaner QA applied without sea test (validity, equal, zeros, capitals, centroids, gbif, institutions) [2026-03-29]","","Colección","N.M.M.","R.R.S."
"3074","HEM2025_3074","PreservedSpecimen","Coleccion",NA,"UNICACH","SPECIES","HEM","M.G.E.","424","J.D.G.P.","E","HEM2025",1,"Peperomia quadrifolia",16.6694444444444,-93.5261111111111,"1988-04-13","change1: Filled coordinateUncertaintyInMeters from decimal-place precision (conservative). | epi_taxo: acceptedName(match1); authorship_epig(match1); genus_from_scientificName; family_WFO; order_majorGroup_WCVP [2026-03-11] | CoordinateCleaner QA applied without sea test (validity, equal, zeros, capitals, centroids, gbif, institutions) [2026-03-29]","","Colección","M.G.E.","J.D.G.P."
"3075","HEM2025_3075","PreservedSpecimen","Coleccion",NA,"UNICACH","SPECIES","HEM","M.G.E.","424","J.D.G.P.","E","HEM2025",1,"Peperomia quadrifolia",16.6694444444444,-93.5261111111111,"1988-04-13","change1: Filled coordinateUncertaintyInMeters from decimal-place precision (conservative). | epi_taxo: acceptedName(match1); authorship_epig(match1); genus_from_scientificName; family_WFO; order_majorGroup_WCVP [2026-03-11] | CoordinateCleaner QA applied without sea test (validity, equal, zeros, capitals, centroids, gbif, institutions) [2026-03-29]","","Colección","M.G.E.","J.D.G.P."
"3076","HEM2025_3076","PreservedSpecimen","Coleccion",NA,"UNICACH","SPECIES","HEM","Najarro, F.H. | M N.M.G. | U.G.M.","919","O.F.S.","E","HEM2025",1,"Peperomia quadrifolia",16.0063888888889,-93.4205555555556,"2002-06-29","change1: Filled coordinateUncertaintyInMeters from decimal-place precision (conservative). | epi_taxo: acceptedName(match1); authorship_epig(match1); genus_from_scientificName; family_WFO; order_majorGroup_WCVP [2026-03-11] | CoordinateCleaner QA applied without sea test (validity, equal, zeros, capitals, centroids, gbif, institutions) [2026-03-29]","standardized authors names in recordedBy","Colección","F.H. Najarro & M N.M.G. & U.G.M.","O.F.S."
"3077","HEM2025_3077","PreservedSpecimen","Coleccion",NA,"UNICACH","SPECIES","HEM","Perez-Farrera, M.A.","1587-14","N.M.M.","E","HEM2025",1,"Peperomia quadrifolia",15.6641666666667,-92.8136111111111,"1997-02-18","change1: Filled coordinateUncertaintyInMeters from decimal-place precision (conservative). | epi_taxo: acceptedName(match1); authorship_epig(match1); genus_from_scientificName; family_WFO; order_majorGroup_WCVP [2026-03-11] | CoordinateCleaner QA applied without sea test (validity, equal, zeros, capitals, centroids, gbif, institutions) [2026-03-29]","standardized authors names in recordedBy","Colección","M.A. Pérez-Farrera","N.M.M."
"3078","HEM2025_3078","PreservedSpecimen","Coleccion",NA,"UNICACH","SPECIES","HEM","B.C.L.","9","N.M.M.","E","HEM2025",1,"Peperomia quadrifolia",16.0831944444444,-91.10375,"2005-03-05","change1: Filled coordinateUncertaintyInMeters from decimal-place precision (conservative). | epi_taxo: acceptedName(match1); authorship_epig(match1); genus_from_scientificName; family_WFO; order_majorGroup_WCVP [2026-03-11] | CoordinateCleaner QA applied without sea test (validity, equal, zeros, capitals, centroids, gbif, institutions) [2026-03-29]","","Colección","B.C.L.","N.M.M."
"3079","HEM2025_3079","PreservedSpecimen","Coleccion",NA,"UNICACH","SPECIES","HEM","M.D.R.S.","325","M.A.B.R.","E","HEM2025",1,"Peperomia quadrifolia",15.5976388888889,-92.6570277777778,"2005-07-22","change1: Filled coordinateUncertaintyInMeters from decimal-place precision (conservative). | epi_taxo: acceptedName(match1); authorship_epig(match1); genus_from_scientificName; family_WFO; order_majorGroup_WCVP [2026-03-11] | CoordinateCleaner QA applied without sea test (validity, equal, zeros, capitals, centroids, gbif, institutions) [2026-03-29]","","Colección","M.D.R.S.","M.A.B.R."
"3080","HEM2025_3080","PreservedSpecimen","Coleccion",NA,"UNICACH","SPECIES","HEM","M.E.L.M.","457","N.M.M.","E","HEM2025",1,"Peperomia quadrifolia",15.4836111111111,-92.6005555555555,"1999-07-01","change1: Filled coordinateUncertaintyInMeters from decimal-place precision (conservative). | epi_taxo: acceptedName(match1); authorship_epig(match1); genus_from_scientificName; family_WFO; order_majorGroup_WCVP [2026-03-11] | CoordinateCleaner QA applied without sea test (validity, equal, zeros, capitals, centroids, gbif, institutions) [2026-03-29]","","Colección","M.E.L.M.","N.M.M."
"3081","HEM2025_3081","PreservedSpecimen","Coleccion",NA,"UNICACH","SPECIES","HEM","H.G.D.","1108","N.M.M.","E","HEM2025",1,"Peperomia quadrifolia",15.6425,-92.5694444444444,"2005-07-23","change1: Filled coordinateUncertaintyInMeters from decimal-place precision (conservative). | epi_taxo: acceptedName(match1); authorship_epig(match1); genus_from_scientificName; family_WFO; order_majorGroup_WCVP [2026-03-11] | CoordinateCleaner QA applied without sea test (validity, equal, zeros, capitals, centroids, gbif, institutions) [2026-03-29]","","Colección","H.G.D.","N.M.M."
"3082","HEM2025_3082","PreservedSpecimen","Coleccion",NA,"UNICACH","SPECIES","HEM","J.M.M.","1054","N.M.M.","E","HEM2025",1,"Peperomia quadrifolia",15.4533611111111,-92.6497222222222,"2005-07-21","change1: Filled coordinateUncertaintyInMeters from decimal-place precision (conservative). | epi_taxo: acceptedName(match1); authorship_epig(match1); genus_from_scientificName; family_WFO; order_majorGroup_WCVP [2026-03-11] | CoordinateCleaner QA applied without sea test (validity, equal, zeros, capitals, centroids, gbif, institutions) [2026-03-29]","","Colección","J.M.M.","N.M.M."
"3083","HEM2025_3083","PreservedSpecimen","Coleccion",NA,"UNICACH","SPECIES","HEM","J.M.M.","559","J.M.M.","E","HEM2025",1,"Peperomia quadrifolia",15.8137222222222,-93.0535555555555,"2004-11-04","change1: Filled coordinateUncertaintyInMeters from decimal-place precision (conservative). | epi_taxo: acceptedName(match1); authorship_epig(match1); genus_from_scientificName; family_WFO; order_majorGroup_WCVP [2026-03-11] | CoordinateCleaner QA applied without sea test (validity, equal, zeros, capitals, centroids, gbif, institutions) [2026-03-29]","","Colección","J.M.M.","J.M.M."
"3084","HEM2025_3084","PreservedSpecimen","Coleccion",NA,"UNICACH","SPECIES","HEM","E.C.S.V.","3","N.M.M.","E","HEM2025",1,"Peperomia quadrifolia",16.8282972222222,-93.4298944444444,"2005-10-23","change1: Filled coordinateUncertaintyInMeters from decimal-place precision (conservative). | epi_taxo: acceptedName(match1); authorship_epig(match1); genus_from_scientificName; family_WFO; order_majorGroup_WCVP [2026-03-11] | CoordinateCleaner QA applied without sea test (validity, equal, zeros, capitals, centroids, gbif, institutions) [2026-03-29]","","Colección","E.C.S.V.","N.M.M."
"3085","HEM2025_3085","PreservedSpecimen","Coleccion",NA,"UNICACH","SPECIES","HEM","A.C.G.D.","4","N.M.M.","E","HEM2025",1,"Peperomia quadrifolia",16.8282972222222,-93.4298944444444,"2005-10-27","change1: Filled coordinateUncertaintyInMeters from decimal-place precision (conservative). | epi_taxo: acceptedName(match1); authorship_epig(match1); genus_from_scientificName; family_WFO; order_majorGroup_WCVP [2026-03-11] | CoordinateCleaner QA applied without sea test (validity, equal, zeros, capitals, centroids, gbif, institutions) [2026-03-29]","","Colección","A.C.G.D.","N.M.M."
"3086","HEM2025_3086","PreservedSpecimen","Coleccion",NA,"UNICACH","SPECIES","HEM","J.R.V.","19","N.M.M.","E","HEM2025",1,"Peperomia quadrifolia",16.9041666666667,-93.2330555555556,"2005-11-15","change1: Filled coordinateUncertaintyInMeters from decimal-place precision (conservative). | epi_taxo: acceptedName(match1); authorship_epig(match1); genus_from_scientificName; family_WFO; order_majorGroup_WCVP [2026-03-11] | CoordinateCleaner QA applied without sea test (validity, equal, zeros, capitals, centroids, gbif, institutions) [2026-03-29]","","Colección","J.R.V.","N.M.M."
"3087","HEM2025_3087","PreservedSpecimen","Coleccion",NA,"UNICACH","SPECIES","HEM","J.R.V.","19","N.M.M.","E","HEM2025",1,"Peperomia quadrifolia",16.9041666666667,-93.2330555555556,"2005-11-15","change1: Filled coordinateUncertaintyInMeters from decimal-place precision (conservative). | epi_taxo: acceptedName(match1); authorship_epig(match1); genus_from_scientificName; family_WFO; order_majorGroup_WCVP [2026-03-11] | CoordinateCleaner QA applied without sea test (validity, equal, zeros, capitals, centroids, gbif, institutions) [2026-03-29]","","Colección","J.R.V.","N.M.M."
"3088","HEM2025_3088","PreservedSpecimen","Coleccion",NA,"UNICACH","SPECIES","HEM","J.M.M.","1410","N.M.M.","E","HEM2025",1,"Peperomia quadrifolia",15.5653055555556,-92.7944444444444,"2006-08-10","change1: Filled coordinateUncertaintyInMeters from decimal-place precision (conservative). | epi_taxo: acceptedName(match1); authorship_epig(match1); genus_from_scientificName; family_WFO; order_majorGroup_WCVP [2026-03-11] | CoordinateCleaner QA applied without sea test (validity, equal, zeros, capitals, centroids, gbif, institutions) [2026-03-29]","","Colección","J.M.M.","N.M.M."
"3089","HEM2025_3089","PreservedSpecimen","Coleccion",NA,"UNICACH","SPECIES","HEM","Camilo, R.M.","988","N.M.M.","E","HEM2025",1,"Peperomia quadrifolia",15.6844444444444,-92.7186111111111,"2006-07-20","change1: Filled coordinateUncertaintyInMeters from decimal-place precision (conservative). | epi_taxo: acceptedName(match1); authorship_epig(match1); genus_from_scientificName; family_WFO; order_majorGroup_WCVP [2026-03-11] | CoordinateCleaner QA applied without sea test (validity, equal, zeros, capitals, centroids, gbif, institutions) [2026-03-29]","standardized authors names in recordedBy","Colección","R.M. Camilo","N.M.M."
"3090","HEM2025_3090","PreservedSpecimen","Coleccion",NA,"UNICACH","SPECIES","HEM","Camilo, R.M.","78","N.M.M.","E","HEM2025",1,"Peperomia quadrifolia",15.7727777777778,-93.09,"2001-07-17","change1: Filled coordinateUncertaintyInMeters from decimal-place precision (conservative). | epi_taxo: acceptedName(match1); authorship_epig(match1); genus_from_scientificName; family_WFO; order_majorGroup_WCVP [2026-03-11] | CoordinateCleaner QA applied without sea test (validity, equal, zeros, capitals, centroids, gbif, institutions) [2026-03-29]","standardized authors names in recordedBy","Colección","R.M. Camilo","N.M.M."
"3091","HEM2025_3091","PreservedSpecimen","Coleccion",NA,"UNICACH","SPECIES","HEM","N.M.M.","1520","N.M.M.","E","HEM2025",1,"Peperomia quadrifolia",15.8138888888889,-93.0305555555556,"2006-04-20","change1: Filled coordinateUncertaintyInMeters from decimal-place precision (conservative). | epi_taxo: acceptedName(match1); authorship_epig(match1); genus_from_scientificName; family_WFO; order_majorGroup_WCVP [2026-03-11] | CoordinateCleaner QA applied without sea test (validity, equal, zeros, capitals, centroids, gbif, institutions) [2026-03-29]","","Colección","N.M.M.","N.M.M."
"3092","HEM2025_3092","PreservedSpecimen","Coleccion",NA,"UNICACH","SPECIES","HEM","H.G.D.","1438","N.M.M.","E","HEM2025",1,"Peperomia quadrifolia",15.5768055555556,-92.7096111111111,"2006-08-08","change1: Filled coordinateUncertaintyInMeters from decimal-place precision (conservative). | epi_taxo: acceptedName(match1); authorship_epig(match1); genus_from_scientificName; family_WFO; order_majorGroup_WCVP [2026-03-11] | CoordinateCleaner QA applied without sea test (validity, equal, zeros, capitals, centroids, gbif, institutions) [2026-03-29]","","Colección","H.G.D.","N.M.M."
"3093","HEM2025_3093","PreservedSpecimen","Coleccion",NA,"UNICACH","SPECIES","HEM","J.M.M.","1665","N.M.M.","E","HEM2025",1,"Peperomia quadrifolia",15.8498055555556,-93.05125,"2006-12-19","change1: Filled coordinateUncertaintyInMeters from decimal-place precision (conservative). | epi_taxo: acceptedName(match1); authorship_epig(match1); genus_from_scientificName; family_WFO; order_majorGroup_WCVP [2026-03-11] | CoordinateCleaner QA applied without sea test (validity, equal, zeros, capitals, centroids, gbif, institutions) [2026-03-29]","","Colección","J.M.M.","N.M.M."
"3094","HEM2025_3094","PreservedSpecimen","Coleccion",NA,"UNICACH","SPECIES","HEM","H.G.D.","1561","N.M.M.","E","HEM2025",1,"Peperomia quadrifolia",15.4221944444444,-92.6244166666667,"2006-11-16","change1: Filled coordinateUncertaintyInMeters from decimal-place precision (conservative). | epi_taxo: acceptedName(match1); authorship_epig(match1); genus_from_scientificName; family_WFO; order_majorGroup_WCVP [2026-03-11] | CoordinateCleaner QA applied without sea test (validity, equal, zeros, capitals, centroids, gbif, institutions) [2026-03-29]","","Colección","H.G.D.","N.M.M."
"3095","HEM2025_3095","PreservedSpecimen","Coleccion",NA,"UNICACH","SPECIES","HEM","Camilo, R.M.","81","N.M.M.","E","HEM2025",1,"Peperomia quadrifolia",15.7727777777778,-93.09,"2001-07-17","change1: Filled coordinateUncertaintyInMeters from decimal-place precision (conservative). | epi_taxo: acceptedName(match1); authorship_epig(match1); genus_from_scientificName; family_WFO; order_majorGroup_WCVP [2026-03-11] | CoordinateCleaner QA applied without sea test (validity, equal, zeros, capitals, centroids, gbif, institutions) [2026-03-29]","standardized authors names in recordedBy","Colección","R.M. Camilo","N.M.M."
"3096","HEM2025_3096","PreservedSpecimen","Coleccion",NA,"UNICACH","SPECIES","HEM","G.C.L.H.","91","N.M.M.","E","HEM2025",1,"Peperomia quadrifolia",15.7344444444444,-92.9341666666667,"2001-07-03","change1: Filled coordinateUncertaintyInMeters from decimal-place precision (conservative). | epi_taxo: acceptedName(match1); authorship_epig(match1); genus_from_scientificName; family_WFO; order_majorGroup_WCVP [2026-03-11] | CoordinateCleaner QA applied without sea test (validity, equal, zeros, capitals, centroids, gbif, institutions) [2026-03-29]","","Colección","G.C.L.H.","N.M.M."
"3097","HEM2025_3097","PreservedSpecimen","Coleccion",NA,"UNICACH","SPECIES","HEM","E.M.S. | A.M.G. | G.U. | M.R.","19564","R.C.P.","E","HEM2025",1,"Peperomia quadrifolia",15.1275,-92.1108333333333,"1987-02-06","change1: Filled coordinateUncertaintyInMeters from decimal-place precision (conservative). | epi_taxo: acceptedName(match1); authorship_epig(match1); genus_from_scientificName; family_WFO; order_majorGroup_WCVP [2026-03-11] | CoordinateCleaner QA applied without sea test (validity, equal, zeros, capitals, centroids, gbif, institutions) [2026-03-29]","standardized authors names in recordedBy","Colección","E.M.S. & A.M.G. & G.U. & M.R.","R.C.P."
"3098","HEM2025_3098","PreservedSpecimen","Coleccion",NA,"UNICACH","SPECIES","HEM","M.M.M. | M.D.E.M.","590","N.M.M. | J.M.M.","E","HEM2025",1,"Peperomia quadrifolia",15.2561111111111,-92.2083888888889,"2013-02-06","change1: Filled coordinateUncertaintyInMeters from decimal-place precision (conservative). | epi_taxo: acceptedName(match1); authorship_epig(match1); genus_from_scientificName; family_WFO; order_majorGroup_WCVP [2026-03-11] | CoordinateCleaner QA applied without sea test (validity, equal, zeros, capitals, centroids, gbif, institutions) [2026-03-29]","standardized authors names in recordedBy / standardized authors names in identifiedBy","Colección","M.M.M. & M.D.E.M.","N.M.M. & J.M.M."
"3099","HEM2025_3099","PreservedSpecimen","Coleccion",NA,"UNICACH","SPECIES","HEM","M.M.M. | M.D.E.M.","626","N.M.M. | J.M.M.","E","HEM2025",1,"Peperomia quadrifolia",15.2559166666667,-92.2205,"2013-02-07","change1: Filled coordinateUncertaintyInMeters from decimal-place precision (conservative). | epi_taxo: acceptedName(match1); authorship_epig(match1); genus_from_scientificName; family_WFO; order_majorGroup_WCVP [2026-03-11] | CoordinateCleaner QA applied without sea test (validity, equal, zeros, capitals, centroids, gbif, institutions) [2026-03-29]","standardized authors names in recordedBy / standardized authors names in identifiedBy","Colección","M.M.M. & M.D.E.M.","N.M.M. & J.M.M."
"3100","HEM2025_3100","PreservedSpecimen","Coleccion",NA,"UNICACH","SPECIES","HEM","M.M.M. | M.D.E.M.","635","N.M.M. | J.M.M.","E","HEM2025",1,"Peperomia quadrifolia",15.2559166666667,-92.2205,"2013-02-07","change1: Filled coordinateUncertaintyInMeters from decimal-place precision (conservative). | epi_taxo: acceptedName(match1); authorship_epig(match1); genus_from_scientificName; family_WFO; order_majorGroup_WCVP [2026-03-11] | CoordinateCleaner QA applied without sea test (validity, equal, zeros, capitals, centroids, gbif, institutions) [2026-03-29]","standardized authors names in recordedBy / standardized authors names in identifiedBy","Colección","M.M.M. & M.D.E.M.","N.M.M. & J.M.M."
"3101","HEM2025_3101","PreservedSpecimen","Coleccion",NA,"UNICACH","SPECIES","HEM","M.M.M. | M.D.E.M.","686","N.M.M. | J.M.M.","E","HEM2025",1,"Peperomia quadrifolia",15.2601388888889,-92.2172777777778,"2013-02-08","change1: Filled coordinateUncertaintyInMeters from decimal-place precision (conservative). | epi_taxo: acceptedName(match1); authorship_epig(match1); genus_from_scientificName; family_WFO; order_majorGroup_WCVP [2026-03-11] | CoordinateCleaner QA applied without sea test (validity, equal, zeros, capitals, centroids, gbif, institutions) [2026-03-29]","standardized authors names in recordedBy / standardized authors names in identifiedBy","Colección","M.M.M. & M.D.E.M.","N.M.M. & J.M.M."
"3102","HEM2025_3102","PreservedSpecimen","Coleccion",NA,"UNICACH","SPECIES","HEM","M.M.M. | M.A.D.V.","929","N.M.M. | J.M.M.","E","HEM2025",1,"Peperomia quadrifolia",15.2508055555556,-92.2769722222222,"2013-03-04","change1: Filled coordinateUncertaintyInMeters from decimal-place precision (conservative). | epi_taxo: acceptedName(match1); authorship_epig(match1); genus_from_scientificName; family_WFO; order_majorGroup_WCVP [2026-03-11] | CoordinateCleaner QA applied without sea test (validity, equal, zeros, capitals, centroids, gbif, institutions) [2026-03-29]","standardized authors names in recordedBy / standardized authors names in identifiedBy","Colección","M.M.M. & M.A.D.V.","N.M.M. & J.M.M."
"3103","HEM2025_3103","PreservedSpecimen","Coleccion",NA,"UNICACH","SPECIES","HEM","M.M.M. | M.C.R.M.","2950","N.M.M.","E","HEM2025",1,"Peperomia quadrifolia",15.1453333333333,-92.1408333333333,"2013-12-01","change1: Filled coordinateUncertaintyInMeters from decimal-place precision (conservative). | epi_taxo: acceptedName(match1); authorship_epig(match1); genus_from_scientificName; family_WFO; order_majorGroup_WCVP [2026-03-11] | CoordinateCleaner QA applied without sea test (validity, equal, zeros, capitals, centroids, gbif, institutions) [2026-03-29]","standardized authors names in recordedBy","Colección","M.M.M. & M.C.R.M.","N.M.M."
"3104","HEM2025_3104","PreservedSpecimen","Coleccion",NA,"UNICACH","SPECIES","HEM","M.M.M. | M.C.R.M.","3080","N.M.M.","E","HEM2025",1,"Peperomia quadrifolia",15.1463055555556,-92.1368888888889,"2013-12-11","change1: Filled coordinateUncertaintyInMeters from decimal-place precision (conservative). | epi_taxo: acceptedName(match1); authorship_epig(match1); genus_from_scientificName; family_WFO; order_majorGroup_WCVP [2026-03-11] | CoordinateCleaner QA applied without sea test (validity, equal, zeros, capitals, centroids, gbif, institutions) [2026-03-29]","standardized authors names in recordedBy","Colección","M.M.M. & M.C.R.M.","N.M.M."
"3105","HEM2025_3105","PreservedSpecimen","Coleccion",NA,"UNICACH","SPECIES","HEM","M.M.M. | D.A.J.L.","3093","M.M.M. | D.A.J.L.","E","HEM2025",1,"Peperomia quadrifolia",15.1463055555556,-92.1368888888889,"2013-12-11","change1: Filled coordinateUncertaintyInMeters from decimal-place precision (conservative). | epi_taxo: acceptedName(match1); authorship_epig(match1); genus_from_scientificName; family_WFO; order_majorGroup_WCVP [2026-03-11] | CoordinateCleaner QA applied without sea test (validity, equal, zeros, capitals, centroids, gbif, institutions) [2026-03-29]","standardized authors names in recordedBy / standardized authors names in identifiedBy","Colección","M.M.M. & D.A.J.L.","M.M.M. & D.A.J.L."
"3106","HEM2025_3106","PreservedSpecimen","Coleccion",NA,"UNICACH","SPECIES","HEM","M.M.M. | D.A.J.L.","3174","N.M.M.","E","HEM2025",1,"Peperomia quadrifolia",15.1418055555556,-92.13775,"2013-12-12","change1: Filled coordinateUncertaintyInMeters from decimal-place precision (conservative). | epi_taxo: acceptedName(match1); authorship_epig(match1); genus_from_scientificName; family_WFO; order_majorGroup_WCVP [2026-03-11] | CoordinateCleaner QA applied without sea test (validity, equal, zeros, capitals, centroids, gbif, institutions) [2026-03-29]","standardized authors names in recordedBy","Colección","M.M.M. & D.A.J.L.","N.M.M."
"3107","HEM2025_3107","PreservedSpecimen","Coleccion",NA,"UNICACH","SPECIES","HEM","M.M.M. | D.A.J.L.","3505","N.M.M.","E","HEM2025",1,"Peperomia quadrifolia",15.1512777777778,-92.1338888888889,"2014-01-17","change1: Filled coordinateUncertaintyInMeters from decimal-place precision (conservative). | epi_taxo: acceptedName(match1); authorship_epig(match1); genus_from_scientificName; family_WFO; order_majorGroup_WCVP [2026-03-11] | CoordinateCleaner QA applied without sea test (validity, equal, zeros, capitals, centroids, gbif, institutions) [2026-03-29]","standardized authors names in recordedBy","Colección","M.M.M. & D.A.J.L.","N.M.M."
"3108","HEM2025_3108","PreservedSpecimen","Coleccion",NA,"UNICACH","SPECIES","HEM","M.M.M.","4140","N.M.M.","E","HEM2025",1,"Peperomia quadrifolia",15.1558055555556,-92.1452777777778,"2014-02-14","change1: Filled coordinateUncertaintyInMeters from decimal-place precision (conservative). | epi_taxo: acceptedName(match1); authorship_epig(match1); genus_from_scientificName; family_WFO; order_majorGroup_WCVP [2026-03-11] | CoordinateCleaner QA applied without sea test (validity, equal, zeros, capitals, centroids, gbif, institutions) [2026-03-29]","","Colección","M.M.M.","N.M.M."
"3109","HEM2025_3109","PreservedSpecimen","Coleccion",NA,"UNICACH","SPECIES","HEM","Camilo, R.M. | M.I.L.R. | N.A.F.R.","2393","N.M.M.","E","HEM2025",1,"Peperomia quadrifolia",15.1038611111111,-92.1321111111111,"2014-07-09","change1: Filled coordinateUncertaintyInMeters from decimal-place precision (conservative). | epi_taxo: acceptedName(match1); authorship_epig(match1); genus_from_scientificName; family_WFO; order_majorGroup_WCVP [2026-03-11] | CoordinateCleaner QA applied without sea test (validity, equal, zeros, capitals, centroids, gbif, institutions) [2026-03-29]","standardized authors names in recordedBy","Colección","R.M. Camilo & M.I.L.R. & N.A.F.R.","N.M.M."
"3110","HEM2025_3110","PreservedSpecimen","Coleccion",NA,"UNICACH","SPECIES","HEM","Camilo, R.M. | M.I.L.R. | N.A.F.R.","2431","Camilo, R.M.","E","HEM2025",1,"Peperomia quadrifolia",15.1038611111111,-92.1321111111111,"2014-07-09","change1: Filled coordinateUncertaintyInMeters from decimal-place precision (conservative). | epi_taxo: acceptedName(match1); authorship_epig(match1); genus_from_scientificName; family_WFO; order_majorGroup_WCVP [2026-03-11] | CoordinateCleaner QA applied without sea test (validity, equal, zeros, capitals, centroids, gbif, institutions) [2026-03-29]","standardized authors names in recordedBy / standardized authors names in identifiedBy","Colección","R.M. Camilo & M.I.L.R. & N.A.F.R.","R.M. Camilo"
"3111","HEM2025_3111","PreservedSpecimen","Coleccion",NA,"UNICACH","SPECIES","HEM","M.M.M. | N.M.M. | R.J.R.V. | E.C.N.","4260","N.M.M.","E","HEM2025",1,"Peperomia quadrifolia",15.099,-92.1409722222222,"2014-06-18","change1: Filled coordinateUncertaintyInMeters from decimal-place precision (conservative). | epi_taxo: acceptedName(match1); authorship_epig(match1); genus_from_scientificName; family_WFO; order_majorGroup_WCVP [2026-03-11] | CoordinateCleaner QA applied without sea test (validity, equal, zeros, capitals, centroids, gbif, institutions) [2026-03-29]","standardized authors names in recordedBy","Colección","M.M.M. & N.M.M. & R.J.R.V. & E.C.N.","N.M.M."
"3112","HEM2025_3112","PreservedSpecimen","Coleccion",NA,"UNICACH","SPECIES","HEM","N.M.M. | M.M.M. | R.V.H.","3880","N.M.M.","E","HEM2025",1,"Peperomia quadrifolia",15.1259444444444,-92.18,"2014-09-22","change1: Filled coordinateUncertaintyInMeters from decimal-place precision (conservative). | epi_taxo: acceptedName(match1); authorship_epig(match1); genus_from_scientificName; family_WFO; order_majorGroup_WCVP [2026-03-11] | CoordinateCleaner QA applied without sea test (validity, equal, zeros, capitals, centroids, gbif, institutions) [2026-03-29]","standardized authors names in recordedBy","Colección","N.M.M. & M.M.M. & R.V.H.","N.M.M."
"3113","HEM2025_3113","PreservedSpecimen","Coleccion",NA,"UNICACH","SPECIES","HEM","Camilo, R.M. | R.V.H. | M.M.M.","2832","Camilo, R.M.","E","HEM2025",1,"Peperomia quadrifolia",15.1105833333333,-92.1854166666667,"2015-03-24","change1: Filled coordinateUncertaintyInMeters from decimal-place precision (conservative). | epi_taxo: acceptedName(match1); authorship_epig(match1); genus_from_scientificName; family_WFO; order_majorGroup_WCVP [2026-03-11] | CoordinateCleaner QA applied without sea test (validity, equal, zeros, capitals, centroids, gbif, institutions) [2026-03-29]","standardized authors names in recordedBy / standardized authors names in identifiedBy","Colección","R.M. Camilo & R.V.H. & M.M.M.","R.M. Camilo"
"3114","HEM2025_3114","PreservedSpecimen","Coleccion",NA,"UNICACH","SPECIES","HEM","M.M.M. | S.H.J. | J.A.B.B.","5712","N.M.M.","E","HEM2025",1,"Peperomia quadrifolia",15.2408055555556,-92.3045555555556,"2015-04-30","change1: Filled coordinateUncertaintyInMeters from decimal-place precision (conservative). | epi_taxo: acceptedName(match1); authorship_epig(match1); genus_from_scientificName; family_WFO; order_majorGroup_WCVP [2026-03-11] | CoordinateCleaner QA applied without sea test (validity, equal, zeros, capitals, centroids, gbif, institutions) [2026-03-29]","standardized authors names in recordedBy","Colección","M.M.M. & S.H.J. & J.A.B.B.","N.M.M."
"3115","HEM2025_3115","PreservedSpecimen","Coleccion",NA,"UNICACH","SPECIES","HEM","M.M.M. | S.H.J. | J.A.B.B.","5792","N.M.M.","E","HEM2025",1,"Peperomia quadrifolia",15.2348888888889,-92.30525,"2015-05-01","change1: Filled coordinateUncertaintyInMeters from decimal-place precision (conservative). | epi_taxo: acceptedName(match1); authorship_epig(match1); genus_from_scientificName; family_WFO; order_majorGroup_WCVP [2026-03-11] | CoordinateCleaner QA applied without sea test (validity, equal, zeros, capitals, centroids, gbif, institutions) [2026-03-29]","standardized authors names in recordedBy","Colección","M.M.M. & S.H.J. & J.A.B.B.","N.M.M."
"3116","HEM2025_3116","PreservedSpecimen","Coleccion",NA,"UNICACH","SPECIES","HEM","Perez-Farrera, M.A.","2186","N.M.M.","E","HEM2025",1,"Peperomia quadrifolia",15.8530555555556,-93.1511111111111,"2000-01-12","change1: Filled coordinateUncertaintyInMeters from decimal-place precision (conservative). | epi_taxo: acceptedName(match1); authorship_epig(match1); genus_from_scientificName; family_WFO; order_majorGroup_WCVP [2026-03-11] | CoordinateCleaner QA applied without sea test (validity, equal, zeros, capitals, centroids, gbif, institutions) [2026-03-29]","standardized authors names in recordedBy","Colección","M.A. Pérez-Farrera","N.M.M."
"3117","HEM2025_3117","PreservedSpecimen","Coleccion",NA,"UNICACH","SPECIES","HEM","Perez-Farrera, M.A.","2282-bis","N.M.M.","E","HEM2025",1,"Peperomia quadrifolia",17.1916666666667,-92.2658333333333,"2000-04-10","change1: Filled coordinateUncertaintyInMeters from decimal-place precision (conservative). | epi_taxo: acceptedName(match1); authorship_epig(match1); genus_from_scientificName; family_WFO; order_majorGroup_WCVP [2026-03-11] | CoordinateCleaner QA applied without sea test (validity, equal, zeros, capitals, centroids, gbif, institutions) [2026-03-29]","standardized authors names in recordedBy","Colección","M.A. Pérez-Farrera","N.M.M."
"3118","HEM2025_3118","PreservedSpecimen","Coleccion",NA,"UNICACH","SPECIES","HEM","Perez-Farrera, M.A.","2282-bis","N.M.M.","E","HEM2025",1,"Peperomia quadrifolia",17.1916666666667,-92.2658333333333,"2000-04-10","change1: Filled coordinateUncertaintyInMeters from decimal-place precision (conservative). | epi_taxo: acceptedName(match1); authorship_epig(match1); genus_from_scientificName; family_WFO; order_majorGroup_WCVP [2026-03-11] | CoordinateCleaner QA applied without sea test (validity, equal, zeros, capitals, centroids, gbif, institutions) [2026-03-29]","standardized authors names in recordedBy","Colección","M.A. Pérez-Farrera","N.M.M."
"3119","HEM2025_3119","PreservedSpecimen","Coleccion",NA,"UNICACH","SPECIES","HEM","Perez-Farrera, M.A.","2282","N.M.M.","E","HEM2025",1,"Peperomia quadrifolia",17.1916666666667,-92.2658333333333,"2000-04-10","change1: Filled coordinateUncertaintyInMeters from decimal-place precision (conservative). | epi_taxo: acceptedName(match1); authorship_epig(match1); genus_from_scientificName; family_WFO; order_majorGroup_WCVP [2026-03-11] | CoordinateCleaner QA applied without sea test (validity, equal, zeros, capitals, centroids, gbif, institutions) [2026-03-29]","standardized authors names in recordedBy","Colección","M.A. Pérez-Farrera","N.M.M."
"3120","HEM2025_3120","PreservedSpecimen","Coleccion",NA,"UNICACH","SPECIES","HEM","Perez-Farrera, M.A.","2282","N.M.M.","E","HEM2025",1,"Peperomia quadrifolia",17.1916666666667,-92.2658333333333,"2000-04-10","change1: Filled coordinateUncertaintyInMeters from decimal-place precision (conservative). | epi_taxo: acceptedName(match1); authorship_epig(match1); genus_from_scientificName; family_WFO; order_majorGroup_WCVP [2026-03-11] | CoordinateCleaner QA applied without sea test (validity, equal, zeros, capitals, centroids, gbif, institutions) [2026-03-29]","standardized authors names in recordedBy","Colección","M.A. Pérez-Farrera","N.M.M."
"3121","HEM2025_3121","PreservedSpecimen","Coleccion",NA,"UNICACH","GENUS","HEM","Camilo, R.M.","1604-bis","Camilo, R.M.","E","HEM2025",NA,"",15.1060277777778,-92.0961611111111,"2013-07-25","change1: Genus placeholder (sp./spp.): moved to 'genus', set taxonRank=GENUS, cleared scientificName; kept original in verbatim. | change2: Filled coordinateUncertaintyInMeters from decimal-place precision (conservative). | epi_taxo: acceptedName(match1); authorship_epig(match1); genus_from_scientificName; family_WFO; order_majorGroup_WCVP [2026-03-11] | CoordinateCleaner QA applied without sea test (validity, equal, zeros, capitals, centroids, gbif, institutions) [2026-03-29]","standardized authors names in recordedBy / standardized authors names in identifiedBy","Colección","R.M. Camilo","R.M. Camilo"
"3122","HEM2025_3122","PreservedSpecimen","Coleccion",NA,"UNICACH","GENUS","HEM","M.M.M. | N.M.M. | R.J.R.V. | E.C.N.","4155","N.M.M.","E","HEM2025",NA,"",15.0316666666667,-92.1556666666667,"2014-06-16","change1: Genus placeholder (sp./spp.): moved to 'genus', set taxonRank=GENUS, cleared scientificName; kept original in verbatim. | change2: Filled coordinateUncertaintyInMeters from decimal-place precision (conservative). | epi_taxo: acceptedName(match1); authorship_epig(match1); genus_from_scientificName; family_WFO; order_majorGroup_WCVP [2026-03-11] | CoordinateCleaner QA applied without sea test (validity, equal, zeros, capitals, centroids, gbif, institutions) [2026-03-29]","standardized authors names in recordedBy","Colección","M.M.M. & N.M.M. & R.J.R.V. & E.C.N.","N.M.M."
"3123","HEM2025_3123","PreservedSpecimen","Coleccion",NA,"UNICACH","GENUS","HEM","M.M.M. | N.M.M. | R.J.R.V. | E.C.N.","4285","N.M.M.","E","HEM2025",NA,"",15.099,-92.1409722222222,"2014-06-18","change1: Genus placeholder (sp./spp.): moved to 'genus', set taxonRank=GENUS, cleared scientificName; kept original in verbatim. | change2: Filled coordinateUncertaintyInMeters from decimal-place precision (conservative). | epi_taxo: acceptedName(match1); authorship_epig(match1); genus_from_scientificName; family_WFO; order_majorGroup_WCVP [2026-03-11] | CoordinateCleaner QA applied without sea test (validity, equal, zeros, capitals, centroids, gbif, institutions) [2026-03-29]","standardized authors names in recordedBy","Colección","M.M.M. & N.M.M. & R.J.R.V. & E.C.N.","N.M.M."
"3124","HEM2025_3124","PreservedSpecimen","Coleccion",NA,"UNICACH","GENUS","HEM","M.M.M. | N.M.M. | R.J.R.V. | E.C.N.","4352","N.M.M.","E","HEM2025",NA,"",15.096,-92.1404722222222,"2014-06-18","change1: Genus placeholder (sp./spp.): moved to 'genus', set taxonRank=GENUS, cleared scientificName; kept original in verbatim. | change2: Filled coordinateUncertaintyInMeters from decimal-place precision (conservative). | epi_taxo: acceptedName(match1); authorship_epig(match1); genus_from_scientificName; family_WFO; order_majorGroup_WCVP [2026-03-11] | CoordinateCleaner QA applied without sea test (validity, equal, zeros, capitals, centroids, gbif, institutions) [2026-03-29]","standardized authors names in recordedBy","Colección","M.M.M. & N.M.M. & R.J.R.V. & E.C.N.","N.M.M."
"3125","HEM2025_3125","PreservedSpecimen","Coleccion",NA,"UNICACH","GENUS","HEM","M.M.M. | N.M.M. | R.J.R.V. | E.C.N.","4384","N.M.M.","E","HEM2025",NA,"",15.0996666666667,-92.1376944444444,"2014-06-19","change1: Genus placeholder (sp./spp.): moved to 'genus', set taxonRank=GENUS, cleared scientificName; kept original in verbatim. | change2: Filled coordinateUncertaintyInMeters from decimal-place precision (conservative). | epi_taxo: acceptedName(match1); authorship_epig(match1); genus_from_scientificName; family_WFO; order_majorGroup_WCVP [2026-03-11] | CoordinateCleaner QA applied without sea test (validity, equal, zeros, capitals, centroids, gbif, institutions) [2026-03-29]","standardized authors names in recordedBy","Colección","M.M.M. & N.M.M. & R.J.R.V. & E.C.N.","N.M.M."
"3126","HEM2025_3126","PreservedSpecimen","Coleccion",NA,"UNICACH","GENUS","HEM","M.M.M. | Camilo, R.M. | E.A.M.A. | M.I.L.R. | N.A.F.R.","4757","N.M.M.","E","HEM2025",NA,"",15.0926111111111,-92.1466944444444,"2014-07-07","change1: Genus placeholder (sp./spp.): moved to 'genus', set taxonRank=GENUS, cleared scientificName; kept original in verbatim. | change2: Filled coordinateUncertaintyInMeters from decimal-place precision (conservative). | epi_taxo: acceptedName(match1); authorship_epig(match1); genus_from_scientificName; family_WFO; order_majorGroup_WCVP [2026-03-11] | CoordinateCleaner QA applied without sea test (validity, equal, zeros, capitals, centroids, gbif, institutions) [2026-03-29]","standardized authors names in recordedBy","Colección","M.M.M. & R.M. Camilo & E.A.M.A. & M.I.L.R. & N.A.F.R.","N.M.M."
"3127","HEM2025_3127","PreservedSpecimen","Coleccion",NA,"UNICACH","GENUS","HEM","M.M.M. | E.A.M.A.","4800","N.M.M.","E","HEM2025",NA,"",15.0935,-92.1405,"2014-07-08","change1: Genus placeholder (sp./spp.): moved to 'genus', set taxonRank=GENUS, cleared scientificName; kept original in verbatim. | change2: Filled coordinateUncertaintyInMeters from decimal-place precision (conservative). | epi_taxo: acceptedName(match1); authorship_epig(match1); genus_from_scientificName; family_WFO; order_majorGroup_WCVP [2026-03-11] | CoordinateCleaner QA applied without sea test (validity, equal, zeros, capitals, centroids, gbif, institutions) [2026-03-29]","standardized authors names in recordedBy","Colección","M.M.M. & E.A.M.A.","N.M.M."
"3128","HEM2025_3128","PreservedSpecimen","Coleccion",NA,"UNICACH","GENUS","HEM","M.M.M. | E.A.M.A.","4818","N.M.M.","E","HEM2025",NA,"",15.0935,-92.1405,"2014-07-08","change1: Genus placeholder (sp./spp.): moved to 'genus', set taxonRank=GENUS, cleared scientificName; kept original in verbatim. | change2: Filled coordinateUncertaintyInMeters from decimal-place precision (conservative). | epi_taxo: acceptedName(match1); authorship_epig(match1); genus_from_scientificName; family_WFO; order_majorGroup_WCVP [2026-03-11] | CoordinateCleaner QA applied without sea test (validity, equal, zeros, capitals, centroids, gbif, institutions) [2026-03-29]","standardized authors names in recordedBy","Colección","M.M.M. & E.A.M.A.","N.M.M."
"3129","HEM2025_3129","PreservedSpecimen","Coleccion",NA,"UNICACH","GENUS","HEM","Camilo, R.M. | R.V.H. | M.M.M.","2863","Camilo, R.M.","E","HEM2025",NA,"",15.1296111111111,-92.1824444444444,"2015-03-24","change1: Genus placeholder (sp./spp.): moved to 'genus', set taxonRank=GENUS, cleared scientificName; kept original in verbatim. | change2: Filled coordinateUncertaintyInMeters from decimal-place precision (conservative). | epi_taxo: acceptedName(match1); authorship_epig(match1); genus_from_scientificName; family_WFO; order_majorGroup_WCVP [2026-03-11] | CoordinateCleaner QA applied without sea test (validity, equal, zeros, capitals, centroids, gbif, institutions) [2026-03-29]","standardized authors names in recordedBy / standardized authors names in identifiedBy","Colección","R.M. Camilo & R.V.H. & M.M.M.","R.M. Camilo"
"3130","HEM2025_3130","PreservedSpecimen","Coleccion",NA,"UNICACH","GENUS","HEM","M.M.M. | D.A.J.L. | R.J.R.V.","5485","N.M.M.","E","HEM2025",NA,"",15.1071944444444,-92.1756666666667,"2015-03-25","change1: Genus placeholder (sp./spp.): moved to 'genus', set taxonRank=GENUS, cleared scientificName; kept original in verbatim. | change2: Filled coordinateUncertaintyInMeters from decimal-place precision (conservative). | epi_taxo: acceptedName(match1); authorship_epig(match1); genus_from_scientificName; family_WFO; order_majorGroup_WCVP [2026-03-11] | CoordinateCleaner QA applied without sea test (validity, equal, zeros, capitals, centroids, gbif, institutions) [2026-03-29]","standardized authors names in recordedBy","Colección","M.M.M. & D.A.J.L. & R.J.R.V.","N.M.M."
"3131","HEM2025_3131","PreservedSpecimen","Coleccion",NA,"UNICACH","GENUS","HEM","M.M.M. | M.C.R.M.","5374","N.M.M.","E","HEM2025",NA,"",15.0995277777778,-92.1861111111111,"2014-09-23","change1: Genus placeholder (sp./spp.): moved to 'genus', set taxonRank=GENUS, cleared scientificName; kept original in verbatim. | change2: Filled coordinateUncertaintyInMeters from decimal-place precision (conservative). | epi_taxo: acceptedName(match1); authorship_epig(match1); genus_from_scientificName; family_WFO; order_majorGroup_WCVP [2026-03-11] | CoordinateCleaner QA applied without sea test (validity, equal, zeros, capitals, centroids, gbif, institutions) [2026-03-29]","standardized authors names in recordedBy","Colección","M.M.M. & M.C.R.M.","N.M.M."
"3132","HEM2025_3132","PreservedSpecimen","Coleccion",NA,"UNICACH","GENUS","HEM","A.E.O.R.","285","A.E.O.R.","E","HEM2025",NA,"",16.2519388888889,-93.3085194444444,"2011-05-01","change1: Genus placeholder (sp./spp.): moved to 'genus', set taxonRank=GENUS, cleared scientificName; kept original in verbatim. | change2: Filled coordinateUncertaintyInMeters from decimal-place precision (conservative). | epi_taxo: acceptedName(match1); authorship_epig(match1); genus_from_scientificName; family_WFO; order_majorGroup_WCVP [2026-03-11] | CoordinateCleaner QA applied without sea test (validity, equal, zeros, capitals, centroids, gbif, institutions) [2026-03-29]","","Colección","A.E.O.R.","A.E.O.R."
"3133","HEM2025_3133","PreservedSpecimen","Coleccion",NA,"UNICACH","GENUS","HEM","N.M.M.","2231","N.M.M.","E","HEM2025",NA,"",15.1205555555556,-91.155,"2008-04-10","change1: Genus placeholder (sp./spp.): moved to 'genus', set taxonRank=GENUS, cleared scientificName; kept original in verbatim. | change2: Filled coordinateUncertaintyInMeters from decimal-place precision (conservative). | epi_taxo: acceptedName(match1); authorship_epig(match1); genus_from_scientificName; family_WFO; order_majorGroup_WCVP [2026-03-11] | CoordinateCleaner QA applied without sea test (validity, equal, zeros, capitals, centroids, gbif, institutions) [2026-03-29]","","Colección","N.M.M.","N.M.M."
"3134","HEM2025_3134","PreservedSpecimen","Coleccion",NA,"UNICACH","GENUS","HEM","N.M.M.","1711","N.M.M.","E","HEM2025",NA,"",17.3846111111111,-93.6324444444444,"2006-09-28","change1: Genus placeholder (sp./spp.): moved to 'genus', set taxonRank=GENUS, cleared scientificName; kept original in verbatim. | change2: Filled coordinateUncertaintyInMeters from decimal-place precision (conservative). | epi_taxo: acceptedName(match1); authorship_epig(match1); genus_from_scientificName; family_WFO; order_majorGroup_WCVP [2026-03-11] | CoordinateCleaner QA applied without sea test (validity, equal, zeros, capitals, centroids, gbif, institutions) [2026-03-29]","","Colección","N.M.M.","N.M.M."
"3135","HEM2025_3135","PreservedSpecimen","Coleccion",NA,"UNICACH","GENUS","HEM","N.M.M.","2015","N.M.M.","E","HEM2025",NA,"",17.0667027777778,-94.1222138888889,"2007-02-23","change1: Genus placeholder (sp./spp.): moved to 'genus', set taxonRank=GENUS, cleared scientificName; kept original in verbatim. | change2: Filled coordinateUncertaintyInMeters from decimal-place precision (conservative). | epi_taxo: acceptedName(match1); authorship_epig(match1); genus_from_scientificName; family_WFO; order_majorGroup_WCVP [2026-03-11] | CoordinateCleaner QA applied without sea test (validity, equal, zeros, capitals, centroids, gbif, institutions) [2026-03-29]","","Colección","N.M.M.","N.M.M."
"3136","HEM2025_3136","PreservedSpecimen","Coleccion",NA,"UNICACH","GENUS","HEM","N.M.M.","2351","N.M.M.","E","HEM2025",NA,"",16.1105277777778,-91.5975555555555,"2008-04-10","change1: Genus placeholder (sp./spp.): moved to 'genus', set taxonRank=GENUS, cleared scientificName; kept original in verbatim. | change2: Filled coordinateUncertaintyInMeters from decimal-place precision (conservative). | epi_taxo: acceptedName(match1); authorship_epig(match1); genus_from_scientificName; family_WFO; order_majorGroup_WCVP [2026-03-11] | CoordinateCleaner QA applied without sea test (validity, equal, zeros, capitals, centroids, gbif, institutions) [2026-03-29]","","Colección","N.M.M.","N.M.M."
"3137","HEM2025_3137","PreservedSpecimen","Coleccion",NA,"UNICACH","SPECIES","HEM","N.M.M.","625","N.M.M.","E","HEM2025",1,"Peperomia succulenta",15.6268888888889,-92.6473611111111,"2005-01-15","change1: Filled coordinateUncertaintyInMeters from decimal-place precision (conservative). | epi_taxo: acceptedName(match1); authorship_epig(match1); genus_from_scientificName; family_WFO; order_majorGroup_WCVP [2026-03-11] | CoordinateCleaner QA applied without sea test (validity, equal, zeros, capitals, centroids, gbif, institutions) [2026-03-29]","","Colección","N.M.M.","N.M.M."
"3138","HEM2025_3138","PreservedSpecimen","Coleccion",NA,"UNICACH","SPECIES","HEM","N.M.M.","1475","N.M.M.","E","HEM2025",1,"Peperomia succulenta",15.5516666666667,-92.6333333333333,"2006-03-25","change1: Filled coordinateUncertaintyInMeters from decimal-place precision (conservative). | epi_taxo: acceptedName(match1); authorship_epig(match1); genus_from_scientificName; family_WFO; order_majorGroup_WCVP [2026-03-11] | CoordinateCleaner QA applied without sea test (validity, equal, zeros, capitals, centroids, gbif, institutions) [2026-03-29]","","Colección","N.M.M.","N.M.M."
"3139","HEM2025_3139","PreservedSpecimen","Coleccion",NA,"UNICACH","SPECIES","HEM","Perez-Farrera, M.A.","2577","Borstein, A.J.","E","HEM2025",1,"Peperomia succulenta",15.7769444444444,-93.09,"2001-07-18","change1: Filled coordinateUncertaintyInMeters from decimal-place precision (conservative). | epi_taxo: acceptedName(match1); authorship_epig(match1); genus_from_scientificName; family_WFO; order_majorGroup_WCVP [2026-03-11] | CoordinateCleaner QA applied without sea test (validity, equal, zeros, capitals, centroids, gbif, institutions) [2026-03-29]","standardized authors names in recordedBy / standardized authors names in identifiedBy","Colección","M.A. Pérez-Farrera","A.J. Borstein"
"3140","HEM2025_3140","PreservedSpecimen","Coleccion",NA,"UNICACH","SPECIES","HEM","M.M.M. | M.D.E.M.","540","N.M.M.","E","HEM2025",1,"Peperomia succulenta",15.2585833333333,-92.2159444444444,"2013-02-05","change1: Filled coordinateUncertaintyInMeters from decimal-place precision (conservative). | epi_taxo: acceptedName(match1); authorship_epig(match1); genus_from_scientificName; family_WFO; order_majorGroup_WCVP [2026-03-11] | CoordinateCleaner QA applied without sea test (validity, equal, zeros, capitals, centroids, gbif, institutions) [2026-03-29]","standardized authors names in recordedBy","Colección","M.M.M. & M.D.E.M.","N.M.M."
"3141","HEM2025_3141","PreservedSpecimen","Coleccion",NA,"UNICACH","SPECIES","HEM","N.M.M.","663-bis","Camilo, R.M.","E","HEM2025",1,"Peperomia tetraphylla",15.6396388888889,-92.6553611111111,"2005-01-17","change1: Filled coordinateUncertaintyInMeters from decimal-place precision (conservative). | epi_taxo: acceptedName(match1); authorship_epig(match1); genus_from_scientificName; family_WFO; order_majorGroup_WCVP [2026-03-11] | CoordinateCleaner QA applied without sea test (validity, equal, zeros, capitals, centroids, gbif, institutions) [2026-03-29]","standardized authors names in identifiedBy","Colección","N.M.M.","R.M. Camilo"
"3142","HEM2025_3142","PreservedSpecimen","Coleccion",NA,"UNICACH","SPECIES","HEM","M.D.R.S.","24-bis","R.R.S.","E","HEM2025",1,"Peperomia tetraphylla",15.7697222222222,-92.9361111111111,"2005-04-21","change1: Filled coordinateUncertaintyInMeters from decimal-place precision (conservative). | epi_taxo: acceptedName(match1); authorship_epig(match1); genus_from_scientificName; family_WFO; order_majorGroup_WCVP [2026-03-11] | CoordinateCleaner QA applied without sea test (validity, equal, zeros, capitals, centroids, gbif, institutions) [2026-03-29]","","Colección","M.D.R.S.","R.R.S."
"3143","HEM2025_3143","PreservedSpecimen","Coleccion",NA,"UNICACH","SPECIES","HEM","M.D.R.S.","160","R.R.S.","E","HEM2025",1,"Peperomia tetraphylla",15.5991388888889,-92.6927777777778,"2005-06-13","change1: Filled coordinateUncertaintyInMeters from decimal-place precision (conservative). | epi_taxo: acceptedName(match1); authorship_epig(match1); genus_from_scientificName; family_WFO; order_majorGroup_WCVP [2026-03-11] | CoordinateCleaner QA applied without sea test (validity, equal, zeros, capitals, centroids, gbif, institutions) [2026-03-29]","","Colección","M.D.R.S.","R.R.S."
"3144","HEM2025_3144","PreservedSpecimen","Coleccion",NA,"UNICACH","SPECIES","HEM","M.D.R.S.","207","R.R.S.","E","HEM2025",1,"Peperomia tetraphylla",15.6260555555556,-92.6291944444444,"2005-06-15","change1: Filled coordinateUncertaintyInMeters from decimal-place precision (conservative). | epi_taxo: acceptedName(match1); authorship_epig(match1); genus_from_scientificName; family_WFO; order_majorGroup_WCVP [2026-03-11] | CoordinateCleaner QA applied without sea test (validity, equal, zeros, capitals, centroids, gbif, institutions) [2026-03-29]","","Colección","M.D.R.S.","R.R.S."
"3145","HEM2025_3145","PreservedSpecimen","Coleccion",NA,"UNICACH","SPECIES","HEM","N.M.M.","333","Perez-Farrera, M.A.","E","HEM2025",1,"Peperomia tetraphylla",15.6888888888889,-93.0333333333333,"2002-03-16","change1: Filled coordinateUncertaintyInMeters from decimal-place precision (conservative). | epi_taxo: acceptedName(match1); authorship_epig(match1); genus_from_scientificName; family_WFO; order_majorGroup_WCVP [2026-03-11] | CoordinateCleaner QA applied without sea test (validity, equal, zeros, capitals, centroids, gbif, institutions) [2026-03-29]","standardized authors names in identifiedBy","Colección","N.M.M.","M.A. Pérez-Farrera"
"3146","HEM2025_3146","PreservedSpecimen","Coleccion",NA,"UNICACH","SPECIES","HEM","H.G.D.","964","N.M.M.","E","HEM2025",1,"Peperomia tetraphylla",15.7063333333333,-92.9908055555556,"2005-04-19","change1: Filled coordinateUncertaintyInMeters from decimal-place precision (conservative). | epi_taxo: acceptedName(match1); authorship_epig(match1); genus_from_scientificName; family_WFO; order_majorGroup_WCVP [2026-03-11] | CoordinateCleaner QA applied without sea test (validity, equal, zeros, capitals, centroids, gbif, institutions) [2026-03-29]","","Colección","H.G.D.","N.M.M."
"3147","HEM2025_3147","PreservedSpecimen","Coleccion",NA,"UNICACH","SPECIES","HEM","H.G.D.","1028","N.M.M.","E","HEM2025",1,"Peperomia tetraphylla",15.5991388888889,-92.6927777777778,"2005-06-13","change1: Filled coordinateUncertaintyInMeters from decimal-place precision (conservative). | epi_taxo: acceptedName(match1); authorship_epig(match1); genus_from_scientificName; family_WFO; order_majorGroup_WCVP [2026-03-11] | CoordinateCleaner QA applied without sea test (validity, equal, zeros, capitals, centroids, gbif, institutions) [2026-03-29]","","Colección","H.G.D.","N.M.M."
"3148","HEM2025_3148","PreservedSpecimen","Coleccion",NA,"UNICACH","SPECIES","HEM","J.M.M.","120","O.F.S.","E","HEM2025",1,"Peperomia tetraphylla",15.9172222222222,-93.2505555555556,"2002-10-26","change1: Filled coordinateUncertaintyInMeters from decimal-place precision (conservative). | epi_taxo: acceptedName(match1); authorship_epig(match1); genus_from_scientificName; family_WFO; order_majorGroup_WCVP [2026-03-11] | CoordinateCleaner QA applied without sea test (validity, equal, zeros, capitals, centroids, gbif, institutions) [2026-03-29]","","Colección","J.M.M.","O.F.S."
"3149","HEM2025_3149","PreservedSpecimen","Coleccion",NA,"UNICACH","SPECIES","HEM","F.E.P.C.","109-bis","F.E.P.C.","E","HEM2025",1,"Peperomia tetraphylla",15.8394444444444,-93.0705555555556,"1999-02-10","change1: Filled coordinateUncertaintyInMeters from decimal-place precision (conservative). | epi_taxo: acceptedName(match1); authorship_epig(match1); genus_from_scientificName; family_WFO; order_majorGroup_WCVP [2026-03-11] | CoordinateCleaner QA applied without sea test (validity, equal, zeros, capitals, centroids, gbif, institutions) [2026-03-29]","","Colección","F.E.P.C.","F.E.P.C."
"3150","HEM2025_3150","PreservedSpecimen","Coleccion",NA,"UNICACH","SPECIES","HEM","F.E.P.C.","130","F.E.P.C.","E","HEM2025",1,"Peperomia tetraphylla",15.8244444444444,-93.0630555555556,"1999-02-11","change1: Filled coordinateUncertaintyInMeters from decimal-place precision (conservative). | epi_taxo: acceptedName(match1); authorship_epig(match1); genus_from_scientificName; family_WFO; order_majorGroup_WCVP [2026-03-11] | CoordinateCleaner QA applied without sea test (validity, equal, zeros, capitals, centroids, gbif, institutions) [2026-03-29]","","Colección","F.E.P.C.","F.E.P.C."
"3151","HEM2025_3151","PreservedSpecimen","Coleccion",NA,"UNICACH","SPECIES","HEM","V.A.V.A.","29","R.R.S.","E","HEM2025",1,"Peperomia tetraphylla",15.7380555555556,-92.9355555555556,"2001-02-03","change1: Filled coordinateUncertaintyInMeters from decimal-place precision (conservative). | epi_taxo: acceptedName(match1); authorship_epig(match1); genus_from_scientificName; family_WFO; order_majorGroup_WCVP [2026-03-11] | CoordinateCleaner QA applied without sea test (validity, equal, zeros, capitals, centroids, gbif, institutions) [2026-03-29]","","Colección","V.A.V.A.","R.R.S."
"3152","HEM2025_3152","PreservedSpecimen","Coleccion",NA,"UNICACH","SPECIES","HEM","N.M.M.","7","Borstein, A.J.","E","HEM2025",1,"Peperomia tetraphylla",15.7213888888889,-92.9522222222222,"2001-02-01","change1: Filled coordinateUncertaintyInMeters from decimal-place precision (conservative). | epi_taxo: acceptedName(match1); authorship_epig(match1); genus_from_scientificName; family_WFO; order_majorGroup_WCVP [2026-03-11] | CoordinateCleaner QA applied without sea test (validity, equal, zeros, capitals, centroids, gbif, institutions) [2026-03-29]","standardized authors names in identifiedBy","Colección","N.M.M.","A.J. Borstein"
"3153","HEM2025_3153","PreservedSpecimen","Coleccion",NA,"UNICACH","SPECIES","HEM","J.M.M.","1200","J.M.M.","E","HEM2025",1,"Peperomia tetraphylla",15.4841388888889,-92.6805277777778,"2006-03-23","change1: Filled coordinateUncertaintyInMeters from decimal-place precision (conservative). | epi_taxo: acceptedName(match1); authorship_epig(match1); genus_from_scientificName; family_WFO; order_majorGroup_WCVP [2026-03-11] | CoordinateCleaner QA applied without sea test (validity, equal, zeros, capitals, centroids, gbif, institutions) [2026-03-29]","","Colección","J.M.M.","J.M.M."
"3154","HEM2025_3154","PreservedSpecimen","Coleccion",NA,"UNICACH","SPECIES","HEM","M.E.H.M.","12","N.M.M.","E","HEM2025",1,"Peperomia tetraphylla",16.745,-92.97,"2006-02-18","change1: Filled coordinateUncertaintyInMeters from decimal-place precision (conservative). | epi_taxo: acceptedName(match1); authorship_epig(match1); genus_from_scientificName; family_WFO; order_majorGroup_WCVP [2026-03-11] | CoordinateCleaner QA applied without sea test (validity, equal, zeros, capitals, centroids, gbif, institutions) [2026-03-29]","","Colección","M.E.H.M.","N.M.M."
"3155","HEM2025_3155","PreservedSpecimen","Coleccion",NA,"UNICACH","SPECIES","HEM","J.M.M.","1598","J.M.M.","E","HEM2025",1,"Peperomia tetraphylla",15.3904166666667,-92.6575555555556,"2006-11-16","change1: Filled coordinateUncertaintyInMeters from decimal-place precision (conservative). | epi_taxo: acceptedName(match1); authorship_epig(match1); genus_from_scientificName; family_WFO; order_majorGroup_WCVP [2026-03-11] | CoordinateCleaner QA applied without sea test (validity, equal, zeros, capitals, centroids, gbif, institutions) [2026-03-29]","","Colección","J.M.M.","J.M.M."
"3156","HEM2025_3156","PreservedSpecimen","Coleccion",NA,"UNICACH","SPECIES","HEM","J.M.M.","1631","J.M.M.","E","HEM2025",1,"Peperomia tetraphylla",15.6641666666667,-92.8136111111111,"2006-12-13","change1: Filled coordinateUncertaintyInMeters from decimal-place precision (conservative). | epi_taxo: acceptedName(match1); authorship_epig(match1); genus_from_scientificName; family_WFO; order_majorGroup_WCVP [2026-03-11] | CoordinateCleaner QA applied without sea test (validity, equal, zeros, capitals, centroids, gbif, institutions) [2026-03-29]","","Colección","J.M.M.","J.M.M."
"3157","HEM2025_3157","PreservedSpecimen","Coleccion",NA,"UNICACH","SPECIES","HEM","N.M.M.","333","R.R.S.","E","HEM2025",1,"Peperomia tetraphylla",15.7555555555556,-93.0333333333333,"2002-03-16","change1: Filled coordinateUncertaintyInMeters from decimal-place precision (conservative). | epi_taxo: acceptedName(match1); authorship_epig(match1); genus_from_scientificName; family_WFO; order_majorGroup_WCVP [2026-03-11] | CoordinateCleaner QA applied without sea test (validity, equal, zeros, capitals, centroids, gbif, institutions) [2026-03-29]","","Colección","N.M.M.","R.R.S."
"3158","HEM2025_3158","PreservedSpecimen","Coleccion",NA,"UNICACH","SPECIES","HEM","Perez-Farrera, M.A.","115","R.R.S.","E","HEM2025",1,"Peperomia tetraphylla",17.1972222222222,-93.1177777777778,"1995-09-06","change1: Filled coordinateUncertaintyInMeters from decimal-place precision (conservative). | epi_taxo: acceptedName(match1); authorship_epig(match1); genus_from_scientificName; family_WFO; order_majorGroup_WCVP [2026-03-11] | CoordinateCleaner QA applied without sea test (validity, equal, zeros, capitals, centroids, gbif, institutions) [2026-03-29]","standardized authors names in recordedBy","Colección","M.A. Pérez-Farrera","R.R.S."
"3159","HEM2025_3159","PreservedSpecimen","Coleccion",NA,"UNICACH","SPECIES","HEM","P.C. | V.M.","19","Perez-Farrera, M.A.","E","HEM2025",1,"Peperomia tetraphylla",15.4805555555556,-92.6055555555556,"1998-10-13","change1: Filled coordinateUncertaintyInMeters from decimal-place precision (conservative). | epi_taxo: acceptedName(match1); authorship_epig(match1); genus_from_scientificName; family_WFO; order_majorGroup_WCVP [2026-03-11] | CoordinateCleaner QA applied without sea test (validity, equal, zeros, capitals, centroids, gbif, institutions) [2026-03-29]","standardized authors names in recordedBy / standardized authors names in identifiedBy","Colección","P.C. & V.M.","M.A. Pérez-Farrera"
"3160","HEM2025_3160","PreservedSpecimen","Coleccion",NA,"UNICACH","SPECIES","HEM","F.E.P.C.","86","R.R.S.","E","HEM2025",1,"Peperomia tetraphylla",15.4805555555556,-92.6055555555556,"1999-01-27","change1: Filled coordinateUncertaintyInMeters from decimal-place precision (conservative). | epi_taxo: acceptedName(match1); authorship_epig(match1); genus_from_scientificName; family_WFO; order_majorGroup_WCVP [2026-03-11] | CoordinateCleaner QA applied without sea test (validity, equal, zeros, capitals, centroids, gbif, institutions) [2026-03-29]","","Colección","F.E.P.C.","R.R.S."
"3161","HEM2025_3161","PreservedSpecimen","Coleccion",NA,"UNICACH","SPECIES","HEM","G.U. | E.M.S. | A.M.G.","41-bis","N.M.M.","E","HEM2025",1,"Peperomia tetraphylla",16.7944444444444,-93.1008333333333,"1987-02-18","change1: Filled coordinateUncertaintyInMeters from decimal-place precision (conservative). | epi_taxo: acceptedName(match1); authorship_epig(match1); genus_from_scientificName; family_WFO; order_majorGroup_WCVP [2026-03-11] | CoordinateCleaner QA applied without sea test (validity, equal, zeros, capitals, centroids, gbif, institutions) [2026-03-29]","standardized authors names in recordedBy","Colección","G.U. & E.M.S. & A.M.G.","N.M.M."
"3162","HEM2025_3162","PreservedSpecimen","Coleccion",NA,"UNICACH","SPECIES","HEM","G.U. | E.M.S. | A.M.G.","41-bis","N.M.M.","E","HEM2025",1,"Peperomia tetraphylla",16.7944444444444,-93.1008333333333,"1987-02-18","change1: Filled coordinateUncertaintyInMeters from decimal-place precision (conservative). | epi_taxo: acceptedName(match1); authorship_epig(match1); genus_from_scientificName; family_WFO; order_majorGroup_WCVP [2026-03-11] | CoordinateCleaner QA applied without sea test (validity, equal, zeros, capitals, centroids, gbif, institutions) [2026-03-29]","standardized authors names in recordedBy","Colección","G.U. & E.M.S. & A.M.G.","N.M.M."
"3163","HEM2025_3163","PreservedSpecimen","Coleccion",NA,"UNICACH","SPECIES","HEM","J.P.V.H.","214","O.F.S.","E","HEM2025",1,"Peperomia tetraphylla",16.0577777777778,-93.4494444444445,"2003-01-18","change1: Filled coordinateUncertaintyInMeters from decimal-place precision (conservative). | epi_taxo: acceptedName(match1); authorship_epig(match1); genus_from_scientificName; family_WFO; order_majorGroup_WCVP [2026-03-11] | CoordinateCleaner QA applied without sea test (validity, equal, zeros, capitals, centroids, gbif, institutions) [2026-03-29]","","Colección","J.P.V.H.","O.F.S."
"3164","HEM2025_3164","PreservedSpecimen","Coleccion",NA,"UNICACH","SPECIES","HEM","J.M.M.","450","J.M.M.","E","HEM2025",1,"Peperomia tetraphylla",15.9797222222222,-93.2522222222222,"2004-02-21","change1: Filled coordinateUncertaintyInMeters from decimal-place precision (conservative). | epi_taxo: acceptedName(match1); authorship_epig(match1); genus_from_scientificName; family_WFO; order_majorGroup_WCVP [2026-03-11] | CoordinateCleaner QA applied without sea test (validity, equal, zeros, capitals, centroids, gbif, institutions) [2026-03-29]","","Colección","J.M.M.","J.M.M."
"3165","HEM2025_3165","PreservedSpecimen","Coleccion",NA,"UNICACH","SPECIES","HEM","M.M.M. | M.D.E.M.","740","N.M.M.","E","HEM2025",1,"Peperomia tetraphylla",15.2596666666667,-92.2186388888889,"2013-02-10","change1: Filled coordinateUncertaintyInMeters from decimal-place precision (conservative). | epi_taxo: acceptedName(match1); authorship_epig(match1); genus_from_scientificName; family_WFO; order_majorGroup_WCVP [2026-03-11] | CoordinateCleaner QA applied without sea test (validity, equal, zeros, capitals, centroids, gbif, institutions) [2026-03-29]","standardized authors names in recordedBy","Colección","M.M.M. & M.D.E.M.","N.M.M."
"3166","HEM2025_3166","PreservedSpecimen","Coleccion",NA,"UNICACH","SPECIES","HEM","M.M.M. | M.A.D.V.","986","N.M.M. | J.M.M.","E","HEM2025",1,"Peperomia tetraphylla",15.2396666666667,-92.2612222222222,"2013-03-05","change1: Filled coordinateUncertaintyInMeters from decimal-place precision (conservative). | epi_taxo: acceptedName(match1); authorship_epig(match1); genus_from_scientificName; family_WFO; order_majorGroup_WCVP [2026-03-11] | CoordinateCleaner QA applied without sea test (validity, equal, zeros, capitals, centroids, gbif, institutions) [2026-03-29]","standardized authors names in recordedBy / standardized authors names in identifiedBy","Colección","M.M.M. & M.A.D.V.","N.M.M. & J.M.M."
"3167","HEM2025_3167","PreservedSpecimen","Coleccion",NA,"UNICACH","SPECIES","HEM","M.M.M. | M.D.E.M.","1567","N.M.M. | J.M.M.","E","HEM2025",1,"Peperomia tetraphylla",15.0990833333333,-92.0988333333333,"2013-05-02","change1: Filled coordinateUncertaintyInMeters from decimal-place precision (conservative). | epi_taxo: acceptedName(match1); authorship_epig(match1); genus_from_scientificName; family_WFO; order_majorGroup_WCVP [2026-03-11] | CoordinateCleaner QA applied without sea test (validity, equal, zeros, capitals, centroids, gbif, institutions) [2026-03-29]","standardized authors names in recordedBy / standardized authors names in identifiedBy","Colección","M.M.M. & M.D.E.M.","N.M.M. & J.M.M."
"3168","HEM2025_3168","PreservedSpecimen","Coleccion",NA,"UNICACH","SPECIES","HEM","M.M.M. | M.A.D.V.","1953","N.M.M. | J.M.M.","E","HEM2025",1,"Peperomia tetraphylla",15.1056666666667,-92.1073611111111,"2013-05-31","change1: Filled coordinateUncertaintyInMeters from decimal-place precision (conservative). | epi_taxo: acceptedName(match1); authorship_epig(match1); genus_from_scientificName; family_WFO; order_majorGroup_WCVP [2026-03-11] | CoordinateCleaner QA applied without sea test (validity, equal, zeros, capitals, centroids, gbif, institutions) [2026-03-29]","standardized authors names in recordedBy / standardized authors names in identifiedBy","Colección","M.M.M. & M.A.D.V.","N.M.M. & J.M.M."
"3169","HEM2025_3169","PreservedSpecimen","Coleccion",NA,"UNICACH","SPECIES","HEM","N.M.M.","126","R.R.S.","E","HEM2025",1,"Peperomia tetraphylla",15.7,-92.9805555555556,"2001-12-21","change1: Filled coordinateUncertaintyInMeters from decimal-place precision (conservative). | epi_taxo: acceptedName(match1); authorship_epig(match1); genus_from_scientificName; family_WFO; order_majorGroup_WCVP [2026-03-11] | CoordinateCleaner QA applied without sea test (validity, equal, zeros, capitals, centroids, gbif, institutions) [2026-03-29]","","Colección","N.M.M.","R.R.S."
"3170","HEM2025_3170","PreservedSpecimen","Coleccion",NA,"UNICACH","SPECIES","HEM","M.M.M. | S.H.J. | V.E.G.J.","5942","N.M.M.","E","HEM2025",1,"Peperomia tetraphylla",15.2297777777778,-92.317,"2015-05-30","change1: Filled coordinateUncertaintyInMeters from decimal-place precision (conservative). | epi_taxo: acceptedName(match1); authorship_epig(match1); genus_from_scientificName; family_WFO; order_majorGroup_WCVP [2026-03-11] | CoordinateCleaner QA applied without sea test (validity, equal, zeros, capitals, centroids, gbif, institutions) [2026-03-29]","standardized authors names in recordedBy","Colección","M.M.M. & S.H.J. & V.E.G.J.","N.M.M."
"3171","HEM2025_3171","PreservedSpecimen","Coleccion",NA,"UNICACH","SPECIES","HEM","M.M.M. | S.H.J. | V.E.G.J.","6040","N.M.M.","E","HEM2025",1,"Peperomia tetraphylla",15.2342222222222,-92.3172777777778,"2015-06-01","change1: Filled coordinateUncertaintyInMeters from decimal-place precision (conservative). | epi_taxo: acceptedName(match1); authorship_epig(match1); genus_from_scientificName; family_WFO; order_majorGroup_WCVP [2026-03-11] | CoordinateCleaner QA applied without sea test (validity, equal, zeros, capitals, centroids, gbif, institutions) [2026-03-29]","standardized authors names in recordedBy","Colección","M.M.M. & S.H.J. & V.E.G.J.","N.M.M."
"3172","HEM2025_3172","PreservedSpecimen","Coleccion",NA,"UNICACH","SPECIES","HEM","M.M.M. | D.A.J.L. | R.J.R.V.","5615","N.M.M.","E","HEM2025",1,"Peperomia tetraphylla",15.0997777777778,-92.1679444444444,"2015-03-27","change1: Filled coordinateUncertaintyInMeters from decimal-place precision (conservative). | epi_taxo: acceptedName(match1); authorship_epig(match1); genus_from_scientificName; family_WFO; order_majorGroup_WCVP [2026-03-11] | CoordinateCleaner QA applied without sea test (validity, equal, zeros, capitals, centroids, gbif, institutions) [2026-03-29]","standardized authors names in recordedBy","Colección","M.M.M. & D.A.J.L. & R.J.R.V.","N.M.M."
"3173","HEM2025_3173","PreservedSpecimen","Coleccion",NA,"UNICACH","SPECIES","HEM","N.M.M. | M.M.M. | R.V.H.","4402","N.M.M.","E","HEM2025",1,"Peperomia tetraphylla",15.1062777777778,-92.1102222222222,"2015-05-05","change1: Filled coordinateUncertaintyInMeters from decimal-place precision (conservative). | epi_taxo: acceptedName(match1); authorship_epig(match1); genus_from_scientificName; family_WFO; order_majorGroup_WCVP [2026-03-11] | CoordinateCleaner QA applied without sea test (validity, equal, zeros, capitals, centroids, gbif, institutions) [2026-03-29]","standardized authors names in recordedBy","Colección","N.M.M. & M.M.M. & R.V.H.","N.M.M."
"3174","HEM2025_3174","PreservedSpecimen","Coleccion",NA,"UNICACH","SPECIES","HEM","J.C.R.","115","O.F.S.","E","HEM2025",1,"Peperomia tetraphylla",15.9002777777778,-93.2411111111111,"1999-04-30","change1: Filled coordinateUncertaintyInMeters from decimal-place precision (conservative). | epi_taxo: acceptedName(match1); authorship_epig(match1); genus_from_scientificName; family_WFO; order_majorGroup_WCVP [2026-03-11] | CoordinateCleaner QA applied without sea test (validity, equal, zeros, capitals, centroids, gbif, institutions) [2026-03-29]","","Colección","J.C.R.","O.F.S."
"3175","HEM2025_3175","PreservedSpecimen","Coleccion",NA,"UNICACH","SPECIES","HEM","N.M.M.","249","N.M.M.","E","HEM2025",1,"Peperomia tetraphylla",15.7727777777778,-93.09,"2002-02-24","change1: Filled coordinateUncertaintyInMeters from decimal-place precision (conservative). | epi_taxo: acceptedName(match1); authorship_epig(match1); genus_from_scientificName; family_WFO; order_majorGroup_WCVP [2026-03-11] | CoordinateCleaner QA applied without sea test (validity, equal, zeros, capitals, centroids, gbif, institutions) [2026-03-29]","","Colección","N.M.M.","N.M.M."
"3176","HEM2025_3176","PreservedSpecimen","Coleccion",NA,"UNICACH","SPECIES","HEM","S.M.V.M.","218","N.M.M.","E","HEM2025",1,"Peperomia tetraphylla",15.7227777777778,-92.9436111111111,"2002-01-31","change1: Filled coordinateUncertaintyInMeters from decimal-place precision (conservative). | epi_taxo: acceptedName(match1); authorship_epig(match1); genus_from_scientificName; family_WFO; order_majorGroup_WCVP [2026-03-11] | CoordinateCleaner QA applied without sea test (validity, equal, zeros, capitals, centroids, gbif, institutions) [2026-03-29]","","Colección","S.M.V.M.","N.M.M."
"3177","HEM2025_3177","PreservedSpecimen","Coleccion",NA,"UNICACH","SPECIES","HEM","J.A.H.G.","6","N.M.M.","E","HEM2025",1,"Peperomia tetraphylla",16.3066666666667,-92.9727777777778,"2002-10-02","change1: Filled coordinateUncertaintyInMeters from decimal-place precision (conservative). | epi_taxo: acceptedName(match1); authorship_epig(match1); genus_from_scientificName; family_WFO; order_majorGroup_WCVP [2026-03-11] | CoordinateCleaner QA applied without sea test (validity, equal, zeros, capitals, centroids, gbif, institutions) [2026-03-29]","","Colección","J.A.H.G.","N.M.M."
"3178","HEM2025_3178","PreservedSpecimen","Coleccion",NA,"UNICACH","SPECIES","HEM","J.A.H.G.","6","N.M.M.","E","HEM2025",1,"Peperomia tetraphylla",16.3066666666667,-92.9727777777778,"2002-10-02","change1: Filled coordinateUncertaintyInMeters from decimal-place precision (conservative). | epi_taxo: acceptedName(match1); authorship_epig(match1); genus_from_scientificName; family_WFO; order_majorGroup_WCVP [2026-03-11] | CoordinateCleaner QA applied without sea test (validity, equal, zeros, capitals, centroids, gbif, institutions) [2026-03-29]","","Colección","J.A.H.G.","N.M.M."
"3179","HEM2025_3179","PreservedSpecimen","Coleccion",NA,"UNICACH","SPECIES","HEM","N.M.M.","743","N.M.M.","E","HEM2025",1,"Peperomia tetraphylla",15.9002777777778,-93.2411111111111,"2005-03-31","change1: Filled coordinateUncertaintyInMeters from decimal-place precision (conservative). | epi_taxo: acceptedName(match1); authorship_epig(match1); genus_from_scientificName; family_WFO; order_majorGroup_WCVP [2026-03-11] | CoordinateCleaner QA applied without sea test (validity, equal, zeros, capitals, centroids, gbif, institutions) [2026-03-29]","","Colección","N.M.M.","N.M.M."
"3180","HEM2025_3180","PreservedSpecimen","Coleccion",NA,"UNICACH","SPECIES","HEM","N.M.M. | M.M.M. | R.V.H.","3146","N.M.M.","NV","HEM2025",2,"Peperomia hispidula",15.1036666666667,-92.1015277777778,"2014-09-23","change1: Filled coordinateUncertaintyInMeters from decimal-place precision (conservative). | epi_taxo: acceptedName(match1); authorship_epig(match1); genus_from_scientificName; family_WFO; order_majorGroup_WCVP [2026-03-11] | CoordinateCleaner QA applied without sea test (validity, equal, zeros, capitals, centroids, gbif, institutions) [2026-03-29]","standardized authors names in recordedBy","Colección","N.M.M. & M.M.M. & R.V.H.","N.M.M."
"3181","HEM2025_3181","PreservedSpecimen","Coleccion",NA,"UNICACH","SPECIES","HEM","M.M.M. | M.C.R.M.","5323","N.M.M.","NV","HEM2025",3,"Peperomia acuminata",15.0847222222222,-92.175,"2014-09-22","change1: Filled coordinateUncertaintyInMeters from decimal-place precision (conservative). | epi_taxo: acceptedName(match1); authorship_epig(match1); genus_from_scientificName; family_WFO; order_majorGroup_WCVP [2026-03-11] | CoordinateCleaner QA applied without sea test (validity, equal, zeros, capitals, centroids, gbif, institutions) [2026-03-29]","standardized authors names in recordedBy","Colección","M.M.M. & M.C.R.M.","N.M.M."
"3182","HEM2025_3182","PreservedSpecimen","Coleccion",NA,"UNICACH","SPECIES","HEM","M.M.M. | M.C.R.M.","3853","N.M.M.","NV","HEM2025",3,"Peperomia clusiifolia",15.1434722222222,-92.1468888888889,"2014-01-31","change1: Filled coordinateUncertaintyInMeters from decimal-place precision (conservative). | epi_taxo: acceptedName(match1); authorship_epig(match1); genus_from_scientificName; family_WFO; order_majorGroup_WCVP [2026-03-11] | CoordinateCleaner QA applied without sea test (validity, equal, zeros, capitals, centroids, gbif, institutions) [2026-03-29]","standardized authors names in recordedBy","Colección","M.M.M. & M.C.R.M.","N.M.M."
"3183","HEM2025_3183","PreservedSpecimen","Coleccion",NA,"UNICACH","SPECIES","HEM","M.M.M. | D.A.J.L.","3120","N.M.M.","E","HEM2025",1,"Grammitis cultrata",15.1463055555556,-92.1368888888889,"2013-12-11","change1: Filled coordinateUncertaintyInMeters from decimal-place precision (conservative). | epi_taxo: acceptedName(match1); authorship_epig(match1); genus_from_scientificName; family_WFO; order_majorGroup_WCVP [2026-03-11] | CoordinateCleaner QA applied without sea test (validity, equal, zeros, capitals, centroids, gbif, institutions) [2026-03-29]","standardized authors names in recordedBy","Colección","M.M.M. & D.A.J.L.","N.M.M."
"3184","HEM2025_3184","PreservedSpecimen","Coleccion",NA,"UNICACH","SPECIES","HEM","M.M.M. | M.C.R.M.","3068","N.M.M.","E","HEM2025",1,"Grammitis elastica",15.1463055555556,-92.1368888888889,"2013-12-11","change1: Filled coordinateUncertaintyInMeters from decimal-place precision (conservative). | epi_taxo: acceptedName(match1); authorship_epig(match1); genus_from_scientificName; family_WFO; order_majorGroup_WCVP [2026-03-11] | CoordinateCleaner QA applied without sea test (validity, equal, zeros, capitals, centroids, gbif, institutions) [2026-03-29]","standardized authors names in recordedBy","Colección","M.M.M. & M.C.R.M.","N.M.M."
"3185","HEM2025_3185","PreservedSpecimen","Coleccion",NA,"UNICACH","SPECIES","HEM","M.M.M. | D.A.J.L.","3231","Perez-Farrera, M.A.","E","HEM2025",1,"Grammitis elastica",15.1439444444444,-92.1372777777778,"2013-12-13","change1: Filled coordinateUncertaintyInMeters from decimal-place precision (conservative). | epi_taxo: acceptedName(match1); authorship_epig(match1); genus_from_scientificName; family_WFO; order_majorGroup_WCVP [2026-03-11] | CoordinateCleaner QA applied without sea test (validity, equal, zeros, capitals, centroids, gbif, institutions) [2026-03-29]","standardized authors names in recordedBy / standardized authors names in identifiedBy","Colección","M.M.M. & D.A.J.L.","M.A. Pérez-Farrera"
"3186","HEM2025_3186","PreservedSpecimen","Coleccion",NA,"UNICACH","SPECIES","HEM","M.M.M. | D.A.J.L.","3263","N.M.M.","E","HEM2025",1,"Grammitis elastica",15.1383333333333,-92.1394444444445,"2013-12-14","change1: Filled coordinateUncertaintyInMeters from decimal-place precision (conservative). | epi_taxo: acceptedName(match1); authorship_epig(match1); genus_from_scientificName; family_WFO; order_majorGroup_WCVP [2026-03-11] | CoordinateCleaner QA applied without sea test (validity, equal, zeros, capitals, centroids, gbif, institutions) [2026-03-29]","standardized authors names in recordedBy","Colección","M.M.M. & D.A.J.L.","N.M.M."
"3187","HEM2025_3187","PreservedSpecimen","Coleccion",NA,"UNICACH","SPECIES","HEM","T.A.S.","205","T.A.S.","E","HEM2025",1,"Campyloneurum amphostenon",16.7458333333333,-92.6961111111111,"1989-03-04","change1: Filled coordinateUncertaintyInMeters from decimal-place precision (conservative). | epi_taxo: acceptedName(match1); authorship_epig(match1); genus_from_scientificName; family_WFO; order_majorGroup_WCVP [2026-03-11] | CoordinateCleaner QA applied without sea test (validity, equal, zeros, capitals, centroids, gbif, institutions) [2026-03-29]","","Colección","T.A.S.","T.A.S."
"3188","HEM2025_3188","PreservedSpecimen","Coleccion",NA,"UNICACH","SPECIES","HEM","M.E.L.M.","85","B.P.G.","E","HEM2025",1,"Campyloneurum amphostenon",15.6333333333333,-92.8333333333333,"1998-02-24","change1: Filled coordinateUncertaintyInMeters from decimal-place precision (conservative). | epi_taxo: acceptedName(match1); authorship_epig(match1); genus_from_scientificName; family_WFO; order_majorGroup_WCVP [2026-03-11] | CoordinateCleaner QA applied without sea test (validity, equal, zeros, capitals, centroids, gbif, institutions) [2026-03-29]","","Colección","M.E.L.M.","B.P.G."
"3189","HEM2025_3189","PreservedSpecimen","Coleccion",NA,"UNICACH","SPECIES","HEM","R.R.S.","614","R.R.S.","E","HEM2025",1,"Campyloneurum amphostenon",15.5490833333333,-92.6077222222222,"2005-08-06","change1: Filled coordinateUncertaintyInMeters from decimal-place precision (conservative). | epi_taxo: acceptedName(match1); authorship_epig(match1); genus_from_scientificName; family_WFO; order_majorGroup_WCVP [2026-03-11] | CoordinateCleaner QA applied without sea test (validity, equal, zeros, capitals, centroids, gbif, institutions) [2026-03-29]","","Colección","R.R.S.","R.R.S."
"3190","HEM2025_3190","PreservedSpecimen","Coleccion",NA,"UNICACH","SPECIES","HEM","T.A.S.","186","T.A.S.","E","HEM2025",1,"Campyloneurum amphostenon",16.7127777777778,-92.8433333333333,"1989-03-04","change1: Filled coordinateUncertaintyInMeters from decimal-place precision (conservative). | epi_taxo: acceptedName(match1); authorship_epig(match1); genus_from_scientificName; family_WFO; order_majorGroup_WCVP [2026-03-11] | CoordinateCleaner QA applied without sea test (validity, equal, zeros, capitals, centroids, gbif, institutions) [2026-03-29]","","Colección","T.A.S.","T.A.S."
"3191","HEM2025_3191","PreservedSpecimen","Coleccion",NA,"UNICACH","SPECIES","HEM","G.G.V.","46","G.G.V. | Perez-Farrera, M.A.","E","HEM2025",1,"Campyloneurum amphostenon",16.7458333333333,-92.6961111111111,"2005-05-02","change1: Filled coordinateUncertaintyInMeters from decimal-place precision (conservative). | epi_taxo: acceptedName(match1); authorship_epig(match1); genus_from_scientificName; family_WFO; order_majorGroup_WCVP [2026-03-11] | CoordinateCleaner QA applied without sea test (validity, equal, zeros, capitals, centroids, gbif, institutions) [2026-03-29]","standardized authors names in identifiedBy","Colección","G.G.V.","G.G.V. & M.A. Pérez-Farrera"
"3192","HEM2025_3192","PreservedSpecimen","Coleccion",NA,"UNICACH","SPECIES","HEM","G.G.V.","88","G.G.V. | Perez-Farrera, M.A.","E","HEM2025",1,"Campyloneurum amphostenon",16.7458333333333,-92.6961111111111,"2005-05-02","change1: Filled coordinateUncertaintyInMeters from decimal-place precision (conservative). | epi_taxo: acceptedName(match1); authorship_epig(match1); genus_from_scientificName; family_WFO; order_majorGroup_WCVP [2026-03-11] | CoordinateCleaner QA applied without sea test (validity, equal, zeros, capitals, centroids, gbif, institutions) [2026-03-29]","standardized authors names in identifiedBy","Colección","G.G.V.","G.G.V. & M.A. Pérez-Farrera"
"3193","HEM2025_3193","PreservedSpecimen","Coleccion",NA,"UNICACH","SPECIES","HEM","T.A.S.","205","T.A.S.","E","HEM2025",1,"Campyloneurum amphostenon",16.7458333333333,-92.6961111111111,"1989-03-04","change1: Filled coordinateUncertaintyInMeters from decimal-place precision (conservative). | epi_taxo: acceptedName(match1); authorship_epig(match1); genus_from_scientificName; family_WFO; order_majorGroup_WCVP [2026-03-11] | CoordinateCleaner QA applied without sea test (validity, equal, zeros, capitals, centroids, gbif, institutions) [2026-03-29]","","Colección","T.A.S.","T.A.S."
"3194","HEM2025_3194","PreservedSpecimen","Coleccion",NA,"UNICACH","SPECIES","HEM","J.A.J.F.","17-bis","D.O.C.O.","E","HEM2025",1,"Campyloneurum amphostenon",16.7625,-92.7197222222222,"","change1: Filled coordinateUncertaintyInMeters from decimal-place precision (conservative). | epi_taxo: acceptedName(match1); authorship_epig(match1); genus_from_scientificName; family_WFO; order_majorGroup_WCVP [2026-03-11] | CoordinateCleaner QA applied without sea test (validity, equal, zeros, capitals, centroids, gbif, institutions) [2026-03-29]","","Colección","J.A.J.F.","D.O.C.O."
"3195","HEM2025_3195","PreservedSpecimen","Coleccion",NA,"UNICACH","SPECIES","HEM","J.A.J.F.","17-bis","D.O.C.O.","E","HEM2025",1,"Campyloneurum amphostenon",16.7625,-92.7197222222222,"","change1: Filled coordinateUncertaintyInMeters from decimal-place precision (conservative). | epi_taxo: acceptedName(match1); authorship_epig(match1); genus_from_scientificName; family_WFO; order_majorGroup_WCVP [2026-03-11] | CoordinateCleaner QA applied without sea test (validity, equal, zeros, capitals, centroids, gbif, institutions) [2026-03-29]","","Colección","J.A.J.F.","D.O.C.O."
"3196","HEM2025_3196","PreservedSpecimen","Coleccion",NA,"UNICACH","SPECIES","HEM","M.L.M.J.","12","E.V.M.","E","HEM2025",1,"Campyloneurum amphostenon",16.8791666666667,-93.4566666666667,"2002-09-14","change1: Filled coordinateUncertaintyInMeters from decimal-place precision (conservative). | epi_taxo: acceptedName(match1); authorship_epig(match1); genus_from_scientificName; family_WFO; order_majorGroup_WCVP [2026-03-11] | CoordinateCleaner QA applied without sea test (validity, equal, zeros, capitals, centroids, gbif, institutions) [2026-03-29]","","Colección","M.L.M.J.","E.V.M."
"3197","HEM2025_3197","PreservedSpecimen","Coleccion",NA,"UNICACH","SPECIES","HEM","M.L.M.J.","12","E.V.M.","E","HEM2025",1,"Campyloneurum amphostenon",16.8791666666667,-93.4566666666667,"2002-09-14","change1: Filled coordinateUncertaintyInMeters from decimal-place precision (conservative). | epi_taxo: acceptedName(match1); authorship_epig(match1); genus_from_scientificName; family_WFO; order_majorGroup_WCVP [2026-03-11] | CoordinateCleaner QA applied without sea test (validity, equal, zeros, capitals, centroids, gbif, institutions) [2026-03-29]","","Colección","M.L.M.J.","E.V.M."
"3198","HEM2025_3198","PreservedSpecimen","Coleccion",NA,"UNICACH","SPECIES","HEM","H.P.U.","34","Perez-Farrera, M.A.","E","HEM2025",1,"Campyloneurum amphostenon",16.7127777777778,-92.8433333333333,"1986-09-28","change1: Filled coordinateUncertaintyInMeters from decimal-place precision (conservative). | epi_taxo: acceptedName(match1); authorship_epig(match1); genus_from_scientificName; family_WFO; order_majorGroup_WCVP [2026-03-11] | CoordinateCleaner QA applied without sea test (validity, equal, zeros, capitals, centroids, gbif, institutions) [2026-03-29]","standardized authors names in identifiedBy","Colección","H.P.U.","M.A. Pérez-Farrera"
"3199","HEM2025_3199","PreservedSpecimen","Coleccion",NA,"UNICACH","SPECIES","HEM","M.L.M.J.","19-bis","M.E.L.M.","E","HEM2025",1,"Campyloneurum amphostenon",16.7802777777778,-92.5366666666667,"2002-10-06","change1: Filled coordinateUncertaintyInMeters from decimal-place precision (conservative). | epi_taxo: acceptedName(match1); authorship_epig(match1); genus_from_scientificName; family_WFO; order_majorGroup_WCVP [2026-03-11] | CoordinateCleaner QA applied without sea test (validity, equal, zeros, capitals, centroids, gbif, institutions) [2026-03-29]","","Colección","M.L.M.J.","M.E.L.M."
"3200","HEM2025_3200","PreservedSpecimen","Coleccion",NA,"UNICACH","SPECIES","HEM","J.M.M.","1510","M.E.L.M.","E","HEM2025",1,"Campyloneurum amphostenon",17.1590277777778,-93.1483611111111,"2006-09-20","change1: Filled coordinateUncertaintyInMeters from decimal-place precision (conservative). | epi_taxo: acceptedName(match1); authorship_epig(match1); genus_from_scientificName; family_WFO; order_majorGroup_WCVP [2026-03-11] | CoordinateCleaner QA applied without sea test (validity, equal, zeros, capitals, centroids, gbif, institutions) [2026-03-29]","","Colección","J.M.M.","M.E.L.M."
"3201","HEM2025_3201","PreservedSpecimen","Coleccion",NA,"UNICACH","SPECIES","HEM","H.G.D.","295","Perez-Farrera, M.A.","E","HEM2025",1,"Campyloneurum amphostenon",16.01,-93.3122222222222,"2003-05-02","change1: Filled coordinateUncertaintyInMeters from decimal-place precision (conservative). | epi_taxo: acceptedName(match1); authorship_epig(match1); genus_from_scientificName; family_WFO; order_majorGroup_WCVP [2026-03-11] | CoordinateCleaner QA applied without sea test (validity, equal, zeros, capitals, centroids, gbif, institutions) [2026-03-29]","standardized authors names in identifiedBy","Colección","H.G.D.","M.A. Pérez-Farrera"
"3202","HEM2025_3202","PreservedSpecimen","Coleccion",NA,"UNICACH","SPECIES","HEM","M.M.M. | M.D.E.M.","636","Perez-Farrera, M.A.","E","HEM2025",1,"Campyloneurum amphostenon",15.2559166666667,-92.2205,"2013-02-07","change1: Filled coordinateUncertaintyInMeters from decimal-place precision (conservative). | epi_taxo: acceptedName(match1); authorship_epig(match1); genus_from_scientificName; family_WFO; order_majorGroup_WCVP [2026-03-11] | CoordinateCleaner QA applied without sea test (validity, equal, zeros, capitals, centroids, gbif, institutions) [2026-03-29]","standardized authors names in recordedBy / standardized authors names in identifiedBy","Colección","M.M.M. & M.D.E.M.","M.A. Pérez-Farrera"
"3203","HEM2025_3203","PreservedSpecimen","Coleccion",NA,"UNICACH","SPECIES","HEM","M.M.M. | Camilo, R.M.","1128","N.M.M. | J.M.M.","E","HEM2025",1,"Campyloneurum amphostenon",15.1126388888889,-92.0980555555555,"2013-04-04","change1: Filled coordinateUncertaintyInMeters from decimal-place precision (conservative). | epi_taxo: acceptedName(match1); authorship_epig(match1); genus_from_scientificName; family_WFO; order_majorGroup_WCVP [2026-03-11] | CoordinateCleaner QA applied without sea test (validity, equal, zeros, capitals, centroids, gbif, institutions) [2026-03-29]","standardized authors names in recordedBy / standardized authors names in identifiedBy","Colección","M.M.M. & R.M. Camilo","N.M.M. & J.M.M."
"3204","HEM2025_3204","PreservedSpecimen","Coleccion",NA,"UNICACH","SPECIES","HEM","M.M.M. | M.D.E.M.","1263","Perez-Farrera, M.A.","E","HEM2025",1,"Campyloneurum amphostenon",15.08625,-92.0986944444444,"2013-04-27","change1: Filled coordinateUncertaintyInMeters from decimal-place precision (conservative). | epi_taxo: acceptedName(match1); authorship_epig(match1); genus_from_scientificName; family_WFO; order_majorGroup_WCVP [2026-03-11] | CoordinateCleaner QA applied without sea test (validity, equal, zeros, capitals, centroids, gbif, institutions) [2026-03-29]","standardized authors names in recordedBy / standardized authors names in identifiedBy","Colección","M.M.M. & M.D.E.M.","M.A. Pérez-Farrera"
"3205","HEM2025_3205","PreservedSpecimen","Coleccion",NA,"UNICACH","SPECIES","HEM","M.M.M. | M.D.E.M.","1404","Perez-Farrera, M.A.","E","HEM2025",1,"Campyloneurum amphostenon",15.0858333333333,-92.0996111111111,"2013-04-30","change1: Filled coordinateUncertaintyInMeters from decimal-place precision (conservative). | epi_taxo: acceptedName(match1); authorship_epig(match1); genus_from_scientificName; family_WFO; order_majorGroup_WCVP [2026-03-11] | CoordinateCleaner QA applied without sea test (validity, equal, zeros, capitals, centroids, gbif, institutions) [2026-03-29]","standardized authors names in recordedBy / standardized authors names in identifiedBy","Colección","M.M.M. & M.D.E.M.","M.A. Pérez-Farrera"
"3206","HEM2025_3206","PreservedSpecimen","Coleccion",NA,"UNICACH","SPECIES","HEM","M.M.M. | M.D.E.M.","1432","Perez-Farrera, M.A.","E","HEM2025",1,"Campyloneurum amphostenon",15.0858333333333,-92.0996111111111,"2013-04-30","change1: Filled coordinateUncertaintyInMeters from decimal-place precision (conservative). | epi_taxo: acceptedName(match1); authorship_epig(match1); genus_from_scientificName; family_WFO; order_majorGroup_WCVP [2026-03-11] | CoordinateCleaner QA applied without sea test (validity, equal, zeros, capitals, centroids, gbif, institutions) [2026-03-29]","standardized authors names in recordedBy / standardized authors names in identifiedBy","Colección","M.M.M. & M.D.E.M.","M.A. Pérez-Farrera"
"3207","HEM2025_3207","PreservedSpecimen","Coleccion",NA,"UNICACH","SPECIES","HEM","M.M.M. | M.D.E.M.","1616","Perez-Farrera, M.A.","E","HEM2025",1,"Campyloneurum amphostenon",15.0858333333333,-92.0971111111111,"2013-05-23","change1: Filled coordinateUncertaintyInMeters from decimal-place precision (conservative). | epi_taxo: acceptedName(match1); authorship_epig(match1); genus_from_scientificName; family_WFO; order_majorGroup_WCVP [2026-03-11] | CoordinateCleaner QA applied without sea test (validity, equal, zeros, capitals, centroids, gbif, institutions) [2026-03-29]","standardized authors names in recordedBy / standardized authors names in identifiedBy","Colección","M.M.M. & M.D.E.M.","M.A. Pérez-Farrera"
"3208","HEM2025_3208","PreservedSpecimen","Coleccion",NA,"UNICACH","SPECIES","HEM","M.M.M. | M.A.D.V.","1994","Perez-Farrera, M.A.","E","HEM2025",1,"Campyloneurum amphostenon",15.101,-92.0952222222222,"2013-06-27","change1: Filled coordinateUncertaintyInMeters from decimal-place precision (conservative). | epi_taxo: acceptedName(match1); authorship_epig(match1); genus_from_scientificName; family_WFO; order_majorGroup_WCVP [2026-03-11] | CoordinateCleaner QA applied without sea test (validity, equal, zeros, capitals, centroids, gbif, institutions) [2026-03-29]","standardized authors names in recordedBy / standardized authors names in identifiedBy","Colección","M.M.M. & M.A.D.V.","M.A. Pérez-Farrera"
"3209","HEM2025_3209","PreservedSpecimen","Coleccion",NA,"UNICACH","SPECIES","HEM","M.M.M. | M.A.D.V.","2192","N.M.M.","E","HEM2025",1,"Campyloneurum amphostenon",15.0979166666667,-92.0847777777778,"2013-07-02","change1: Filled coordinateUncertaintyInMeters from decimal-place precision (conservative). | epi_taxo: acceptedName(match1); authorship_epig(match1); genus_from_scientificName; family_WFO; order_majorGroup_WCVP [2026-03-11] | CoordinateCleaner QA applied without sea test (validity, equal, zeros, capitals, centroids, gbif, institutions) [2026-03-29]","standardized authors names in recordedBy","Colección","M.M.M. & M.A.D.V.","N.M.M."
"3210","HEM2025_3210","PreservedSpecimen","Coleccion",NA,"UNICACH","SPECIES","HEM","M.M.M. | D.A.J.L.","3212","N.M.M.","E","HEM2025",1,"Campyloneurum amphostenon",15.1439444444444,-92.1372777777778,"2013-12-13","change1: Filled coordinateUncertaintyInMeters from decimal-place precision (conservative). | epi_taxo: acceptedName(match1); authorship_epig(match1); genus_from_scientificName; family_WFO; order_majorGroup_WCVP [2026-03-11] | CoordinateCleaner QA applied without sea test (validity, equal, zeros, capitals, centroids, gbif, institutions) [2026-03-29]","standardized authors names in recordedBy","Colección","M.M.M. & D.A.J.L.","N.M.M."
"3211","HEM2025_3211","PreservedSpecimen","Coleccion",NA,"UNICACH","SPECIES","HEM","M.M.M. | D.A.J.L.","3623","N.M.M.","E","HEM2025",1,"Campyloneurum amphostenon",15.1621666666667,-92.1458611111111,"2014-01-17","change1: Filled coordinateUncertaintyInMeters from decimal-place precision (conservative). | epi_taxo: acceptedName(match1); authorship_epig(match1); genus_from_scientificName; family_WFO; order_majorGroup_WCVP [2026-03-11] | CoordinateCleaner QA applied without sea test (validity, equal, zeros, capitals, centroids, gbif, institutions) [2026-03-29]","standardized authors names in recordedBy","Colección","M.M.M. & D.A.J.L.","N.M.M."
"3212","HEM2025_3212","PreservedSpecimen","Coleccion",NA,"UNICACH","SPECIES","HEM","Camilo, R.M. | M.I.L.R. | N.A.F.R.","2198","Camilo, R.M.","E","HEM2025",1,"Campyloneurum amphostenon",15.1024166666667,-92.1347222222222,"2014-07-04","change1: Filled coordinateUncertaintyInMeters from decimal-place precision (conservative). | epi_taxo: acceptedName(match1); authorship_epig(match1); genus_from_scientificName; family_WFO; order_majorGroup_WCVP [2026-03-11] | CoordinateCleaner QA applied without sea test (validity, equal, zeros, capitals, centroids, gbif, institutions) [2026-03-29]","standardized authors names in recordedBy / standardized authors names in identifiedBy","Colección","R.M. Camilo & M.I.L.R. & N.A.F.R.","R.M. Camilo"
"3213","HEM2025_3213","PreservedSpecimen","Coleccion",NA,"UNICACH","SPECIES","HEM","N.M.M. | M.M.M. | R.V.H.","3122","Perez-Farrera, M.A.","E","HEM2025",1,"Campyloneurum amphostenon",15.1036666666667,-92.1015277777778,"2014-09-23","change1: Filled coordinateUncertaintyInMeters from decimal-place precision (conservative). | epi_taxo: acceptedName(match1); authorship_epig(match1); genus_from_scientificName; family_WFO; order_majorGroup_WCVP [2026-03-11] | CoordinateCleaner QA applied without sea test (validity, equal, zeros, capitals, centroids, gbif, institutions) [2026-03-29]","standardized authors names in recordedBy / standardized authors names in identifiedBy","Colección","N.M.M. & M.M.M. & R.V.H.","M.A. Pérez-Farrera"
"3214","HEM2025_3214","PreservedSpecimen","Coleccion",NA,"UNICACH","SPECIES","HEM","N.M.M. | M.M.M. | R.V.H.","3137","Perez-Farrera, M.A.","E","HEM2025",1,"Campyloneurum amphostenon",15.1036666666667,-92.1015277777778,"2014-09-23","change1: Filled coordinateUncertaintyInMeters from decimal-place precision (conservative). | epi_taxo: acceptedName(match1); authorship_epig(match1); genus_from_scientificName; family_WFO; order_majorGroup_WCVP [2026-03-11] | CoordinateCleaner QA applied without sea test (validity, equal, zeros, capitals, centroids, gbif, institutions) [2026-03-29]","standardized authors names in recordedBy / standardized authors names in identifiedBy","Colección","N.M.M. & M.M.M. & R.V.H.","M.A. Pérez-Farrera"
"3215","HEM2025_3215","PreservedSpecimen","Coleccion",NA,"UNICACH","SPECIES","HEM","M.M.M. | D.A.J.L. | R.J.R.V.","5538","N.M.M.","E","HEM2025",1,"Campyloneurum amphostenon",15.1179722222222,-92.1553333333333,"2015-03-26","change1: Filled coordinateUncertaintyInMeters from decimal-place precision (conservative). | epi_taxo: acceptedName(match1); authorship_epig(match1); genus_from_scientificName; family_WFO; order_majorGroup_WCVP [2026-03-11] | CoordinateCleaner QA applied without sea test (validity, equal, zeros, capitals, centroids, gbif, institutions) [2026-03-29]","standardized authors names in recordedBy","Colección","M.M.M. & D.A.J.L. & R.J.R.V.","N.M.M."
"3216","HEM2025_3216","PreservedSpecimen","Coleccion",NA,"UNICACH","SPECIES","HEM","M.M.M. | S.H.J. | V.E.G.J.","5950","N.M.M.","E","HEM2025",1,"Campyloneurum amphostenon",15.2297777777778,-92.317,"2015-05-30","change1: Filled coordinateUncertaintyInMeters from decimal-place precision (conservative). | epi_taxo: acceptedName(match1); authorship_epig(match1); genus_from_scientificName; family_WFO; order_majorGroup_WCVP [2026-03-11] | CoordinateCleaner QA applied without sea test (validity, equal, zeros, capitals, centroids, gbif, institutions) [2026-03-29]","standardized authors names in recordedBy","Colección","M.M.M. & S.H.J. & V.E.G.J.","N.M.M."
"3217","HEM2025_3217","PreservedSpecimen","Coleccion",NA,"UNICACH","SPECIES","HEM","R.J.C.T.","8","R.R.S. | B.P.G.","E","HEM2025",1,"Campyloneurum amphostenon",16.7775,-92.6608333333333,"2003-03-15","change1: Filled coordinateUncertaintyInMeters from decimal-place precision (conservative). | epi_taxo: acceptedName(match1); authorship_epig(match1); genus_from_scientificName; family_WFO; order_majorGroup_WCVP [2026-03-11] | CoordinateCleaner QA applied without sea test (validity, equal, zeros, capitals, centroids, gbif, institutions) [2026-03-29]","standardized authors names in identifiedBy","Colección","R.J.C.T.","R.R.S. & B.P.G."
"3218","HEM2025_3218","PreservedSpecimen","Coleccion",NA,"UNICACH","SPECIES","HEM","R.J.C.T.","8","R.R.S. | B.P.G.","E","HEM2025",1,"Campyloneurum amphostenon",16.7775,-92.6608333333333,"2003-03-15","change1: Filled coordinateUncertaintyInMeters from decimal-place precision (conservative). | epi_taxo: acceptedName(match1); authorship_epig(match1); genus_from_scientificName; family_WFO; order_majorGroup_WCVP [2026-03-11] | CoordinateCleaner QA applied without sea test (validity, equal, zeros, capitals, centroids, gbif, institutions) [2026-03-29]","standardized authors names in identifiedBy","Colección","R.J.C.T.","R.R.S. & B.P.G."
"3219","HEM2025_3219","PreservedSpecimen","Coleccion",NA,"UNICACH","SPECIES","HEM","M.L.M.J.","19","E.V.M.","E","HEM2025",1,"Campyloneurum amphostenon",16.7802777777778,-92.5366666666667,"2002-10-06","change1: Filled coordinateUncertaintyInMeters from decimal-place precision (conservative). | epi_taxo: acceptedName(match1); authorship_epig(match1); genus_from_scientificName; family_WFO; order_majorGroup_WCVP [2026-03-11] | CoordinateCleaner QA applied without sea test (validity, equal, zeros, capitals, centroids, gbif, institutions) [2026-03-29]","","Colección","M.L.M.J.","E.V.M."
"3220","HEM2025_3220","PreservedSpecimen","Coleccion",NA,"UNICACH","SPECIES","HEM","R.V.S.C.","8","Perez-Farrera, M.A.","E","HEM2025",1,"Campyloneurum amphostenon",16.67,-92.5325,"1997-12-02","change1: Filled coordinateUncertaintyInMeters from decimal-place precision (conservative). | epi_taxo: acceptedName(match1); authorship_epig(match1); genus_from_scientificName; family_WFO; order_majorGroup_WCVP [2026-03-11] | CoordinateCleaner QA applied without sea test (validity, equal, zeros, capitals, centroids, gbif, institutions) [2026-03-29]","standardized authors names in identifiedBy","Colección","R.V.S.C.","M.A. Pérez-Farrera"
"3221","HEM2025_3221","PreservedSpecimen","Coleccion",NA,"UNICACH","SPECIES","HEM","R.V.S.C.","8","Perez-Farrera, M.A.","E","HEM2025",1,"Campyloneurum amphostenon",16.67,-92.5325,"1997-12-02","change1: Filled coordinateUncertaintyInMeters from decimal-place precision (conservative). | epi_taxo: acceptedName(match1); authorship_epig(match1); genus_from_scientificName; family_WFO; order_majorGroup_WCVP [2026-03-11] | CoordinateCleaner QA applied without sea test (validity, equal, zeros, capitals, centroids, gbif, institutions) [2026-03-29]","standardized authors names in identifiedBy","Colección","R.V.S.C.","M.A. Pérez-Farrera"
"3222","HEM2025_3222","PreservedSpecimen","Coleccion",NA,"UNICACH","SPECIES","HEM","G.L.V.","39","G.L.V.","E","HEM2025",1,"Campyloneurum angustifolium",15.0863888888889,-92.0905555555556,"2005-06-22","change1: Filled coordinateUncertaintyInMeters from decimal-place precision (conservative). | epi_taxo: acceptedName(match1); authorship_epig(match1); genus_from_scientificName; family_WFO; order_majorGroup_WCVP [2026-03-11] | CoordinateCleaner QA applied without sea test (validity, equal, zeros, capitals, centroids, gbif, institutions) [2026-03-29]","","Colección","G.L.V.","G.L.V."
"3223","HEM2025_3223","PreservedSpecimen","Coleccion",NA,"UNICACH","SPECIES","HEM","T.B.C.","47205","ND","E","HEM2025",1,"Campyloneurum angustifolium",15.0522222222222,-92.1188888888889,"1979-02-10","change1: Filled coordinateUncertaintyInMeters from decimal-place precision (conservative). | epi_taxo: acceptedName(match1); authorship_epig(match1); genus_from_scientificName; family_WFO; order_majorGroup_WCVP [2026-03-11] | CoordinateCleaner QA applied without sea test (validity, equal, zeros, capitals, centroids, gbif, institutions) [2026-03-29]","","Colección","T.B.C.","ND"
"3224","HEM2025_3224","PreservedSpecimen","Coleccion",NA,"UNICACH","SPECIES","HEM","E.A.L.E.","4","E.A.L.E.","E","HEM2025",1,"Campyloneurum angustifolium",15.0625,-92.0844444444444,"2011-09-23","change1: Filled coordinateUncertaintyInMeters from decimal-place precision (conservative). | epi_taxo: acceptedName(match1); authorship_epig(match1); genus_from_scientificName; family_WFO; order_majorGroup_WCVP [2026-03-11] | CoordinateCleaner QA applied without sea test (validity, equal, zeros, capitals, centroids, gbif, institutions) [2026-03-29]","","Colección","E.A.L.E.","E.A.L.E."
"3225","HEM2025_3225","PreservedSpecimen","Coleccion",NA,"UNICACH","SPECIES","HEM","Najarro, F.H. | U.G.M.","917","Perez-Farrera, M.A.","E","HEM2025",1,"Campyloneurum angustifolium",16.0008333333333,-93.4069444444444,"2002-06-29","change1: Filled coordinateUncertaintyInMeters from decimal-place precision (conservative). | epi_taxo: acceptedName(match1); authorship_epig(match1); genus_from_scientificName; family_WFO; order_majorGroup_WCVP [2026-03-11] | CoordinateCleaner QA applied without sea test (validity, equal, zeros, capitals, centroids, gbif, institutions) [2026-03-29]","standardized authors names in recordedBy / standardized authors names in identifiedBy","Colección","F.H. Najarro & U.G.M.","M.A. Pérez-Farrera"
"3226","HEM2025_3226","PreservedSpecimen","Coleccion",NA,"UNICACH","SPECIES","HEM","M.E.L.M.","5-bis","Riba, R.","E","HEM2025",1,"Campyloneurum angustifolium",15.8530555555556,-93.1511111111111,"1998-01-22","change1: Filled coordinateUncertaintyInMeters from decimal-place precision (conservative). | epi_taxo: acceptedName(match1); authorship_epig(match1); genus_from_scientificName; family_WFO; order_majorGroup_WCVP [2026-03-11] | CoordinateCleaner QA applied without sea test (validity, equal, zeros, capitals, centroids, gbif, institutions) [2026-03-29]","standardized authors names in identifiedBy","Colección","M.E.L.M.","R. Riba"
"3227","HEM2025_3227","PreservedSpecimen","Coleccion",NA,"UNICACH","SPECIES","HEM","T.A.S.","145","T.A.S.","E","HEM2025",1,"Campyloneurum angustifolium",16.7458333333333,-92.6961111111111,"1988-08-13","change1: Filled coordinateUncertaintyInMeters from decimal-place precision (conservative). | epi_taxo: acceptedName(match1); authorship_epig(match1); genus_from_scientificName; family_WFO; order_majorGroup_WCVP [2026-03-11] | CoordinateCleaner QA applied without sea test (validity, equal, zeros, capitals, centroids, gbif, institutions) [2026-03-29]","","Colección","T.A.S.","T.A.S."
"3228","HEM2025_3228","PreservedSpecimen","Coleccion",NA,"UNICACH","SPECIES","HEM","M.D.R.S.","335","R.R.S.","E","HEM2025",1,"Campyloneurum angustifolium",15.5976388888889,-92.6570277777778,"2005-07-22","change1: Filled coordinateUncertaintyInMeters from decimal-place precision (conservative). | epi_taxo: acceptedName(match1); authorship_epig(match1); genus_from_scientificName; family_WFO; order_majorGroup_WCVP [2026-03-11] | CoordinateCleaner QA applied without sea test (validity, equal, zeros, capitals, centroids, gbif, institutions) [2026-03-29]","","Colección","M.D.R.S.","R.R.S."
"3229","HEM2025_3229","PreservedSpecimen","Coleccion",NA,"UNICACH","SPECIES","HEM","N.M.M.","1083","Perez-Farrera, M.A.","E","HEM2025",1,"Campyloneurum angustifolium",15.4593333333333,-92.6576111111111,"2005-07-23","change1: Filled coordinateUncertaintyInMeters from decimal-place precision (conservative). | epi_taxo: acceptedName(match1); authorship_epig(match1); genus_from_scientificName; family_WFO; order_majorGroup_WCVP [2026-03-11] | CoordinateCleaner QA applied without sea test (validity, equal, zeros, capitals, centroids, gbif, institutions) [2026-03-29]","standardized authors names in identifiedBy","Colección","N.M.M.","M.A. Pérez-Farrera"
"3230","HEM2025_3230","PreservedSpecimen","Coleccion",NA,"UNICACH","SPECIES","HEM","Perez-Farrera, M.A.","2162","M.E.L.M.","E","HEM2025",1,"Campyloneurum angustifolium",15.8544444444444,-93.1508333333333,"2000-01-13","change1: Filled coordinateUncertaintyInMeters from decimal-place precision (conservative). | epi_taxo: acceptedName(match1); authorship_epig(match1); genus_from_scientificName; family_WFO; order_majorGroup_WCVP [2026-03-11] | CoordinateCleaner QA applied without sea test (validity, equal, zeros, capitals, centroids, gbif, institutions) [2026-03-29]","standardized authors names in recordedBy","Colección","M.A. Pérez-Farrera","M.E.L.M."
"3231","HEM2025_3231","PreservedSpecimen","Coleccion",NA,"UNICACH","SPECIES","HEM","Perez-Farrera, M.A.","2162","Perez-Farrera, M.A.","E","HEM2025",1,"Campyloneurum angustifolium",15.8544444444444,-93.1508333333333,"2000-01-12","change1: Filled coordinateUncertaintyInMeters from decimal-place precision (conservative). | epi_taxo: acceptedName(match1); authorship_epig(match1); genus_from_scientificName; family_WFO; order_majorGroup_WCVP [2026-03-11] | CoordinateCleaner QA applied without sea test (validity, equal, zeros, capitals, centroids, gbif, institutions) [2026-03-29]","standardized authors names in recordedBy / standardized authors names in identifiedBy","Colección","M.A. Pérez-Farrera","M.A. Pérez-Farrera"
"3232","HEM2025_3232","PreservedSpecimen","Coleccion",NA,"UNICACH","SPECIES","HEM","R.V.S.C.","8-bis","Perez-Farrera, M.A.","E","HEM2025",1,"Campyloneurum angustifolium",16.67,-92.5325,"1997-12-02","change1: Filled coordinateUncertaintyInMeters from decimal-place precision (conservative). | epi_taxo: acceptedName(match1); authorship_epig(match1); genus_from_scientificName; family_WFO; order_majorGroup_WCVP [2026-03-11] | CoordinateCleaner QA applied without sea test (validity, equal, zeros, capitals, centroids, gbif, institutions) [2026-03-29]","standardized authors names in identifiedBy","Colección","R.V.S.C.","M.A. Pérez-Farrera"
"3233","HEM2025_3233","PreservedSpecimen","Coleccion",NA,"UNICACH","SPECIES","HEM","R.V.S.C.","8-bis","Perez-Farrera, M.A.","E","HEM2025",1,"Campyloneurum angustifolium",16.67,-92.5325,"1997-12-02","change1: Filled coordinateUncertaintyInMeters from decimal-place precision (conservative). | epi_taxo: acceptedName(match1); authorship_epig(match1); genus_from_scientificName; family_WFO; order_majorGroup_WCVP [2026-03-11] | CoordinateCleaner QA applied without sea test (validity, equal, zeros, capitals, centroids, gbif, institutions) [2026-03-29]","standardized authors names in identifiedBy","Colección","R.V.S.C.","M.A. Pérez-Farrera"
"3234","HEM2025_3234","PreservedSpecimen","Coleccion",NA,"UNICACH","SPECIES","HEM","M.E.P.N.","2","J.B.Z.","E","HEM2025",1,"Campyloneurum angustifolium",16.0791666666667,-91.6708333333333,"2003-08-04","change1: Filled coordinateUncertaintyInMeters from decimal-place precision (conservative). | epi_taxo: acceptedName(match1); authorship_epig(match1); genus_from_scientificName; family_WFO; order_majorGroup_WCVP [2026-03-11] | CoordinateCleaner QA applied without sea test (validity, equal, zeros, capitals, centroids, gbif, institutions) [2026-03-29]","","Colección","M.E.P.N.","J.B.Z."
"3235","HEM2025_3235","PreservedSpecimen","Coleccion",NA,"UNICACH","SPECIES","HEM","G.G.V.","76","G.G.V. | Perez-Farrera, M.A.","E","HEM2025",1,"Campyloneurum angustifolium",16.7458333333333,-92.6961111111111,"2005-05-02","change1: Filled coordinateUncertaintyInMeters from decimal-place precision (conservative). | epi_taxo: acceptedName(match1); authorship_epig(match1); genus_from_scientificName; family_WFO; order_majorGroup_WCVP [2026-03-11] | CoordinateCleaner QA applied without sea test (validity, equal, zeros, capitals, centroids, gbif, institutions) [2026-03-29]","standardized authors names in identifiedBy","Colección","G.G.V.","G.G.V. & M.A. Pérez-Farrera"
"3236","HEM2025_3236","PreservedSpecimen","Coleccion",NA,"UNICACH","SPECIES","HEM","P.C. | V.M.","5-bis","Perez-Farrera, M.A.","E","HEM2025",1,"Campyloneurum angustifolium",15.6805555555556,-92.5958333333333,"1998-06-23","change1: Filled coordinateUncertaintyInMeters from decimal-place precision (conservative). | epi_taxo: acceptedName(match1); authorship_epig(match1); genus_from_scientificName; family_WFO; order_majorGroup_WCVP [2026-03-11] | CoordinateCleaner QA applied without sea test (validity, equal, zeros, capitals, centroids, gbif, institutions) [2026-03-29]","standardized authors names in recordedBy / standardized authors names in identifiedBy","Colección","P.C. & V.M.","M.A. Pérez-Farrera"
"3237","HEM2025_3237","PreservedSpecimen","Coleccion",NA,"UNICACH","SPECIES","HEM","Najarro, F.H. | M N.M.G. | U.G.M.","917a","Perez-Farrera, M.A.","E","HEM2025",1,"Campyloneurum angustifolium",15.9708333333333,-93.4772222222222,"2002-06-29","change1: Filled coordinateUncertaintyInMeters from decimal-place precision (conservative). | epi_taxo: acceptedName(match1); authorship_epig(match1); genus_from_scientificName; family_WFO; order_majorGroup_WCVP [2026-03-11] | CoordinateCleaner QA applied without sea test (validity, equal, zeros, capitals, centroids, gbif, institutions) [2026-03-29]","standardized authors names in recordedBy / standardized authors names in identifiedBy","Colección","F.H. Najarro & M N.M.G. & U.G.M.","M.A. Pérez-Farrera"
"3238","HEM2025_3238","PreservedSpecimen","Coleccion",NA,"UNICACH","SPECIES","HEM","P.C. | V.M.","17","Perez-Farrera, M.A.","E","HEM2025",1,"Campyloneurum angustifolium",15.6055555555556,-92.5652777777778,"1998-08-21","change1: Filled coordinateUncertaintyInMeters from decimal-place precision (conservative). | epi_taxo: acceptedName(match1); authorship_epig(match1); genus_from_scientificName; family_WFO; order_majorGroup_WCVP [2026-03-11] | CoordinateCleaner QA applied without sea test (validity, equal, zeros, capitals, centroids, gbif, institutions) [2026-03-29]","standardized authors names in recordedBy / standardized authors names in identifiedBy","Colección","P.C. & V.M.","M.A. Pérez-Farrera"
"3239","HEM2025_3239","PreservedSpecimen","Coleccion",NA,"UNICACH","SPECIES","HEM","P.C. | V.M.","17","Perez-Farrera, M.A.","E","HEM2025",1,"Campyloneurum angustifolium",15.6055555555556,-92.5652777777778,"1998-08-21","change1: Filled coordinateUncertaintyInMeters from decimal-place precision (conservative). | epi_taxo: acceptedName(match1); authorship_epig(match1); genus_from_scientificName; family_WFO; order_majorGroup_WCVP [2026-03-11] | CoordinateCleaner QA applied without sea test (validity, equal, zeros, capitals, centroids, gbif, institutions) [2026-03-29]","standardized authors names in recordedBy / standardized authors names in identifiedBy","Colección","P.C. & V.M.","M.A. Pérez-Farrera"
"3240","HEM2025_3240","PreservedSpecimen","Coleccion",NA,"UNICACH","SPECIES","HEM","H.P.U.","31","Perez-Farrera, M.A.","E","HEM2025",1,"Campyloneurum angustifolium",17.1725,-92.3194444444444,"1986-08-31","change1: Filled coordinateUncertaintyInMeters from decimal-place precision (conservative). | epi_taxo: acceptedName(match1); authorship_epig(match1); genus_from_scientificName; family_WFO; order_majorGroup_WCVP [2026-03-11] | CoordinateCleaner QA applied without sea test (validity, equal, zeros, capitals, centroids, gbif, institutions) [2026-03-29]","standardized authors names in identifiedBy","Colección","H.P.U.","M.A. Pérez-Farrera"
"3241","HEM2025_3241","PreservedSpecimen","Coleccion",NA,"UNICACH","SPECIES","HEM","J.M.P.P.","18","M.E.L.M.","E","HEM2025",1,"Campyloneurum angustifolium",17.1905555555556,-93.1027777777778,"2002-10-18","change1: Filled coordinateUncertaintyInMeters from decimal-place precision (conservative). | epi_taxo: acceptedName(match1); authorship_epig(match1); genus_from_scientificName; family_WFO; order_majorGroup_WCVP [2026-03-11] | CoordinateCleaner QA applied without sea test (validity, equal, zeros, capitals, centroids, gbif, institutions) [2026-03-29]","","Colección","J.M.P.P.","M.E.L.M."
"3242","HEM2025_3242","PreservedSpecimen","Coleccion",NA,"UNICACH","SPECIES","HEM","P.C. | V.M.","39","Perez-Farrera, M.A.","E","HEM2025",1,"Campyloneurum angustifolium",15.5708333333333,-92.5347222222222,"1998-10-11","change1: Filled coordinateUncertaintyInMeters from decimal-place precision (conservative). | epi_taxo: acceptedName(match1); authorship_epig(match1); genus_from_scientificName; family_WFO; order_majorGroup_WCVP [2026-03-11] | CoordinateCleaner QA applied without sea test (validity, equal, zeros, capitals, centroids, gbif, institutions) [2026-03-29]","standardized authors names in recordedBy / standardized authors names in identifiedBy","Colección","P.C. & V.M.","M.A. Pérez-Farrera"
"3243","HEM2025_3243","PreservedSpecimen","Coleccion",NA,"UNICACH","SPECIES","HEM","P.C. | V.M.","39","Perez-Farrera, M.A.","E","HEM2025",1,"Campyloneurum angustifolium",15.5708333333333,-92.5347222222222,"1998-10-11","change1: Filled coordinateUncertaintyInMeters from decimal-place precision (conservative). | epi_taxo: acceptedName(match1); authorship_epig(match1); genus_from_scientificName; family_WFO; order_majorGroup_WCVP [2026-03-11] | CoordinateCleaner QA applied without sea test (validity, equal, zeros, capitals, centroids, gbif, institutions) [2026-03-29]","standardized authors names in recordedBy / standardized authors names in identifiedBy","Colección","P.C. & V.M.","M.A. Pérez-Farrera"
"3244","HEM2025_3244","PreservedSpecimen","Coleccion",NA,"UNICACH","SPECIES","HEM","P.C. | V.M.","1","Perez-Farrera, M.A.","E","HEM2025",1,"Campyloneurum angustifolium",15.6805555555556,-92.5958333333333,"1998-06-23","change1: Filled coordinateUncertaintyInMeters from decimal-place precision (conservative). | epi_taxo: acceptedName(match1); authorship_epig(match1); genus_from_scientificName; family_WFO; order_majorGroup_WCVP [2026-03-11] | CoordinateCleaner QA applied without sea test (validity, equal, zeros, capitals, centroids, gbif, institutions) [2026-03-29]","standardized authors names in recordedBy / standardized authors names in identifiedBy","Colección","P.C. & V.M.","M.A. Pérez-Farrera"
"3245","HEM2025_3245","PreservedSpecimen","Coleccion",NA,"UNICACH","SPECIES","HEM","Camilo, R.M.","160","Perez-Farrera, M.A.","E","HEM2025",1,"Campyloneurum angustifolium",15.7205555555556,-92.9377777777778,"2001-07-30","change1: Filled coordinateUncertaintyInMeters from decimal-place precision (conservative). | epi_taxo: acceptedName(match1); authorship_epig(match1); genus_from_scientificName; family_WFO; order_majorGroup_WCVP [2026-03-11] | CoordinateCleaner QA applied without sea test (validity, equal, zeros, capitals, centroids, gbif, institutions) [2026-03-29]","standardized authors names in recordedBy / standardized authors names in identifiedBy","Colección","R.M. Camilo","M.A. Pérez-Farrera"
"3246","HEM2025_3246","PreservedSpecimen","Coleccion",NA,"UNICACH","SPECIES","HEM","E.M.L.","248","Perez-Farrera, M.A.","E","HEM2025",1,"Campyloneurum angustifolium",16.0130555555556,-93.4713888888889,"2002-08-22","change1: Filled coordinateUncertaintyInMeters from decimal-place precision (conservative). | epi_taxo: acceptedName(match1); authorship_epig(match1); genus_from_scientificName; family_WFO; order_majorGroup_WCVP [2026-03-11] | CoordinateCleaner QA applied without sea test (validity, equal, zeros, capitals, centroids, gbif, institutions) [2026-03-29]","standardized authors names in identifiedBy","Colección","E.M.L.","M.A. Pérez-Farrera"
"3247","HEM2025_3247","PreservedSpecimen","Coleccion",NA,"UNICACH","SPECIES","HEM","J.P.V.H.","360","Perez-Farrera, M.A.","E","HEM2025",1,"Campyloneurum angustifolium",16.0569444444444,-93.3627777777778,"2003-08-06","change1: Filled coordinateUncertaintyInMeters from decimal-place precision (conservative). | epi_taxo: acceptedName(match1); authorship_epig(match1); genus_from_scientificName; family_WFO; order_majorGroup_WCVP [2026-03-11] | CoordinateCleaner QA applied without sea test (validity, equal, zeros, capitals, centroids, gbif, institutions) [2026-03-29]","standardized authors names in identifiedBy","Colección","J.P.V.H.","M.A. Pérez-Farrera"
"3248","HEM2025_3248","PreservedSpecimen","Coleccion",NA,"UNICACH","SPECIES","HEM","Perez-Farrera, M.A.","689","Perez-Farrera, M.A.","E","HEM2025",1,"Campyloneurum angustifolium",16.1472222222222,-93.375,"1995-08-11","change1: Filled coordinateUncertaintyInMeters from decimal-place precision (conservative). | epi_taxo: acceptedName(match1); authorship_epig(match1); genus_from_scientificName; family_WFO; order_majorGroup_WCVP [2026-03-11] | CoordinateCleaner QA applied without sea test (validity, equal, zeros, capitals, centroids, gbif, institutions) [2026-03-29]","standardized authors names in recordedBy / standardized authors names in identifiedBy","Colección","M.A. Pérez-Farrera","M.A. Pérez-Farrera"
"3249","HEM2025_3249","PreservedSpecimen","Coleccion",NA,"UNICACH","SPECIES","HEM","Perez-Farrera, M.A.","689","Perez-Farrera, M.A.","E","HEM2025",1,"Campyloneurum angustifolium",16.1472222222222,-93.375,"1995-08-11","change1: Filled coordinateUncertaintyInMeters from decimal-place precision (conservative). | epi_taxo: acceptedName(match1); authorship_epig(match1); genus_from_scientificName; family_WFO; order_majorGroup_WCVP [2026-03-11] | CoordinateCleaner QA applied without sea test (validity, equal, zeros, capitals, centroids, gbif, institutions) [2026-03-29]","standardized authors names in recordedBy / standardized authors names in identifiedBy","Colección","M.A. Pérez-Farrera","M.A. Pérez-Farrera"
"3250","HEM2025_3250","PreservedSpecimen","Coleccion",NA,"UNICACH","SPECIES","HEM","E.M.L.","1118","Perez-Farrera, M.A. | O.F.S.","E","HEM2025",1,"Campyloneurum angustifolium",15.9891666666667,-93.4827777777778,"2003-10-02","change1: Filled coordinateUncertaintyInMeters from decimal-place precision (conservative). | epi_taxo: acceptedName(match1); authorship_epig(match1); genus_from_scientificName; family_WFO; order_majorGroup_WCVP [2026-03-11] | CoordinateCleaner QA applied without sea test (validity, equal, zeros, capitals, centroids, gbif, institutions) [2026-03-29]","standardized authors names in identifiedBy","Colección","E.M.L.","M.A. Pérez-Farrera & O.F.S."
"3251","HEM2025_3251","PreservedSpecimen","Coleccion",NA,"UNICACH","SPECIES","HEM","C.A.Z.M.","13-bis","M.E.L.M.","E","HEM2025",1,"Campyloneurum angustifolium",16.8716666666667,-92.4769444444444,"2003-05-17","change1: Filled coordinateUncertaintyInMeters from decimal-place precision (conservative). | epi_taxo: acceptedName(match1); authorship_epig(match1); genus_from_scientificName; family_WFO; order_majorGroup_WCVP [2026-03-11] | CoordinateCleaner QA applied without sea test (validity, equal, zeros, capitals, centroids, gbif, institutions) [2026-03-29]","","Colección","C.A.Z.M.","M.E.L.M."
"3252","HEM2025_3252","PreservedSpecimen","Coleccion",NA,"UNICACH","SPECIES","HEM","C.A.Z.M.","13-bis","M.E.L.M.","E","HEM2025",1,"Campyloneurum angustifolium",16.8716666666667,-92.4769444444444,"2003-05-17","change1: Filled coordinateUncertaintyInMeters from decimal-place precision (conservative). | epi_taxo: acceptedName(match1); authorship_epig(match1); genus_from_scientificName; family_WFO; order_majorGroup_WCVP [2026-03-11] | CoordinateCleaner QA applied without sea test (validity, equal, zeros, capitals, centroids, gbif, institutions) [2026-03-29]","","Colección","C.A.Z.M.","M.E.L.M."
"3253","HEM2025_3253","PreservedSpecimen","Coleccion",NA,"UNICACH","SPECIES","HEM","G.P.O.","10","G.P.O.","E","HEM2025",1,"Campyloneurum angustifolium",16.0791666666667,-91.6708333333333,"2003-08-04","change1: Filled coordinateUncertaintyInMeters from decimal-place precision (conservative). | epi_taxo: acceptedName(match1); authorship_epig(match1); genus_from_scientificName; family_WFO; order_majorGroup_WCVP [2026-03-11] | CoordinateCleaner QA applied without sea test (validity, equal, zeros, capitals, centroids, gbif, institutions) [2026-03-29]","","Colección","G.P.O.","G.P.O."
"3254","HEM2025_3254","PreservedSpecimen","Coleccion",NA,"UNICACH","SPECIES","HEM","M.E.L.M.","590","M.E.L.M.","E","HEM2025",1,"Campyloneurum angustifolium",15.855,-93.1397222222222,"2000-03-20","change1: Filled coordinateUncertaintyInMeters from decimal-place precision (conservative). | epi_taxo: acceptedName(match1); authorship_epig(match1); genus_from_scientificName; family_WFO; order_majorGroup_WCVP [2026-03-11] | CoordinateCleaner QA applied without sea test (validity, equal, zeros, capitals, centroids, gbif, institutions) [2026-03-29]","","Colección","M.E.L.M.","M.E.L.M."
"3255","HEM2025_3255","PreservedSpecimen","Coleccion",NA,"UNICACH","SPECIES","HEM","A.L.C.","536","Perez-Farrera, M.A.","E","HEM2025",1,"Campyloneurum angustifolium",15.4330555555556,-92.6402777777778,"2008-01-15","change1: Filled coordinateUncertaintyInMeters from decimal-place precision (conservative). | epi_taxo: acceptedName(match1); authorship_epig(match1); genus_from_scientificName; family_WFO; order_majorGroup_WCVP [2026-03-11] | CoordinateCleaner QA applied without sea test (validity, equal, zeros, capitals, centroids, gbif, institutions) [2026-03-29]","standardized authors names in identifiedBy","Colección","A.L.C.","M.A. Pérez-Farrera"
"3256","HEM2025_3256","PreservedSpecimen","Coleccion",NA,"UNICACH","SPECIES","HEM","J.P.V.H.","307","Perez-Farrera, M.A.","E","HEM2025",1,"Campyloneurum angustifolium",16.0638888888889,-93.3708333333333,"2003-07-16","change1: Filled coordinateUncertaintyInMeters from decimal-place precision (conservative). | epi_taxo: acceptedName(match1); authorship_epig(match1); genus_from_scientificName; family_WFO; order_majorGroup_WCVP [2026-03-11] | CoordinateCleaner QA applied without sea test (validity, equal, zeros, capitals, centroids, gbif, institutions) [2026-03-29]","standardized authors names in identifiedBy","Colección","J.P.V.H.","M.A. Pérez-Farrera"
"3257","HEM2025_3257","PreservedSpecimen","Coleccion",NA,"UNICACH","SPECIES","HEM","J.M.M.","274","Perez-Farrera, M.A.","E","HEM2025",1,"Campyloneurum angustifolium",15.98,-93.4111111111111,"2003-06-23","change1: Filled coordinateUncertaintyInMeters from decimal-place precision (conservative). | epi_taxo: acceptedName(match1); authorship_epig(match1); genus_from_scientificName; family_WFO; order_majorGroup_WCVP [2026-03-11] | CoordinateCleaner QA applied without sea test (validity, equal, zeros, capitals, centroids, gbif, institutions) [2026-03-29]","standardized authors names in identifiedBy","Colección","J.M.M.","M.A. Pérez-Farrera"
"3258","HEM2025_3258","PreservedSpecimen","Coleccion",NA,"UNICACH","SPECIES","HEM","J.M.M.","382","Perez-Farrera, M.A.","E","HEM2025",1,"Campyloneurum angustifolium",16.0458333333333,-93.4041666666667,"2003-09-14","change1: Filled coordinateUncertaintyInMeters from decimal-place precision (conservative). | epi_taxo: acceptedName(match1); authorship_epig(match1); genus_from_scientificName; family_WFO; order_majorGroup_WCVP [2026-03-11] | CoordinateCleaner QA applied without sea test (validity, equal, zeros, capitals, centroids, gbif, institutions) [2026-03-29]","standardized authors names in identifiedBy","Colección","J.M.M.","M.A. Pérez-Farrera"
"3259","HEM2025_3259","PreservedSpecimen","Coleccion",NA,"UNICACH","SPECIES","HEM","U.G.M. | Najarro, F.H.","22","Perez-Farrera, M.A.","E","HEM2025",1,"Campyloneurum angustifolium",15.9802777777778,-93.4677777777778,"2002-10-12","change1: Filled coordinateUncertaintyInMeters from decimal-place precision (conservative). | epi_taxo: acceptedName(match1); authorship_epig(match1); genus_from_scientificName; family_WFO; order_majorGroup_WCVP [2026-03-11] | CoordinateCleaner QA applied without sea test (validity, equal, zeros, capitals, centroids, gbif, institutions) [2026-03-29]","standardized authors names in recordedBy / standardized authors names in identifiedBy","Colección","U.G.M. & F.H. Najarro","M.A. Pérez-Farrera"
"3260","HEM2025_3260","PreservedSpecimen","Coleccion",NA,"UNICACH","SPECIES","HEM","M.M.M. | M.D.E.M.","662","N.M.M. | J.M.M.","E","HEM2025",1,"Campyloneurum angustifolium",15.2601388888889,-92.2172777777778,"2013-02-08","change1: Filled coordinateUncertaintyInMeters from decimal-place precision (conservative). | epi_taxo: acceptedName(match1); authorship_epig(match1); genus_from_scientificName; family_WFO; order_majorGroup_WCVP [2026-03-11] | CoordinateCleaner QA applied without sea test (validity, equal, zeros, capitals, centroids, gbif, institutions) [2026-03-29]","standardized authors names in recordedBy / standardized authors names in identifiedBy","Colección","M.M.M. & M.D.E.M.","N.M.M. & J.M.M."
"3261","HEM2025_3261","PreservedSpecimen","Coleccion",NA,"UNICACH","SPECIES","HEM","M.M.M. | M.D.E.M.","730","N.M.M.","E","HEM2025",1,"Campyloneurum angustifolium",15.2596666666667,-92.2186388888889,"2013-02-10","change1: Filled coordinateUncertaintyInMeters from decimal-place precision (conservative). | epi_taxo: acceptedName(match1); authorship_epig(match1); genus_from_scientificName; family_WFO; order_majorGroup_WCVP [2026-03-11] | CoordinateCleaner QA applied without sea test (validity, equal, zeros, capitals, centroids, gbif, institutions) [2026-03-29]","standardized authors names in recordedBy","Colección","M.M.M. & M.D.E.M.","N.M.M."
"3262","HEM2025_3262","PreservedSpecimen","Coleccion",NA,"UNICACH","SPECIES","HEM","M.M.M. | M.A.D.V.","1032","N.M.M. | J.M.M.","E","HEM2025",1,"Campyloneurum angustifolium",15.2485,-92.2715,"2013-03-06","change1: Filled coordinateUncertaintyInMeters from decimal-place precision (conservative). | epi_taxo: acceptedName(match1); authorship_epig(match1); genus_from_scientificName; family_WFO; order_majorGroup_WCVP [2026-03-11] | CoordinateCleaner QA applied without sea test (validity, equal, zeros, capitals, centroids, gbif, institutions) [2026-03-29]","standardized authors names in recordedBy / standardized authors names in identifiedBy","Colección","M.M.M. & M.A.D.V.","N.M.M. & J.M.M."
"3263","HEM2025_3263","PreservedSpecimen","Coleccion",NA,"UNICACH","SPECIES","HEM","M.M.M. | M.A.D.V.","1675","Perez-Farrera, M.A.","E","HEM2025",1,"Campyloneurum angustifolium",15.0942777777778,-92.1151111111111,"2013-05-23","change1: Filled coordinateUncertaintyInMeters from decimal-place precision (conservative). | epi_taxo: acceptedName(match1); authorship_epig(match1); genus_from_scientificName; family_WFO; order_majorGroup_WCVP [2026-03-11] | CoordinateCleaner QA applied without sea test (validity, equal, zeros, capitals, centroids, gbif, institutions) [2026-03-29]","standardized authors names in recordedBy / standardized authors names in identifiedBy","Colección","M.M.M. & M.A.D.V.","M.A. Pérez-Farrera"
"3264","HEM2025_3264","PreservedSpecimen","Coleccion",NA,"UNICACH","SPECIES","HEM","M.M.M. | M.A.D.V.","1764","Perez-Farrera, M.A.","E","HEM2025",1,"Campyloneurum angustifolium",15.0959444444444,-92.11525,"2013-05-26","change1: Filled coordinateUncertaintyInMeters from decimal-place precision (conservative). | epi_taxo: acceptedName(match1); authorship_epig(match1); genus_from_scientificName; family_WFO; order_majorGroup_WCVP [2026-03-11] | CoordinateCleaner QA applied without sea test (validity, equal, zeros, capitals, centroids, gbif, institutions) [2026-03-29]","standardized authors names in recordedBy / standardized authors names in identifiedBy","Colección","M.M.M. & M.A.D.V.","M.A. Pérez-Farrera"
"3265","HEM2025_3265","PreservedSpecimen","Coleccion",NA,"UNICACH","SPECIES","HEM","M.M.M. | M.A.D.V.","1782","Perez-Farrera, M.A.","E","HEM2025",1,"Campyloneurum angustifolium",15.09225,-92.1170833333333,"2013-05-27","change1: Filled coordinateUncertaintyInMeters from decimal-place precision (conservative). | epi_taxo: acceptedName(match1); authorship_epig(match1); genus_from_scientificName; family_WFO; order_majorGroup_WCVP [2026-03-11] | CoordinateCleaner QA applied without sea test (validity, equal, zeros, capitals, centroids, gbif, institutions) [2026-03-29]","standardized authors names in recordedBy / standardized authors names in identifiedBy","Colección","M.M.M. & M.A.D.V.","M.A. Pérez-Farrera"
"3266","HEM2025_3266","PreservedSpecimen","Coleccion",NA,"UNICACH","SPECIES","HEM","M.M.M. | M.A.D.V.","2036","N.M.M.","E","HEM2025",1,"Campyloneurum angustifolium",15.101,-92.0952222222222,"2013-06-27","change1: Filled coordinateUncertaintyInMeters from decimal-place precision (conservative). | epi_taxo: acceptedName(match1); authorship_epig(match1); genus_from_scientificName; family_WFO; order_majorGroup_WCVP [2026-03-11] | CoordinateCleaner QA applied without sea test (validity, equal, zeros, capitals, centroids, gbif, institutions) [2026-03-29]","standardized authors names in recordedBy","Colección","M.M.M. & M.A.D.V.","N.M.M."
"3267","HEM2025_3267","PreservedSpecimen","Coleccion",NA,"UNICACH","SPECIES","HEM","M.M.M. | M.A.D.V.","2098","N.M.M. | J.M.M.","E","HEM2025",1,"Campyloneurum angustifolium",15.0790833333333,-92.1242222222222,"2013-06-28","change1: Filled coordinateUncertaintyInMeters from decimal-place precision (conservative). | epi_taxo: acceptedName(match1); authorship_epig(match1); genus_from_scientificName; family_WFO; order_majorGroup_WCVP [2026-03-11] | CoordinateCleaner QA applied without sea test (validity, equal, zeros, capitals, centroids, gbif, institutions) [2026-03-29]","standardized authors names in recordedBy / standardized authors names in identifiedBy","Colección","M.M.M. & M.A.D.V.","N.M.M. & J.M.M."
"3268","HEM2025_3268","PreservedSpecimen","Coleccion",NA,"UNICACH","SPECIES","HEM","M.M.M. | M.A.D.V.","2147","N.M.M.","E","HEM2025",1,"Campyloneurum angustifolium",15.04225,-92.1473611111111,"2013-06-30","change1: Filled coordinateUncertaintyInMeters from decimal-place precision (conservative). | epi_taxo: acceptedName(match1); authorship_epig(match1); genus_from_scientificName; family_WFO; order_majorGroup_WCVP [2026-03-11] | CoordinateCleaner QA applied without sea test (validity, equal, zeros, capitals, centroids, gbif, institutions) [2026-03-29]","standardized authors names in recordedBy","Colección","M.M.M. & M.A.D.V.","N.M.M."
"3269","HEM2025_3269","PreservedSpecimen","Coleccion",NA,"UNICACH","SPECIES","HEM","M.M.M. | M.A.D.V.","2224","Perez-Farrera, M.A.","E","HEM2025",1,"Campyloneurum angustifolium",15.0901666666667,-92.1060277777778,"2013-07-04","change1: Filled coordinateUncertaintyInMeters from decimal-place precision (conservative). | epi_taxo: acceptedName(match1); authorship_epig(match1); genus_from_scientificName; family_WFO; order_majorGroup_WCVP [2026-03-11] | CoordinateCleaner QA applied without sea test (validity, equal, zeros, capitals, centroids, gbif, institutions) [2026-03-29]","standardized authors names in recordedBy / standardized authors names in identifiedBy","Colección","M.M.M. & M.A.D.V.","M.A. Pérez-Farrera"
"3270","HEM2025_3270","PreservedSpecimen","Coleccion",NA,"UNICACH","SPECIES","HEM","M.M.M. | M.C.R.M.","2706","N.M.M.","E","HEM2025",1,"Campyloneurum angustifolium",15.1569722222222,-92.1405555555556,"2013-11-16","change1: Filled coordinateUncertaintyInMeters from decimal-place precision (conservative). | epi_taxo: acceptedName(match1); authorship_epig(match1); genus_from_scientificName; family_WFO; order_majorGroup_WCVP [2026-03-11] | CoordinateCleaner QA applied without sea test (validity, equal, zeros, capitals, centroids, gbif, institutions) [2026-03-29]","standardized authors names in recordedBy","Colección","M.M.M. & M.C.R.M.","N.M.M."
"3271","HEM2025_3271","PreservedSpecimen","Coleccion",NA,"UNICACH","SPECIES","HEM","M.M.M. | N.M.M. | R.J.R.V. | E.C.N.","4227","N.M.M.","E","HEM2025",1,"Campyloneurum angustifolium",15.0893888888889,-92.1465555555556,"2014-06-17","change1: Filled coordinateUncertaintyInMeters from decimal-place precision (conservative). | epi_taxo: acceptedName(match1); authorship_epig(match1); genus_from_scientificName; family_WFO; order_majorGroup_WCVP [2026-03-11] | CoordinateCleaner QA applied without sea test (validity, equal, zeros, capitals, centroids, gbif, institutions) [2026-03-29]","standardized authors names in recordedBy","Colección","M.M.M. & N.M.M. & R.J.R.V. & E.C.N.","N.M.M."
"3272","HEM2025_3272","PreservedSpecimen","Coleccion",NA,"UNICACH","SPECIES","HEM","M.M.M. | E.A.M.A.","4658","Perez-Farrera, M.A.","E","HEM2025",1,"Campyloneurum angustifolium",15.0861111111111,-92.1467222222222,"2014-07-05","change1: Filled coordinateUncertaintyInMeters from decimal-place precision (conservative). | epi_taxo: acceptedName(match1); authorship_epig(match1); genus_from_scientificName; family_WFO; order_majorGroup_WCVP [2026-03-11] | CoordinateCleaner QA applied without sea test (validity, equal, zeros, capitals, centroids, gbif, institutions) [2026-03-29]","standardized authors names in recordedBy / standardized authors names in identifiedBy","Colección","M.M.M. & E.A.M.A.","M.A. Pérez-Farrera"
"3273","HEM2025_3273","PreservedSpecimen","Coleccion",NA,"UNICACH","SPECIES","HEM","M.M.M. | Camilo, R.M. | E.A.M.A. | M.I.L.R. | N.A.F.R.","4747","N.M.M.","E","HEM2025",1,"Campyloneurum angustifolium",15.0926111111111,-92.1466944444444,"2014-07-07","change1: Filled coordinateUncertaintyInMeters from decimal-place precision (conservative). | epi_taxo: acceptedName(match1); authorship_epig(match1); genus_from_scientificName; family_WFO; order_majorGroup_WCVP [2026-03-11] | CoordinateCleaner QA applied without sea test (validity, equal, zeros, capitals, centroids, gbif, institutions) [2026-03-29]","standardized authors names in recordedBy","Colección","M.M.M. & R.M. Camilo & E.A.M.A. & M.I.L.R. & N.A.F.R.","N.M.M."
"3274","HEM2025_3274","PreservedSpecimen","Coleccion",NA,"UNICACH","SPECIES","HEM","M.M.M. | A.L.C.","4823","N.M.M.","E","HEM2025",1,"Campyloneurum angustifolium",15.0942222222222,-92.1718611111111,"2014-08-15","change1: Filled coordinateUncertaintyInMeters from decimal-place precision (conservative). | epi_taxo: acceptedName(match1); authorship_epig(match1); genus_from_scientificName; family_WFO; order_majorGroup_WCVP [2026-03-11] | CoordinateCleaner QA applied without sea test (validity, equal, zeros, capitals, centroids, gbif, institutions) [2026-03-29]","standardized authors names in recordedBy","Colección","M.M.M. & A.L.C.","N.M.M."
"3275","HEM2025_3275","PreservedSpecimen","Coleccion",NA,"UNICACH","SPECIES","HEM","M.M.M. | A.L.C.","5039","N.M.M.","E","HEM2025",1,"Campyloneurum angustifolium",15.1135833333333,-92.1829444444444,"2014-08-19","change1: Filled coordinateUncertaintyInMeters from decimal-place precision (conservative). | epi_taxo: acceptedName(match1); authorship_epig(match1); genus_from_scientificName; family_WFO; order_majorGroup_WCVP [2026-03-11] | CoordinateCleaner QA applied without sea test (validity, equal, zeros, capitals, centroids, gbif, institutions) [2026-03-29]","standardized authors names in recordedBy","Colección","M.M.M. & A.L.C.","N.M.M."
"3276","HEM2025_3276","PreservedSpecimen","Coleccion",NA,"UNICACH","SPECIES","HEM","M.M.M. | E.A.M.A.","4716-BIS","N.M.M.","E","HEM2025",1,"Campyloneurum angustifolium",15.0869166666667,-92.1446111111111,"2014-07-06","change1: Filled coordinateUncertaintyInMeters from decimal-place precision (conservative). | epi_taxo: acceptedName(match1); authorship_epig(match1); genus_from_scientificName; family_WFO; order_majorGroup_WCVP [2026-03-11] | CoordinateCleaner QA applied without sea test (validity, equal, zeros, capitals, centroids, gbif, institutions) [2026-03-29]","standardized authors names in recordedBy","Colección","M.M.M. & E.A.M.A.","N.M.M."
"3277","HEM2025_3277","PreservedSpecimen","Coleccion",NA,"UNICACH","SPECIES","HEM","N.M.M. | M.M.M. | R.V.H.","3382","Perez-Farrera, M.A.","E","HEM2025",1,"Campyloneurum angustifolium",15.1057222222222,-92.0960277777778,"2014-09-24","change1: Filled coordinateUncertaintyInMeters from decimal-place precision (conservative). | epi_taxo: acceptedName(match1); authorship_epig(match1); genus_from_scientificName; family_WFO; order_majorGroup_WCVP [2026-03-11] | CoordinateCleaner QA applied without sea test (validity, equal, zeros, capitals, centroids, gbif, institutions) [2026-03-29]","standardized authors names in recordedBy / standardized authors names in identifiedBy","Colección","N.M.M. & M.M.M. & R.V.H.","M.A. Pérez-Farrera"
"3278","HEM2025_3278","PreservedSpecimen","Coleccion",NA,"UNICACH","SPECIES","HEM","M.M.M. | M.C.R.M.","5107","N.M.M.","E","HEM2025",1,"Campyloneurum angustifolium",15.0993611111111,-92.1659722222222,"2014-09-16","change1: Filled coordinateUncertaintyInMeters from decimal-place precision (conservative). | epi_taxo: acceptedName(match1); authorship_epig(match1); genus_from_scientificName; family_WFO; order_majorGroup_WCVP [2026-03-11] | CoordinateCleaner QA applied without sea test (validity, equal, zeros, capitals, centroids, gbif, institutions) [2026-03-29]","standardized authors names in recordedBy","Colección","M.M.M. & M.C.R.M.","N.M.M."
"3279","HEM2025_3279","PreservedSpecimen","Coleccion",NA,"UNICACH","SPECIES","HEM","M.M.M. | M.C.R.M.","5120","N.M.M.","E","HEM2025",1,"Campyloneurum angustifolium",15.1046944444444,-92.1807222222222,"2014-09-17","change1: Filled coordinateUncertaintyInMeters from decimal-place precision (conservative). | epi_taxo: acceptedName(match1); authorship_epig(match1); genus_from_scientificName; family_WFO; order_majorGroup_WCVP [2026-03-11] | CoordinateCleaner QA applied without sea test (validity, equal, zeros, capitals, centroids, gbif, institutions) [2026-03-29]","standardized authors names in recordedBy","Colección","M.M.M. & M.C.R.M.","N.M.M."
"3280","HEM2025_3280","PreservedSpecimen","Coleccion",NA,"UNICACH","SPECIES","HEM","M.M.M. | M.C.R.M.","5125","N.M.M.","E","HEM2025",1,"Campyloneurum angustifolium",15.1046944444444,-92.1807222222222,"2014-09-17","change1: Filled coordinateUncertaintyInMeters from decimal-place precision (conservative). | epi_taxo: acceptedName(match1); authorship_epig(match1); genus_from_scientificName; family_WFO; order_majorGroup_WCVP [2026-03-11] | CoordinateCleaner QA applied without sea test (validity, equal, zeros, capitals, centroids, gbif, institutions) [2026-03-29]","standardized authors names in recordedBy","Colección","M.M.M. & M.C.R.M.","N.M.M."
"3281","HEM2025_3281","PreservedSpecimen","Coleccion",NA,"UNICACH","SPECIES","HEM","M.M.M. | M.C.R.M.","5207","N.M.M.","E","HEM2025",1,"Campyloneurum angustifolium",15.1063611111111,-92.1741944444445,"2014-09-18","change1: Filled coordinateUncertaintyInMeters from decimal-place precision (conservative). | epi_taxo: acceptedName(match1); authorship_epig(match1); genus_from_scientificName; family_WFO; order_majorGroup_WCVP [2026-03-11] | CoordinateCleaner QA applied without sea test (validity, equal, zeros, capitals, centroids, gbif, institutions) [2026-03-29]","standardized authors names in recordedBy","Colección","M.M.M. & M.C.R.M.","N.M.M."
"3282","HEM2025_3282","PreservedSpecimen","Coleccion",NA,"UNICACH","SPECIES","HEM","M.M.M. | M.C.R.M.","5244","N.M.M.","E","HEM2025",1,"Campyloneurum angustifolium",15.1086388888889,-92.1911666666667,"2014-09-20","change1: Filled coordinateUncertaintyInMeters from decimal-place precision (conservative). | epi_taxo: acceptedName(match1); authorship_epig(match1); genus_from_scientificName; family_WFO; order_majorGroup_WCVP [2026-03-11] | CoordinateCleaner QA applied without sea test (validity, equal, zeros, capitals, centroids, gbif, institutions) [2026-03-29]","standardized authors names in recordedBy","Colección","M.M.M. & M.C.R.M.","N.M.M."
"3283","HEM2025_3283","PreservedSpecimen","Coleccion",NA,"UNICACH","SPECIES","HEM","M.M.M. | M.C.R.M.","5258","N.M.M.","E","HEM2025",1,"Campyloneurum angustifolium",15.1086388888889,-92.1911666666667,"2014-09-20","change1: Filled coordinateUncertaintyInMeters from decimal-place precision (conservative). | epi_taxo: acceptedName(match1); authorship_epig(match1); genus_from_scientificName; family_WFO; order_majorGroup_WCVP [2026-03-11] | CoordinateCleaner QA applied without sea test (validity, equal, zeros, capitals, centroids, gbif, institutions) [2026-03-29]","standardized authors names in recordedBy","Colección","M.M.M. & M.C.R.M.","N.M.M."
"3284","HEM2025_3284","PreservedSpecimen","Coleccion",NA,"UNICACH","SPECIES","HEM","M.M.M. | M.C.R.M.","5387","N.M.M.","E","HEM2025",1,"Campyloneurum angustifolium",15.0995277777778,-92.1861111111111,"2014-09-23","change1: Filled coordinateUncertaintyInMeters from decimal-place precision (conservative). | epi_taxo: acceptedName(match1); authorship_epig(match1); genus_from_scientificName; family_WFO; order_majorGroup_WCVP [2026-03-11] | CoordinateCleaner QA applied without sea test (validity, equal, zeros, capitals, centroids, gbif, institutions) [2026-03-29]","standardized authors names in recordedBy","Colección","M.M.M. & M.C.R.M.","N.M.M."
"3285","HEM2025_3285","PreservedSpecimen","Coleccion",NA,"UNICACH","SPECIES","HEM","M.M.M. | M.C.R.M.","5302","N.M.M.","E","HEM2025",1,"Campyloneurum angustifolium",15.0847222222222,-92.175,"2014-09-22","change1: Filled coordinateUncertaintyInMeters from decimal-place precision (conservative). | epi_taxo: acceptedName(match1); authorship_epig(match1); genus_from_scientificName; family_WFO; order_majorGroup_WCVP [2026-03-11] | CoordinateCleaner QA applied without sea test (validity, equal, zeros, capitals, centroids, gbif, institutions) [2026-03-29]","standardized authors names in recordedBy","Colección","M.M.M. & M.C.R.M.","N.M.M."
"3286","HEM2025_3286","PreservedSpecimen","Coleccion",NA,"UNICACH","SPECIES","HEM","Camilo, R.M. | R.V.H. | M.M.M.","2895","Camilo, R.M.","E","HEM2025",1,"Campyloneurum angustifolium",15.1259166666667,-92.1876944444444,"2015-03-25","change1: Filled coordinateUncertaintyInMeters from decimal-place precision (conservative). | epi_taxo: acceptedName(match1); authorship_epig(match1); genus_from_scientificName; family_WFO; order_majorGroup_WCVP [2026-03-11] | CoordinateCleaner QA applied without sea test (validity, equal, zeros, capitals, centroids, gbif, institutions) [2026-03-29]","standardized authors names in recordedBy / standardized authors names in identifiedBy","Colección","R.M. Camilo & R.V.H. & M.M.M.","R.M. Camilo"
"3287","HEM2025_3287","PreservedSpecimen","Coleccion",NA,"UNICACH","SPECIES","HEM","M.M.M. | D.A.J.L. | R.J.R.V.","5414","N.M.M.","E","HEM2025",1,"Campyloneurum angustifolium",15.07075,-92.1635277777778,"2015-03-24","change1: Filled coordinateUncertaintyInMeters from decimal-place precision (conservative). | epi_taxo: acceptedName(match1); authorship_epig(match1); genus_from_scientificName; family_WFO; order_majorGroup_WCVP [2026-03-11] | CoordinateCleaner QA applied without sea test (validity, equal, zeros, capitals, centroids, gbif, institutions) [2026-03-29]","standardized authors names in recordedBy","Colección","M.M.M. & D.A.J.L. & R.J.R.V.","N.M.M."
"3288","HEM2025_3288","PreservedSpecimen","Coleccion",NA,"UNICACH","SPECIES","HEM","Perez-Farrera, M.A.","590","Perez-Farrera, M.A.","E","HEM2025",1,"Campyloneurum angustifolium",16.3441666666667,-93.6441666666667,"1995-07-18","change1: Filled coordinateUncertaintyInMeters from decimal-place precision (conservative). | epi_taxo: acceptedName(match1); authorship_epig(match1); genus_from_scientificName; family_WFO; order_majorGroup_WCVP [2026-03-11] | CoordinateCleaner QA applied without sea test (validity, equal, zeros, capitals, centroids, gbif, institutions) [2026-03-29]","standardized authors names in recordedBy / standardized authors names in identifiedBy","Colección","M.A. Pérez-Farrera","M.A. Pérez-Farrera"
"3289","HEM2025_3289","PreservedSpecimen","Coleccion",NA,"UNICACH","SPECIES","HEM","M.E.L.M.","5","Riba, R.","E","HEM2025",1,"Campyloneurum angustifolium",15.8530555555556,-93.1511111111111,"1998-01-22","change1: Filled coordinateUncertaintyInMeters from decimal-place precision (conservative). | epi_taxo: acceptedName(match1); authorship_epig(match1); genus_from_scientificName; family_WFO; order_majorGroup_WCVP [2026-03-11] | CoordinateCleaner QA applied without sea test (validity, equal, zeros, capitals, centroids, gbif, institutions) [2026-03-29]","standardized authors names in identifiedBy","Colección","M.E.L.M.","R. Riba"
"3290","HEM2025_3290","PreservedSpecimen","Coleccion",NA,"UNICACH","SPECIES","HEM","Perez-Farrera, M.A.","2627","Perez-Farrera, M.A.","E","HEM2025",1,"Campyloneurum angustifolium",15.7011111111111,-92.9816666666667,"2002-04-12","change1: Filled coordinateUncertaintyInMeters from decimal-place precision (conservative). | epi_taxo: acceptedName(match1); authorship_epig(match1); genus_from_scientificName; family_WFO; order_majorGroup_WCVP [2026-03-11] | CoordinateCleaner QA applied without sea test (validity, equal, zeros, capitals, centroids, gbif, institutions) [2026-03-29]","standardized authors names in recordedBy / standardized authors names in identifiedBy","Colección","M.A. Pérez-Farrera","M.A. Pérez-Farrera"
"3291","HEM2025_3291","PreservedSpecimen","Coleccion",NA,"UNICACH","SPECIES","HEM","Perez-Farrera, M.A.","433","Perez-Farrera, M.A.","E","HEM2025",1,"Campyloneurum angustifolium",16.3416666666667,-93.7027777777778,"1995-05-25","change1: Filled coordinateUncertaintyInMeters from decimal-place precision (conservative). | epi_taxo: acceptedName(match1); authorship_epig(match1); genus_from_scientificName; family_WFO; order_majorGroup_WCVP [2026-03-11] | CoordinateCleaner QA applied without sea test (validity, equal, zeros, capitals, centroids, gbif, institutions) [2026-03-29]","standardized authors names in recordedBy / standardized authors names in identifiedBy","Colección","M.A. Pérez-Farrera","M.A. Pérez-Farrera"
"3292","HEM2025_3292","PreservedSpecimen","Coleccion",NA,"UNICACH","SPECIES","HEM","Gonzalez, A.G.","11","E.V.M.","E","HEM2025",1,"Campyloneurum angustifolium",17.2119444444444,-92.9694444444444,"2002-10-20","change1: Filled coordinateUncertaintyInMeters from decimal-place precision (conservative). | epi_taxo: acceptedName(match1); authorship_epig(match1); genus_from_scientificName; family_WFO; order_majorGroup_WCVP [2026-03-11] | CoordinateCleaner QA applied without sea test (validity, equal, zeros, capitals, centroids, gbif, institutions) [2026-03-29]","standardized authors names in recordedBy","Colección","A.G. González","E.V.M."
"3293","HEM2025_3293","PreservedSpecimen","Coleccion",NA,"UNICACH","SPECIES","HEM","D.A.L.G.","8","E.V.M.","E","HEM2025",1,"Campyloneurum angustifolium",16.0466666666667,-93.3066666666667,"2002-09-28","change1: Filled coordinateUncertaintyInMeters from decimal-place precision (conservative). | epi_taxo: acceptedName(match1); authorship_epig(match1); genus_from_scientificName; family_WFO; order_majorGroup_WCVP [2026-03-11] | CoordinateCleaner QA applied without sea test (validity, equal, zeros, capitals, centroids, gbif, institutions) [2026-03-29]","","Colección","D.A.L.G.","E.V.M."
"3294","HEM2025_3294","PreservedSpecimen","Coleccion",NA,"UNICACH","SPECIES","HEM","D.A.L.G.","8","E.V.M.","E","HEM2025",1,"Campyloneurum angustifolium",16.0466666666667,-93.3066666666667,"2002-09-28","change1: Filled coordinateUncertaintyInMeters from decimal-place precision (conservative). | epi_taxo: acceptedName(match1); authorship_epig(match1); genus_from_scientificName; family_WFO; order_majorGroup_WCVP [2026-03-11] | CoordinateCleaner QA applied without sea test (validity, equal, zeros, capitals, centroids, gbif, institutions) [2026-03-29]","","Colección","D.A.L.G.","E.V.M."
"3295","HEM2025_3295","PreservedSpecimen","Coleccion",NA,"UNICACH","SPECIES","HEM","Perez-Farrera, M.A.","891","Perez-Farrera, M.A.","E","HEM2025",1,"Campyloneurum angustifolium",15.2038888888889,-92.4713888888889,"1996-03-29","change1: Filled coordinateUncertaintyInMeters from decimal-place precision (conservative). | epi_taxo: acceptedName(match1); authorship_epig(match1); genus_from_scientificName; family_WFO; order_majorGroup_WCVP [2026-03-11] | CoordinateCleaner QA applied without sea test (validity, equal, zeros, capitals, centroids, gbif, institutions) [2026-03-29]","standardized authors names in recordedBy / standardized authors names in identifiedBy","Colección","M.A. Pérez-Farrera","M.A. Pérez-Farrera"
"3296","HEM2025_3296","PreservedSpecimen","Coleccion",NA,"UNICACH","SPECIES","HEM","Perez-Farrera, M.A.","891","Perez-Farrera, M.A.","E","HEM2025",1,"Campyloneurum angustifolium",15.2038888888889,-92.4713888888889,"1996-03-29","change1: Filled coordinateUncertaintyInMeters from decimal-place precision (conservative). | epi_taxo: acceptedName(match1); authorship_epig(match1); genus_from_scientificName; family_WFO; order_majorGroup_WCVP [2026-03-11] | CoordinateCleaner QA applied without sea test (validity, equal, zeros, capitals, centroids, gbif, institutions) [2026-03-29]","standardized authors names in recordedBy / standardized authors names in identifiedBy","Colección","M.A. Pérez-Farrera","M.A. Pérez-Farrera"
"3297","HEM2025_3297","PreservedSpecimen","Coleccion",NA,"UNICACH","SPECIES","HEM","Perez-Farrera, M.A.","475","Perez-Farrera, M.A.","E","HEM2025",1,"Campyloneurum angustifolium",16.1944444444444,-93.5083333333333,"1995-05-07","change1: Filled coordinateUncertaintyInMeters from decimal-place precision (conservative). | epi_taxo: acceptedName(match1); authorship_epig(match1); genus_from_scientificName; family_WFO; order_majorGroup_WCVP [2026-03-11] | CoordinateCleaner QA applied without sea test (validity, equal, zeros, capitals, centroids, gbif, institutions) [2026-03-29]","standardized authors names in recordedBy / standardized authors names in identifiedBy","Colección","M.A. Pérez-Farrera","M.A. Pérez-Farrera"
"3298","HEM2025_3298","PreservedSpecimen","Coleccion",NA,"UNICACH","SPECIES","HEM","N.V.A.","3","E.V.M.","E","HEM2025",1,"Campyloneurum angustifolium",17.0561111111111,-92.8597222222222,"2002-10-05","change1: Filled coordinateUncertaintyInMeters from decimal-place precision (conservative). | epi_taxo: acceptedName(match1); authorship_epig(match1); genus_from_scientificName; family_WFO; order_majorGroup_WCVP [2026-03-11] | CoordinateCleaner QA applied without sea test (validity, equal, zeros, capitals, centroids, gbif, institutions) [2026-03-29]","","Colección","N.V.A.","E.V.M."
"3299","HEM2025_3299","PreservedSpecimen","Coleccion",NA,"UNICACH","SPECIES","HEM","M.E.L.M.","543","A.R.S.","E","HEM2025",1,"Campyloneurum ensifolium",15.8275,-93.0441666666667,"1999-11-18","change1: Filled coordinateUncertaintyInMeters from decimal-place precision (conservative). | epi_taxo: acceptedName(match1); authorship_epig(match1); genus_from_scientificName; family_WFO; order_majorGroup_WCVP [2026-03-11] | CoordinateCleaner QA applied without sea test (validity, equal, zeros, capitals, centroids, gbif, institutions) [2026-03-29]","","Colección","M.E.L.M.","A.R.S."
"3300","HEM2025_3300","PreservedSpecimen","Coleccion",NA,"UNICACH","SPECIES","HEM","M.M.M. | E.A.M.A.","4804","N.M.M.","E","HEM2025",1,"Campyloneurum ensifolium",15.0935,-92.1405,"2014-07-08","change1: Filled coordinateUncertaintyInMeters from decimal-place precision (conservative). | epi_taxo: acceptedName(match1); authorship_epig(match1); genus_from_scientificName; family_WFO; order_majorGroup_WCVP [2026-03-11] | CoordinateCleaner QA applied without sea test (validity, equal, zeros, capitals, centroids, gbif, institutions) [2026-03-29]","standardized authors names in recordedBy","Colección","M.M.M. & E.A.M.A.","N.M.M."
"3301","HEM2025_3301","PreservedSpecimen","Coleccion",NA,"UNICACH","SPECIES","HEM","Camilo, R.M. | R.V.H. | M.M.M.","2760","Camilo, R.M.","E","HEM2025",1,"Campyloneurum repens",15.1060277777778,-92.0961611111111,"2013-07-25","change1: Filled coordinateUncertaintyInMeters from decimal-place precision (conservative). | epi_taxo: acceptedName(match1); authorship_epig(match1); genus_from_scientificName; family_WFO; order_majorGroup_WCVP [2026-03-11] | CoordinateCleaner QA applied without sea test (validity, equal, zeros, capitals, centroids, gbif, institutions) [2026-03-29]","standardized authors names in recordedBy / standardized authors names in identifiedBy","Colección","R.M. Camilo & R.V.H. & M.M.M.","R.M. Camilo"
"3302","HEM2025_3302","PreservedSpecimen","Coleccion",NA,"UNICACH","SPECIES","HEM","T.B.C.","47208","ND","E","HEM2025",1,"Campyloneurum phyllitidis",15.0522222222222,-92.1188888888889,"1979-02-10","change1: Filled coordinateUncertaintyInMeters from decimal-place precision (conservative). | epi_taxo: acceptedName(match1); authorship_epig(match1); genus_from_scientificName; family_WFO; order_majorGroup_WCVP [2026-03-11] | CoordinateCleaner QA applied without sea test (validity, equal, zeros, capitals, centroids, gbif, institutions) [2026-03-29]","","Colección","T.B.C.","ND"
"3303","HEM2025_3303","PreservedSpecimen","Coleccion",NA,"UNICACH","SPECIES","HEM","M.M.M. | M.A.D.V.","2148","N.M.M.","E","HEM2025",1,"Campyloneurum phyllitidis",15.04225,-92.1473611111111,"2013-06-30","change1: Filled coordinateUncertaintyInMeters from decimal-place precision (conservative). | epi_taxo: acceptedName(match1); authorship_epig(match1); genus_from_scientificName; family_WFO; order_majorGroup_WCVP [2026-03-11] | CoordinateCleaner QA applied without sea test (validity, equal, zeros, capitals, centroids, gbif, institutions) [2026-03-29]","standardized authors names in recordedBy","Colección","M.M.M. & M.A.D.V.","N.M.M."
"3304","HEM2025_3304","PreservedSpecimen","Coleccion",NA,"UNICACH","SPECIES","HEM","Perez-Farrera, M.A.","846","Perez-Farrera, M.A.","E","HEM2025",1,"Campyloneurum repens",15.6083333333333,-92.8583333333333,"1995-11-21","change1: Filled coordinateUncertaintyInMeters from decimal-place precision (conservative). | epi_taxo: acceptedName(match1); authorship_epig(match1); genus_from_scientificName; family_WFO; order_majorGroup_WCVP [2026-03-11] | CoordinateCleaner QA applied without sea test (validity, equal, zeros, capitals, centroids, gbif, institutions) [2026-03-29]","standardized authors names in recordedBy / standardized authors names in identifiedBy","Colección","M.A. Pérez-Farrera","M.A. Pérez-Farrera"
"3305","HEM2025_3305","PreservedSpecimen","Coleccion",NA,"UNICACH","GENUS","HEM","Perez-Farrera, M.A.","682","Perez-Farrera, M.A.","E","HEM2025",NA,"",16.2272222222222,-93.5808333333333,"1995-08-09","change1: Genus placeholder (sp./spp.): moved to 'genus', set taxonRank=GENUS, cleared scientificName; kept original in verbatim. | change2: Filled coordinateUncertaintyInMeters from decimal-place precision (conservative). | epi_taxo: acceptedName(match1); authorship_epig(match1); genus_from_scientificName; family_WFO; order_majorGroup_WCVP [2026-03-11] | CoordinateCleaner QA applied without sea test (validity, equal, zeros, capitals, centroids, gbif, institutions) [2026-03-29]","standardized authors names in recordedBy / standardized authors names in identifiedBy","Colección","M.A. Pérez-Farrera","M.A. Pérez-Farrera"
"3306","HEM2025_3306","PreservedSpecimen","Coleccion",NA,"UNICACH","GENUS","HEM","M.M.M. | D.A.J.L. | R.J.R.V.","5424","N.M.M.","E","HEM2025",NA,"",15.07075,-92.1635277777778,"2015-03-24","change1: Genus placeholder (sp./spp.): moved to 'genus', set taxonRank=GENUS, cleared scientificName; kept original in verbatim. | change2: Filled coordinateUncertaintyInMeters from decimal-place precision (conservative). | epi_taxo: acceptedName(match1); authorship_epig(match1); genus_from_scientificName; family_WFO; order_majorGroup_WCVP [2026-03-11] | CoordinateCleaner QA applied without sea test (validity, equal, zeros, capitals, centroids, gbif, institutions) [2026-03-29]","standardized authors names in recordedBy","Colección","M.M.M. & D.A.J.L. & R.J.R.V.","N.M.M."
"3307","HEM2025_3307","PreservedSpecimen","Coleccion",NA,"UNICACH","SPECIES","HEM","M.E.L.M.","2","M.E.L.M.","E","HEM2025",1,"Campyloneurum tenuipes",15.8530555555556,-93.1511111111111,"1998-01-22","change1: Filled coordinateUncertaintyInMeters from decimal-place precision (conservative). | epi_taxo: acceptedName(match1); authorship_epig(match1); genus_from_scientificName; family_WFO; order_majorGroup_WCVP [2026-03-11] | CoordinateCleaner QA applied without sea test (validity, equal, zeros, capitals, centroids, gbif, institutions) [2026-03-29]","","Colección","M.E.L.M.","M.E.L.M."
"3308","HEM2025_3308","PreservedSpecimen","Coleccion",NA,"UNICACH","SPECIES","HEM","M.E.L.M.","59","M.E.L.M.","E","HEM2025",1,"Campyloneurum tenuipes",15.425,-92.6333333333333,"1998-01-25","change1: Filled coordinateUncertaintyInMeters from decimal-place precision (conservative). | epi_taxo: acceptedName(match1); authorship_epig(match1); genus_from_scientificName; family_WFO; order_majorGroup_WCVP [2026-03-11] | CoordinateCleaner QA applied without sea test (validity, equal, zeros, capitals, centroids, gbif, institutions) [2026-03-29]","","Colección","M.E.L.M.","M.E.L.M."
"3309","HEM2025_3309","PreservedSpecimen","Coleccion",NA,"UNICACH","SPECIES","HEM","E.M.S. | A.M.G. | G.U. | M.R.","19668","Perez-Farrera, M.A.","E","HEM2025",1,"Campyloneurum tenuipes",15.1113888888889,-92.1286111111111,"1987-02-06","change1: Filled coordinateUncertaintyInMeters from decimal-place precision (conservative). | epi_taxo: acceptedName(match1); authorship_epig(match1); genus_from_scientificName; family_WFO; order_majorGroup_WCVP [2026-03-11] | CoordinateCleaner QA applied without sea test (validity, equal, zeros, capitals, centroids, gbif, institutions) [2026-03-29]","standardized authors names in recordedBy / standardized authors names in identifiedBy","Colección","E.M.S. & A.M.G. & G.U. & M.R.","M.A. Pérez-Farrera"
"3310","HEM2025_3310","PreservedSpecimen","Coleccion",NA,"UNICACH","SPECIES","HEM","E.M.S. | A.M.G. | G.U. | M.R.","19641","Perez-Farrera, M.A.","E","HEM2025",1,"Campyloneurum tenuipes",15.1113888888889,-92.1286111111111,"1987-02-06","change1: Filled coordinateUncertaintyInMeters from decimal-place precision (conservative). | epi_taxo: acceptedName(match1); authorship_epig(match1); genus_from_scientificName; family_WFO; order_majorGroup_WCVP [2026-03-11] | CoordinateCleaner QA applied without sea test (validity, equal, zeros, capitals, centroids, gbif, institutions) [2026-03-29]","standardized authors names in recordedBy / standardized authors names in identifiedBy","Colección","E.M.S. & A.M.G. & G.U. & M.R.","M.A. Pérez-Farrera"
"3311","HEM2025_3311","PreservedSpecimen","Coleccion",NA,"UNICACH","SPECIES","HEM","M.E.L.M.","155","M.E.L.M.","E","HEM2025",1,"Campyloneurum tenuipes",15.6441666666667,-92.8275,"1998-03-02","change1: Filled coordinateUncertaintyInMeters from decimal-place precision (conservative). | epi_taxo: acceptedName(match1); authorship_epig(match1); genus_from_scientificName; family_WFO; order_majorGroup_WCVP [2026-03-11] | CoordinateCleaner QA applied without sea test (validity, equal, zeros, capitals, centroids, gbif, institutions) [2026-03-29]","","Colección","M.E.L.M.","M.E.L.M."
"3312","HEM2025_3312","PreservedSpecimen","Coleccion",NA,"UNICACH","SPECIES","HEM","Perez-Farrera, M.A.","2598","Perez-Farrera, M.A.","E","HEM2025",1,"Campyloneurum tenuipes",15.7727777777778,-93.09,"2001-07-17","change1: Filled coordinateUncertaintyInMeters from decimal-place precision (conservative). | epi_taxo: acceptedName(match1); authorship_epig(match1); genus_from_scientificName; family_WFO; order_majorGroup_WCVP [2026-03-11] | CoordinateCleaner QA applied without sea test (validity, equal, zeros, capitals, centroids, gbif, institutions) [2026-03-29]","standardized authors names in recordedBy / standardized authors names in identifiedBy","Colección","M.A. Pérez-Farrera","M.A. Pérez-Farrera"
"3313","HEM2025_3313","PreservedSpecimen","Coleccion",NA,"UNICACH","SPECIES","HEM","H.G.D.","1152","H.G.D.","E","HEM2025",1,"Campyloneurum tenuipes",15.5490833333333,-92.6077222222222,"2005-08-06","change1: Filled coordinateUncertaintyInMeters from decimal-place precision (conservative). | epi_taxo: acceptedName(match1); authorship_epig(match1); genus_from_scientificName; family_WFO; order_majorGroup_WCVP [2026-03-11] | CoordinateCleaner QA applied without sea test (validity, equal, zeros, capitals, centroids, gbif, institutions) [2026-03-29]","","Colección","H.G.D.","H.G.D."
"3314","HEM2025_3314","PreservedSpecimen","Coleccion",NA,"UNICACH","SPECIES","HEM","Perez-Farrera, M.A.","1117","Smith, A.","E","HEM2025",1,"Campyloneurum tenuipes",15.6638888888889,-92.8202777777778,"1996-08-10","change1: Filled coordinateUncertaintyInMeters from decimal-place precision (conservative). | epi_taxo: acceptedName(match1); authorship_epig(match1); genus_from_scientificName; family_WFO; order_majorGroup_WCVP [2026-03-11] | CoordinateCleaner QA applied without sea test (validity, equal, zeros, capitals, centroids, gbif, institutions) [2026-03-29]","standardized authors names in recordedBy / standardized authors names in identifiedBy","Colección","M.A. Pérez-Farrera","A. Smith"
"3315","HEM2025_3315","PreservedSpecimen","Coleccion",NA,"UNICACH","SPECIES","HEM","G.L.V.","34","G.L.V.","E","HEM2025",1,"Campyloneurum tenuipes",15.0863888888889,-92.0905555555556,"2005-06-22","change1: Filled coordinateUncertaintyInMeters from decimal-place precision (conservative). | epi_taxo: acceptedName(match1); authorship_epig(match1); genus_from_scientificName; family_WFO; order_majorGroup_WCVP [2026-03-11] | CoordinateCleaner QA applied without sea test (validity, equal, zeros, capitals, centroids, gbif, institutions) [2026-03-29]","","Colección","G.L.V.","G.L.V."
"3316","HEM2025_3316","PreservedSpecimen","Coleccion",NA,"UNICACH","SPECIES","HEM","Perez-Farrera, M.A.","1582","Perez-Farrera, M.A.","E","HEM2025",1,"Campyloneurum tenuipes",15.6641666666667,-92.8136111111111,"1997-02-18","change1: Filled coordinateUncertaintyInMeters from decimal-place precision (conservative). | epi_taxo: acceptedName(match1); authorship_epig(match1); genus_from_scientificName; family_WFO; order_majorGroup_WCVP [2026-03-11] | CoordinateCleaner QA applied without sea test (validity, equal, zeros, capitals, centroids, gbif, institutions) [2026-03-29]","standardized authors names in recordedBy / standardized authors names in identifiedBy","Colección","M.A. Pérez-Farrera","M.A. Pérez-Farrera"
"3317","HEM2025_3317","PreservedSpecimen","Coleccion",NA,"UNICACH","SPECIES","HEM","M.M.M. | M.A.D.V.","793","Perez-Farrera, M.A.","E","HEM2025",1,"Campyloneurum tenuipes",15.2487777777778,-92.2863333333333,"2013-03-01","change1: Filled coordinateUncertaintyInMeters from decimal-place precision (conservative). | epi_taxo: acceptedName(match1); authorship_epig(match1); genus_from_scientificName; family_WFO; order_majorGroup_WCVP [2026-03-11] | CoordinateCleaner QA applied without sea test (validity, equal, zeros, capitals, centroids, gbif, institutions) [2026-03-29]","standardized authors names in recordedBy / standardized authors names in identifiedBy","Colección","M.M.M. & M.A.D.V.","M.A. Pérez-Farrera"
"3318","HEM2025_3318","PreservedSpecimen","Coleccion",NA,"UNICACH","SPECIES","HEM","M.M.M. | M.D.E.M.","1292","Perez-Farrera, M.A.","E","HEM2025",1,"Campyloneurum tenuipes",15.0864722222222,-92.0991666666667,"2013-04-27","change1: Filled coordinateUncertaintyInMeters from decimal-place precision (conservative). | epi_taxo: acceptedName(match1); authorship_epig(match1); genus_from_scientificName; family_WFO; order_majorGroup_WCVP [2026-03-11] | CoordinateCleaner QA applied without sea test (validity, equal, zeros, capitals, centroids, gbif, institutions) [2026-03-29]","standardized authors names in recordedBy / standardized authors names in identifiedBy","Colección","M.M.M. & M.D.E.M.","M.A. Pérez-Farrera"
"3319","HEM2025_3319","PreservedSpecimen","Coleccion",NA,"UNICACH","SPECIES","HEM","M.M.M. | M.D.E.M.","1332","Perez-Farrera, M.A.","E","HEM2025",1,"Campyloneurum tenuipes",15.0847777777778,-92.0990833333333,"2013-04-28","change1: Filled coordinateUncertaintyInMeters from decimal-place precision (conservative). | epi_taxo: acceptedName(match1); authorship_epig(match1); genus_from_scientificName; family_WFO; order_majorGroup_WCVP [2026-03-11] | CoordinateCleaner QA applied without sea test (validity, equal, zeros, capitals, centroids, gbif, institutions) [2026-03-29]","standardized authors names in recordedBy / standardized authors names in identifiedBy","Colección","M.M.M. & M.D.E.M.","M.A. Pérez-Farrera"
"3320","HEM2025_3320","PreservedSpecimen","Coleccion",NA,"UNICACH","SPECIES","HEM","M.M.M. | M.A.D.V.","2014","Perez-Farrera, M.A.","E","HEM2025",1,"Campyloneurum tenuipes",15.101,-92.0952222222222,"2013-06-27","change1: Filled coordinateUncertaintyInMeters from decimal-place precision (conservative). | epi_taxo: acceptedName(match1); authorship_epig(match1); genus_from_scientificName; family_WFO; order_majorGroup_WCVP [2026-03-11] | CoordinateCleaner QA applied without sea test (validity, equal, zeros, capitals, centroids, gbif, institutions) [2026-03-29]","standardized authors names in recordedBy / standardized authors names in identifiedBy","Colección","M.M.M. & M.A.D.V.","M.A. Pérez-Farrera"
"3321","HEM2025_3321","PreservedSpecimen","Coleccion",NA,"UNICACH","SPECIES","HEM","M.M.M. | M.C.R.M.","2480","N.M.M.","E","HEM2025",1,"Campyloneurum tenuipes",15.1533333333333,-92.1438611111111,"2013-11-13","change1: Filled coordinateUncertaintyInMeters from decimal-place precision (conservative). | epi_taxo: acceptedName(match1); authorship_epig(match1); genus_from_scientificName; family_WFO; order_majorGroup_WCVP [2026-03-11] | CoordinateCleaner QA applied without sea test (validity, equal, zeros, capitals, centroids, gbif, institutions) [2026-03-29]","standardized authors names in recordedBy","Colección","M.M.M. & M.C.R.M.","N.M.M."
"3322","HEM2025_3322","PreservedSpecimen","Coleccion",NA,"UNICACH","SPECIES","HEM","M.M.M. | M.C.R.M.","2686","N.M.M.","E","HEM2025",1,"Campyloneurum tenuipes",15.1569722222222,-92.1405555555556,"2013-11-16","change1: Filled coordinateUncertaintyInMeters from decimal-place precision (conservative). | epi_taxo: acceptedName(match1); authorship_epig(match1); genus_from_scientificName; family_WFO; order_majorGroup_WCVP [2026-03-11] | CoordinateCleaner QA applied without sea test (validity, equal, zeros, capitals, centroids, gbif, institutions) [2026-03-29]","standardized authors names in recordedBy","Colección","M.M.M. & M.C.R.M.","N.M.M."
"3323","HEM2025_3323","PreservedSpecimen","Coleccion",NA,"UNICACH","SPECIES","HEM","M.M.M. | D.A.J.L.","3135","N.M.M.","E","HEM2025",1,"Campyloneurum tenuipes",15.1418055555556,-92.13775,"2013-12-12","change1: Filled coordinateUncertaintyInMeters from decimal-place precision (conservative). | epi_taxo: acceptedName(match1); authorship_epig(match1); genus_from_scientificName; family_WFO; order_majorGroup_WCVP [2026-03-11] | CoordinateCleaner QA applied without sea test (validity, equal, zeros, capitals, centroids, gbif, institutions) [2026-03-29]","standardized authors names in recordedBy","Colección","M.M.M. & D.A.J.L.","N.M.M."
"3324","HEM2025_3324","PreservedSpecimen","Coleccion",NA,"UNICACH","SPECIES","HEM","M.E.L.M.","77","M.E.L.M.","E","HEM2025",1,"Campyloneurum tenuipes",15.6333333333333,-92.8333333333333,"1998-02-24","change1: Filled coordinateUncertaintyInMeters from decimal-place precision (conservative). | epi_taxo: acceptedName(match1); authorship_epig(match1); genus_from_scientificName; family_WFO; order_majorGroup_WCVP [2026-03-11] | CoordinateCleaner QA applied without sea test (validity, equal, zeros, capitals, centroids, gbif, institutions) [2026-03-29]","","Colección","M.E.L.M.","M.E.L.M."
"3325","HEM2025_3325","PreservedSpecimen","Coleccion",NA,"UNICACH","SPECIES","HEM","M.M.M. | A.L.C.","4991","N.M.M.","E","HEM2025",1,"Campyloneurum tenuipes",15.10025,-92.1743333333333,"2014-08-18","change1: Filled coordinateUncertaintyInMeters from decimal-place precision (conservative). | epi_taxo: acceptedName(match1); authorship_epig(match1); genus_from_scientificName; family_WFO; order_majorGroup_WCVP [2026-03-11] | CoordinateCleaner QA applied without sea test (validity, equal, zeros, capitals, centroids, gbif, institutions) [2026-03-29]","standardized authors names in recordedBy","Colección","M.M.M. & A.L.C.","N.M.M."
"3326","HEM2025_3326","PreservedSpecimen","Coleccion",NA,"UNICACH","SPECIES","HEM","N.M.M. | M.M.M. | R.V.H.","3081","N.M.M.","E","HEM2025",1,"Campyloneurum tenuipes",15.1036666666667,-92.1015277777778,"2014-09-22","change1: Filled coordinateUncertaintyInMeters from decimal-place precision (conservative). | epi_taxo: acceptedName(match1); authorship_epig(match1); genus_from_scientificName; family_WFO; order_majorGroup_WCVP [2026-03-11] | CoordinateCleaner QA applied without sea test (validity, equal, zeros, capitals, centroids, gbif, institutions) [2026-03-29]","standardized authors names in recordedBy","Colección","N.M.M. & M.M.M. & R.V.H.","N.M.M."
"3327","HEM2025_3327","PreservedSpecimen","Coleccion",NA,"UNICACH","SPECIES","HEM","N.M.M. | M.M.M. | R.V.H.","3095","N.M.M.","E","HEM2025",1,"Campyloneurum tenuipes",15.1036666666667,-92.1015277777778,"2014-09-22","change1: Filled coordinateUncertaintyInMeters from decimal-place precision (conservative). | epi_taxo: acceptedName(match1); authorship_epig(match1); genus_from_scientificName; family_WFO; order_majorGroup_WCVP [2026-03-11] | CoordinateCleaner QA applied without sea test (validity, equal, zeros, capitals, centroids, gbif, institutions) [2026-03-29]","standardized authors names in recordedBy","Colección","N.M.M. & M.M.M. & R.V.H.","N.M.M."
"3328","HEM2025_3328","PreservedSpecimen","Coleccion",NA,"UNICACH","SPECIES","HEM","N.M.M. | M.M.M. | R.V.H.","3308","Perez-Farrera, M.A.","E","HEM2025",1,"Campyloneurum tenuipes",15.1049722222222,-92.1001055555555,"2014-09-24","change1: Filled coordinateUncertaintyInMeters from decimal-place precision (conservative). | epi_taxo: acceptedName(match1); authorship_epig(match1); genus_from_scientificName; family_WFO; order_majorGroup_WCVP [2026-03-11] | CoordinateCleaner QA applied without sea test (validity, equal, zeros, capitals, centroids, gbif, institutions) [2026-03-29]","standardized authors names in recordedBy / standardized authors names in identifiedBy","Colección","N.M.M. & M.M.M. & R.V.H.","M.A. Pérez-Farrera"
"3329","HEM2025_3329","PreservedSpecimen","Coleccion",NA,"UNICACH","SPECIES","HEM","N.M.M. | M.M.M. | R.V.H.","3356","Perez-Farrera, M.A.","E","HEM2025",1,"Campyloneurum tenuipes",15.1057222222222,-92.0960277777778,"2014-09-23","change1: Filled coordinateUncertaintyInMeters from decimal-place precision (conservative). | epi_taxo: acceptedName(match1); authorship_epig(match1); genus_from_scientificName; family_WFO; order_majorGroup_WCVP [2026-03-11] | CoordinateCleaner QA applied without sea test (validity, equal, zeros, capitals, centroids, gbif, institutions) [2026-03-29]","standardized authors names in recordedBy / standardized authors names in identifiedBy","Colección","N.M.M. & M.M.M. & R.V.H.","M.A. Pérez-Farrera"
"3330","HEM2025_3330","PreservedSpecimen","Coleccion",NA,"UNICACH","SPECIES","HEM","M.M.M. | M.C.R.M.","5351","N.M.M.","E","HEM2025",1,"Campyloneurum tenuipes",15.0995277777778,-92.1861111111111,"2014-09-23","change1: Filled coordinateUncertaintyInMeters from decimal-place precision (conservative). | epi_taxo: acceptedName(match1); authorship_epig(match1); genus_from_scientificName; family_WFO; order_majorGroup_WCVP [2026-03-11] | CoordinateCleaner QA applied without sea test (validity, equal, zeros, capitals, centroids, gbif, institutions) [2026-03-29]","standardized authors names in recordedBy","Colección","M.M.M. & M.C.R.M.","N.M.M."
"3331","HEM2025_3331","PreservedSpecimen","Coleccion",NA,"UNICACH","SPECIES","HEM","M.M.M. | D.A.J.L. | R.J.R.V.","5505","N.M.M.","E","HEM2025",1,"Campyloneurum tenuipes",15.1071944444444,-92.1756666666667,"2015-03-25","change1: Filled coordinateUncertaintyInMeters from decimal-place precision (conservative). | epi_taxo: acceptedName(match1); authorship_epig(match1); genus_from_scientificName; family_WFO; order_majorGroup_WCVP [2026-03-11] | CoordinateCleaner QA applied without sea test (validity, equal, zeros, capitals, centroids, gbif, institutions) [2026-03-29]","standardized authors names in recordedBy","Colección","M.M.M. & D.A.J.L. & R.J.R.V.","N.M.M."
"3332","HEM2025_3332","PreservedSpecimen","Coleccion",NA,"UNICACH","SPECIES","HEM","M.M.M. | S.H.J. | V.E.G.J.","6053","N.M.M.","E","HEM2025",1,"Campyloneurum tenuipes",15.2342222222222,-92.3172777777778,"2015-06-01","change1: Filled coordinateUncertaintyInMeters from decimal-place precision (conservative). | epi_taxo: acceptedName(match1); authorship_epig(match1); genus_from_scientificName; family_WFO; order_majorGroup_WCVP [2026-03-11] | CoordinateCleaner QA applied without sea test (validity, equal, zeros, capitals, centroids, gbif, institutions) [2026-03-29]","standardized authors names in recordedBy","Colección","M.M.M. & S.H.J. & V.E.G.J.","N.M.M."
"3333","HEM2025_3333","PreservedSpecimen","Coleccion",NA,"UNICACH","SPECIES","HEM","Perez-Farrera, M.A.","2361-bis","Perez-Farrera, M.A.","E","HEM2025",1,"Campyloneurum tenuipes",17.1916666666667,-92.2658333333333,"2000-04-10","change1: Filled coordinateUncertaintyInMeters from decimal-place precision (conservative). | epi_taxo: acceptedName(match1); authorship_epig(match1); genus_from_scientificName; family_WFO; order_majorGroup_WCVP [2026-03-11] | CoordinateCleaner QA applied without sea test (validity, equal, zeros, capitals, centroids, gbif, institutions) [2026-03-29]","standardized authors names in recordedBy / standardized authors names in identifiedBy","Colección","M.A. Pérez-Farrera","M.A. Pérez-Farrera"
"3334","HEM2025_3334","PreservedSpecimen","Coleccion",NA,"UNICACH","SPECIES","HEM","Perez-Farrera, M.A.","2361-bis","Perez-Farrera, M.A.","E","HEM2025",1,"Campyloneurum tenuipes",17.1916666666667,-92.2658333333333,"2000-04-10","change1: Filled coordinateUncertaintyInMeters from decimal-place precision (conservative). | epi_taxo: acceptedName(match1); authorship_epig(match1); genus_from_scientificName; family_WFO; order_majorGroup_WCVP [2026-03-11] | CoordinateCleaner QA applied without sea test (validity, equal, zeros, capitals, centroids, gbif, institutions) [2026-03-29]","standardized authors names in recordedBy / standardized authors names in identifiedBy","Colección","M.A. Pérez-Farrera","M.A. Pérez-Farrera"
"3335","HEM2025_3335","PreservedSpecimen","Coleccion",NA,"UNICACH","SPECIES","HEM","Perez-Farrera, M.A.","1739","Perez-Farrera, M.A.","E","HEM2025",1,"Campyloneurum tenuipes",15.4805555555556,-92.6055555555556,"1999-01-27","change1: Filled coordinateUncertaintyInMeters from decimal-place precision (conservative). | epi_taxo: acceptedName(match1); authorship_epig(match1); genus_from_scientificName; family_WFO; order_majorGroup_WCVP [2026-03-11] | CoordinateCleaner QA applied without sea test (validity, equal, zeros, capitals, centroids, gbif, institutions) [2026-03-29]","standardized authors names in recordedBy / standardized authors names in identifiedBy","Colección","M.A. Pérez-Farrera","M.A. Pérez-Farrera"
"3336","HEM2025_3336","PreservedSpecimen","Coleccion",NA,"UNICACH","SPECIES","HEM","M.E.L.M.","2","M.E.L.M.","E","HEM2025",1,"Campyloneurum tenuipes",15.8530555555556,-93.1511111111111,"1998-01-22","change1: Filled coordinateUncertaintyInMeters from decimal-place precision (conservative). | epi_taxo: acceptedName(match1); authorship_epig(match1); genus_from_scientificName; family_WFO; order_majorGroup_WCVP [2026-03-11] | CoordinateCleaner QA applied without sea test (validity, equal, zeros, capitals, centroids, gbif, institutions) [2026-03-29]","","Colección","M.E.L.M.","M.E.L.M."
"3337","HEM2025_3337","PreservedSpecimen","Coleccion",NA,"UNICACH","SPECIES","HEM","H.P.U.","32","Perez-Farrera, M.A.","E","HEM2025",1,"Campyloneurum tenuipes",17.2291666666667,-92.3294444444444,"1986-08-31","change1: Filled coordinateUncertaintyInMeters from decimal-place precision (conservative). | epi_taxo: acceptedName(match1); authorship_epig(match1); genus_from_scientificName; family_WFO; order_majorGroup_WCVP [2026-03-11] | CoordinateCleaner QA applied without sea test (validity, equal, zeros, capitals, centroids, gbif, institutions) [2026-03-29]","standardized authors names in identifiedBy","Colección","H.P.U.","M.A. Pérez-Farrera"
"3338","HEM2025_3338","PreservedSpecimen","Coleccion",NA,"UNICACH","SPECIES","HEM","H.P.U.","32","Perez-Farrera, M.A.","E","HEM2025",1,"Campyloneurum tenuipes",17.2291666666667,-92.3294444444444,"1986-08-31","change1: Filled coordinateUncertaintyInMeters from decimal-place precision (conservative). | epi_taxo: acceptedName(match1); authorship_epig(match1); genus_from_scientificName; family_WFO; order_majorGroup_WCVP [2026-03-11] | CoordinateCleaner QA applied without sea test (validity, equal, zeros, capitals, centroids, gbif, institutions) [2026-03-29]","standardized authors names in identifiedBy","Colección","H.P.U.","M.A. Pérez-Farrera"
"3339","HEM2025_3339","PreservedSpecimen","Coleccion",NA,"UNICACH","SPECIES","HEM","G.L.V.","49","G.L.V.","E","HEM2025",1,"Campyloneurum xalapense",15.0855555555556,-92.0897222222222,"2005-06-22","change1: Filled coordinateUncertaintyInMeters from decimal-place precision (conservative). | epi_taxo: acceptedName(match1); authorship_epig(match1); genus_from_scientificName; family_WFO; order_majorGroup_WCVP [2026-03-11] | CoordinateCleaner QA applied without sea test (validity, equal, zeros, capitals, centroids, gbif, institutions) [2026-03-29]","","Colección","G.L.V.","G.L.V."
"3340","HEM2025_3340","PreservedSpecimen","Coleccion",NA,"UNICACH","SPECIES","HEM","Perez-Farrera, M.A.","400-bis","Perez-Farrera, M.A.","E","HEM2025",1,"Campyloneurum xalapense",16.1972222222222,-93.7083333333333,"1995-05-24","change1: Filled coordinateUncertaintyInMeters from decimal-place precision (conservative). | epi_taxo: acceptedName(match1); authorship_epig(match1); genus_from_scientificName; family_WFO; order_majorGroup_WCVP [2026-03-11] | CoordinateCleaner QA applied without sea test (validity, equal, zeros, capitals, centroids, gbif, institutions) [2026-03-29]","standardized authors names in recordedBy / standardized authors names in identifiedBy","Colección","M.A. Pérez-Farrera","M.A. Pérez-Farrera"
"3341","HEM2025_3341","PreservedSpecimen","Coleccion",NA,"UNICACH","SPECIES","HEM","M.D.R.S.","209","R.R.S.","E","HEM2025",1,"Campyloneurum xalapense",15.6260555555556,-92.6291944444444,"2005-06-15","change1: Filled coordinateUncertaintyInMeters from decimal-place precision (conservative). | epi_taxo: acceptedName(match1); authorship_epig(match1); genus_from_scientificName; family_WFO; order_majorGroup_WCVP [2026-03-11] | CoordinateCleaner QA applied without sea test (validity, equal, zeros, capitals, centroids, gbif, institutions) [2026-03-29]","","Colección","M.D.R.S.","R.R.S."
"3342","HEM2025_3342","PreservedSpecimen","Coleccion",NA,"UNICACH","SPECIES","HEM","Perez-Farrera, M.A.","1197","J.C.R.","E","HEM2025",1,"Campyloneurum xalapense",15.425,-92.6333333333333,"1996-08-21","change1: Filled coordinateUncertaintyInMeters from decimal-place precision (conservative). | epi_taxo: acceptedName(match1); authorship_epig(match1); genus_from_scientificName; family_WFO; order_majorGroup_WCVP [2026-03-11] | CoordinateCleaner QA applied without sea test (validity, equal, zeros, capitals, centroids, gbif, institutions) [2026-03-29]","standardized authors names in recordedBy","Colección","M.A. Pérez-Farrera","J.C.R."
"3343","HEM2025_3343","PreservedSpecimen","Coleccion",NA,"UNICACH","SPECIES","HEM","Najarro, F.H.","592","Najarro, F.H.","E","HEM2025",1,"Campyloneurum xalapense",15.7769444444444,-93.09,"2001-07-17","change1: Filled coordinateUncertaintyInMeters from decimal-place precision (conservative). | epi_taxo: acceptedName(match1); authorship_epig(match1); genus_from_scientificName; family_WFO; order_majorGroup_WCVP [2026-03-11] | CoordinateCleaner QA applied without sea test (validity, equal, zeros, capitals, centroids, gbif, institutions) [2026-03-29]","standardized authors names in recordedBy / standardized authors names in identifiedBy","Colección","F.H. Najarro","F.H. Najarro"
"3344","HEM2025_3344","PreservedSpecimen","Coleccion",NA,"UNICACH","SPECIES","HEM","Perez-Farrera, M.A.","3029","Perez-Farrera, M.A.","E","HEM2025",1,"Campyloneurum xalapense",16.1944444444444,-93.6083333333333,"2006-08-10","change1: Filled coordinateUncertaintyInMeters from decimal-place precision (conservative). | epi_taxo: acceptedName(match1); authorship_epig(match1); genus_from_scientificName; family_WFO; order_majorGroup_WCVP [2026-03-11] | CoordinateCleaner QA applied without sea test (validity, equal, zeros, capitals, centroids, gbif, institutions) [2026-03-29]","standardized authors names in recordedBy / standardized authors names in identifiedBy","Colección","M.A. Pérez-Farrera","M.A. Pérez-Farrera"
"3345","HEM2025_3345","PreservedSpecimen","Coleccion",NA,"UNICACH","SPECIES","HEM","Perez-Farrera, M.A.","400","Perez-Farrera, M.A.","E","HEM2025",1,"Campyloneurum xalapense",16.1972222222222,-93.7083333333333,"1995-05-24","change1: Filled coordinateUncertaintyInMeters from decimal-place precision (conservative). | epi_taxo: acceptedName(match1); authorship_epig(match1); genus_from_scientificName; family_WFO; order_majorGroup_WCVP [2026-03-11] | CoordinateCleaner QA applied without sea test (validity, equal, zeros, capitals, centroids, gbif, institutions) [2026-03-29]","standardized authors names in recordedBy / standardized authors names in identifiedBy","Colección","M.A. Pérez-Farrera","M.A. Pérez-Farrera"
"3346","HEM2025_3346","PreservedSpecimen","Coleccion",NA,"UNICACH","SPECIES","HEM","J.M.M.","145","Perez-Farrera, M.A.","E","HEM2025",1,"Campyloneurum xalapense",15.9238888888889,-93.3622222222222,"2002-11-16","change1: Filled coordinateUncertaintyInMeters from decimal-place precision (conservative). | epi_taxo: acceptedName(match1); authorship_epig(match1); genus_from_scientificName; family_WFO; order_majorGroup_WCVP [2026-03-11] | CoordinateCleaner QA applied without sea test (validity, equal, zeros, capitals, centroids, gbif, institutions) [2026-03-29]","standardized authors names in identifiedBy","Colección","J.M.M.","M.A. Pérez-Farrera"
"3347","HEM2025_3347","PreservedSpecimen","Coleccion",NA,"UNICACH","SPECIES","HEM","M.N.M.G.","575","Perez-Farrera, M.A.","E","HEM2025",1,"Campyloneurum xalapense",15.9727777777778,-93.4708333333333,"2002-10-12","change1: Filled coordinateUncertaintyInMeters from decimal-place precision (conservative). | epi_taxo: acceptedName(match1); authorship_epig(match1); genus_from_scientificName; family_WFO; order_majorGroup_WCVP [2026-03-11] | CoordinateCleaner QA applied without sea test (validity, equal, zeros, capitals, centroids, gbif, institutions) [2026-03-29]","standardized authors names in identifiedBy","Colección","M.N.M.G.","M.A. Pérez-Farrera"
"3348","HEM2025_3348","PreservedSpecimen","Coleccion",NA,"UNICACH","SPECIES","HEM","M.M.M. | D.A.J.L.","3219","N.M.M.","E","HEM2025",1,"Campyloneurum xalapense",15.1439444444444,-92.1372777777778,"2013-12-13","change1: Filled coordinateUncertaintyInMeters from decimal-place precision (conservative). | epi_taxo: acceptedName(match1); authorship_epig(match1); genus_from_scientificName; family_WFO; order_majorGroup_WCVP [2026-03-11] | CoordinateCleaner QA applied without sea test (validity, equal, zeros, capitals, centroids, gbif, institutions) [2026-03-29]","standardized authors names in recordedBy","Colección","M.M.M. & D.A.J.L.","N.M.M."
"3349","HEM2025_3349","PreservedSpecimen","Coleccion",NA,"UNICACH","SPECIES","HEM","M.M.M. | S.H.J. | J.A.B.B.","5774","N.M.M.","E","HEM2025",1,"Campyloneurum xalapense",15.2348888888889,-92.30525,"2015-05-01","change1: Filled coordinateUncertaintyInMeters from decimal-place precision (conservative). | epi_taxo: acceptedName(match1); authorship_epig(match1); genus_from_scientificName; family_WFO; order_majorGroup_WCVP [2026-03-11] | CoordinateCleaner QA applied without sea test (validity, equal, zeros, capitals, centroids, gbif, institutions) [2026-03-29]","standardized authors names in recordedBy","Colección","M.M.M. & S.H.J. & J.A.B.B.","N.M.M."
"3350","HEM2025_3350","PreservedSpecimen","Coleccion",NA,"UNICACH","SPECIES","HEM","H.G.D.","1452","H.G.D.","E","HEM2025",1,"Grammitis linearifolia",16.1963888888889,-93.6077777777778,"2005-08-20","change1: Filled coordinateUncertaintyInMeters from decimal-place precision (conservative). | epi_taxo: acceptedName(match1); authorship_epig(match1); genus_from_scientificName; family_WFO; order_majorGroup_WCVP [2026-03-11] | CoordinateCleaner QA applied without sea test (validity, equal, zeros, capitals, centroids, gbif, institutions) [2026-03-29]","","Colección","H.G.D.","H.G.D."
"3351","HEM2025_3351","PreservedSpecimen","Coleccion",NA,"UNICACH","SPECIES","HEM","J.M.M.","1350","M.E.L.M.","E","HEM2025",1,"Grammitis linearifolia",16.2145277777778,-93.7202777777778,"2006-06-04","change1: Filled coordinateUncertaintyInMeters from decimal-place precision (conservative). | epi_taxo: acceptedName(match1); authorship_epig(match1); genus_from_scientificName; family_WFO; order_majorGroup_WCVP [2026-03-11] | CoordinateCleaner QA applied without sea test (validity, equal, zeros, capitals, centroids, gbif, institutions) [2026-03-29]","","Colección","J.M.M.","M.E.L.M."
"3352","HEM2025_3352","PreservedSpecimen","Coleccion",NA,"UNICACH","SPECIES","HEM","M.M.M. | M.C.R.M.","5056","N.M.M.","E","HEM2025",1,"Grammitis linearifolia",15.0993611111111,-92.1659722222222,"2014-09-16","change1: Filled coordinateUncertaintyInMeters from decimal-place precision (conservative). | epi_taxo: acceptedName(match1); authorship_epig(match1); genus_from_scientificName; family_WFO; order_majorGroup_WCVP [2026-03-11] | CoordinateCleaner QA applied without sea test (validity, equal, zeros, capitals, centroids, gbif, institutions) [2026-03-29]","standardized authors names in recordedBy","Colección","M.M.M. & M.C.R.M.","N.M.M."
"3353","HEM2025_3353","PreservedSpecimen","Coleccion",NA,"UNICACH","SPECIES","HEM","Perez-Farrera, M.A.","1139","M.E.L.M.","E","HEM2025",1,"Grammitis rostrata",15.6638888888889,-92.8202777777778,"1996-08-11","change1: Filled coordinateUncertaintyInMeters from decimal-place precision (conservative). | epi_taxo: acceptedName(match1); authorship_epig(match1); genus_from_scientificName; family_WFO; order_majorGroup_WCVP [2026-03-11] | CoordinateCleaner QA applied without sea test (validity, equal, zeros, capitals, centroids, gbif, institutions) [2026-03-29]","standardized authors names in recordedBy","Colección","M.A. Pérez-Farrera","M.E.L.M."
"3354","HEM2025_3354","PreservedSpecimen","Coleccion",NA,"UNICACH","SPECIES","HEM","Perez-Farrera, M.A.","623","Perez-Farrera, M.A.","E","HEM2025",1,"Grammitis rostrata",16.3166666666667,-93.6166666666667,"1995-07-18","change1: Filled coordinateUncertaintyInMeters from decimal-place precision (conservative). | epi_taxo: acceptedName(match1); authorship_epig(match1); genus_from_scientificName; family_WFO; order_majorGroup_WCVP [2026-03-11] | CoordinateCleaner QA applied without sea test (validity, equal, zeros, capitals, centroids, gbif, institutions) [2026-03-29]","standardized authors names in recordedBy / standardized authors names in identifiedBy","Colección","M.A. Pérez-Farrera","M.A. Pérez-Farrera"
"3355","HEM2025_3355","PreservedSpecimen","Coleccion",NA,"UNICACH","SPECIES","HEM","M.E.L.M.","573","M.E.L.M.","E","HEM2025",1,"Grammitis serrulata",15.8275,-93.0441666666667,"1999-11-18","change1: Filled coordinateUncertaintyInMeters from decimal-place precision (conservative). | epi_taxo: acceptedName(match1); authorship_epig(match1); genus_from_scientificName; family_WFO; order_majorGroup_WCVP [2026-03-11] | CoordinateCleaner QA applied without sea test (validity, equal, zeros, capitals, centroids, gbif, institutions) [2026-03-29]","","Colección","M.E.L.M.","M.E.L.M."
"3356","HEM2025_3356","PreservedSpecimen","Coleccion",NA,"UNICACH","SPECIES","HEM","M.M.M. | E.A.M.A.","4620","N.M.M.","E","HEM2025",1,"Grammitis serrulata",15.0861111111111,-92.1467222222222,"2014-07-05","change1: Filled coordinateUncertaintyInMeters from decimal-place precision (conservative). | epi_taxo: acceptedName(match1); authorship_epig(match1); genus_from_scientificName; family_WFO; order_majorGroup_WCVP [2026-03-11] | CoordinateCleaner QA applied without sea test (validity, equal, zeros, capitals, centroids, gbif, institutions) [2026-03-29]","standardized authors names in recordedBy","Colección","M.M.M. & E.A.M.A.","N.M.M."
"3357","HEM2025_3357","PreservedSpecimen","Coleccion",NA,"UNICACH","SPECIES","HEM","Camilo, R.M. | N.M.M.","2556","Camilo, R.M.","E","HEM2025",1,"Grammitis serrulata",15.0969444444444,-92.1347222222222,"2014-08-15","change1: Filled coordinateUncertaintyInMeters from decimal-place precision (conservative). | epi_taxo: acceptedName(match1); authorship_epig(match1); genus_from_scientificName; family_WFO; order_majorGroup_WCVP [2026-03-11] | CoordinateCleaner QA applied without sea test (validity, equal, zeros, capitals, centroids, gbif, institutions) [2026-03-29]","standardized authors names in recordedBy / standardized authors names in identifiedBy","Colección","R.M. Camilo & N.M.M.","R.M. Camilo"
"3358","HEM2025_3358","PreservedSpecimen","Coleccion",NA,"UNICACH","SPECIES","HEM","Camilo, R.M. | N.M.M.","2587","Camilo, R.M.","E","HEM2025",1,"Grammitis serrulata",15.0988611111111,-92.1681388888889,"2014-08-16","change1: Filled coordinateUncertaintyInMeters from decimal-place precision (conservative). | epi_taxo: acceptedName(match1); authorship_epig(match1); genus_from_scientificName; family_WFO; order_majorGroup_WCVP [2026-03-11] | CoordinateCleaner QA applied without sea test (validity, equal, zeros, capitals, centroids, gbif, institutions) [2026-03-29]","standardized authors names in recordedBy / standardized authors names in identifiedBy","Colección","R.M. Camilo & N.M.M.","R.M. Camilo"
"3359","HEM2025_3359","PreservedSpecimen","Coleccion",NA,"UNICACH","SPECIES","HEM","M.M.M. | M.C.R.M.","5378","N.M.M.","E","HEM2025",1,"Grammitis serrulata",15.0995277777778,-92.1861111111111,"2014-09-23","change1: Filled coordinateUncertaintyInMeters from decimal-place precision (conservative). | epi_taxo: acceptedName(match1); authorship_epig(match1); genus_from_scientificName; family_WFO; order_majorGroup_WCVP [2026-03-11] | CoordinateCleaner QA applied without sea test (validity, equal, zeros, capitals, centroids, gbif, institutions) [2026-03-29]","standardized authors names in recordedBy","Colección","M.M.M. & M.C.R.M.","N.M.M."
"3360","HEM2025_3360","PreservedSpecimen","Coleccion",NA,"UNICACH","SPECIES","HEM","Camilo, R.M. | N.M.M.","2624-BIS","Camilo, R.M.","E","HEM2025",1,"Grammitis serrulata",15.0969444444444,-92.1347222222222,"2014-08-15","change1: Filled coordinateUncertaintyInMeters from decimal-place precision (conservative). | epi_taxo: acceptedName(match1); authorship_epig(match1); genus_from_scientificName; family_WFO; order_majorGroup_WCVP [2026-03-11] | CoordinateCleaner QA applied without sea test (validity, equal, zeros, capitals, centroids, gbif, institutions) [2026-03-29]","standardized authors names in recordedBy / standardized authors names in identifiedBy","Colección","R.M. Camilo & N.M.M.","R.M. Camilo"
"3361","HEM2025_3361","PreservedSpecimen","Coleccion",NA,"UNICACH","SPECIES","HEM","M.M.M. | D.A.J.L. | R.J.R.V.","5626","N.M.M.","E","HEM2025",1,"Grammitis serrulata",15.0997777777778,-92.1679444444444,"2015-03-27","change1: Filled coordinateUncertaintyInMeters from decimal-place precision (conservative). | epi_taxo: acceptedName(match1); authorship_epig(match1); genus_from_scientificName; family_WFO; order_majorGroup_WCVP [2026-03-11] | CoordinateCleaner QA applied without sea test (validity, equal, zeros, capitals, centroids, gbif, institutions) [2026-03-29]","standardized authors names in recordedBy","Colección","M.M.M. & D.A.J.L. & R.J.R.V.","N.M.M."
"3362","HEM2025_3362","PreservedSpecimen","Coleccion",NA,"UNICACH","SPECIES","HEM","Perez-Farrera, M.A.","376","Perez-Farrera, M.A.","E","HEM2025",1,"Grammitis serrulata",16.1972222222222,-93.7083333333333,"1995-05-24","change1: Filled coordinateUncertaintyInMeters from decimal-place precision (conservative). | epi_taxo: acceptedName(match1); authorship_epig(match1); genus_from_scientificName; family_WFO; order_majorGroup_WCVP [2026-03-11] | CoordinateCleaner QA applied without sea test (validity, equal, zeros, capitals, centroids, gbif, institutions) [2026-03-29]","standardized authors names in recordedBy / standardized authors names in identifiedBy","Colección","M.A. Pérez-Farrera","M.A. Pérez-Farrera"
"3363","HEM2025_3363","PreservedSpecimen","Coleccion",NA,"UNICACH","SPECIES","HEM","J.A.A.R.","68","J.A.A.R","E","HEM2025",1,"Grammitis basiattenuata",16.8847222222222,-93.26,"2010-03-14","change1: Filled coordinateUncertaintyInMeters from decimal-place precision (conservative). | epi_taxo: acceptedName(match1); authorship_epig(match1); genus_from_scientificName; family_WFO; order_majorGroup_WCVP [2026-03-11] | CoordinateCleaner QA applied without sea test (validity, equal, zeros, capitals, centroids, gbif, institutions) [2026-03-29]","standardized authors names in recordedBy","Colección","J.A.A.R","J.A.A.R"
"3364","HEM2025_3364","PreservedSpecimen","Coleccion",NA,"UNICACH","SPECIES","HEM","Camilo, R.M. | N.M.M.","2624","Camilo, R.M.","E","HEM2025",1,"Lellingeria hellwigii",15.0988611111111,-92.1681388888889,"2014-08-16","change1: Filled coordinateUncertaintyInMeters from decimal-place precision (conservative). | epi_taxo: acceptedName(match1); authorship_epig(match1); genus_from_scientificName; family_WFO; order_majorGroup_WCVP [2026-03-11] | CoordinateCleaner QA applied without sea test (validity, equal, zeros, capitals, centroids, gbif, institutions) [2026-03-29]","standardized authors names in recordedBy / standardized authors names in identifiedBy","Colección","R.M. Camilo & N.M.M.","R.M. Camilo"
"3365","HEM2025_3365","PreservedSpecimen","Coleccion",NA,"UNICACH","SPECIES","HEM","J.M.M.","1376","M.E.L.M.","E","HEM2025",2,"Grammitis mitchelliae",16.2145277777778,-93.7202777777778,"2006-06-04","change1: Filled coordinateUncertaintyInMeters from decimal-place precision (conservative). | epi_taxo: acceptedName(match1); authorship_epig(match1); genus_from_scientificName; family_WFO; order_majorGroup_WCVP [2026-03-11] | CoordinateCleaner QA applied without sea test (validity, equal, zeros, capitals, centroids, gbif, institutions) [2026-03-29]","","Colección","J.M.M.","M.E.L.M."
"3366","HEM2025_3366","PreservedSpecimen","Coleccion",NA,"UNICACH","SPECIES","HEM","Perez-Farrera, M.A.","1081","Perez-Farrera, M.A.","E","HEM2025",1,"Loxogramme mexicana",15.6166666666667,-92.8,"1996-08-10","change1: Filled coordinateUncertaintyInMeters from decimal-place precision (conservative). | epi_taxo: acceptedName(match1); authorship_epig(match1); genus_from_scientificName; family_WFO; order_majorGroup_WCVP [2026-03-11] | CoordinateCleaner QA applied without sea test (validity, equal, zeros, capitals, centroids, gbif, institutions) [2026-03-29]","standardized authors names in recordedBy / standardized authors names in identifiedBy","Colección","M.A. Pérez-Farrera","M.A. Pérez-Farrera"
"3367","HEM2025_3367","PreservedSpecimen","Coleccion",NA,"UNICACH","SPECIES","HEM","M.E.L.M.","105","M.E.L.M.","E","HEM2025",1,"Loxogramme mexicana",15.6166666666667,-92.8,"1998-02-25","change1: Filled coordinateUncertaintyInMeters from decimal-place precision (conservative). | epi_taxo: acceptedName(match1); authorship_epig(match1); genus_from_scientificName; family_WFO; order_majorGroup_WCVP [2026-03-11] | CoordinateCleaner QA applied without sea test (validity, equal, zeros, capitals, centroids, gbif, institutions) [2026-03-29]","","Colección","M.E.L.M.","M.E.L.M."
"3368","HEM2025_3368","PreservedSpecimen","Coleccion",NA,"UNICACH","SPECIES","HEM","Perez-Farrera, M.A.","1177","R.R.S. | B.P.G.","E","HEM2025",1,"Loxogramme mexicana",15.6441666666667,-92.8275,"1996-08-12","change1: Filled coordinateUncertaintyInMeters from decimal-place precision (conservative). | epi_taxo: acceptedName(match1); authorship_epig(match1); genus_from_scientificName; family_WFO; order_majorGroup_WCVP [2026-03-11] | CoordinateCleaner QA applied without sea test (validity, equal, zeros, capitals, centroids, gbif, institutions) [2026-03-29]","standardized authors names in recordedBy / standardized authors names in identifiedBy","Colección","M.A. Pérez-Farrera","R.R.S. & B.P.G."
"3369","HEM2025_3369","PreservedSpecimen","Coleccion",NA,"UNICACH","SPECIES","HEM","Camilo, R.M.","116","Perez-Farrera, M.A.","E","HEM2025",1,"Loxogramme mexicana",15.7727777777778,-93.09,"2001-07-17","change1: Filled coordinateUncertaintyInMeters from decimal-place precision (conservative). | epi_taxo: acceptedName(match1); authorship_epig(match1); genus_from_scientificName; family_WFO; order_majorGroup_WCVP [2026-03-11] | CoordinateCleaner QA applied without sea test (validity, equal, zeros, capitals, centroids, gbif, institutions) [2026-03-29]","standardized authors names in recordedBy / standardized authors names in identifiedBy","Colección","R.M. Camilo","M.A. Pérez-Farrera"
"3370","HEM2025_3370","PreservedSpecimen","Coleccion",NA,"UNICACH","SPECIES","HEM","Perez-Farrera, M.A.","1253","Perez-Farrera, M.A.","E","HEM2025",1,"Loxogramme mexicana",16.1944444444444,-93.5083333333333,"1996-10-01","change1: Filled coordinateUncertaintyInMeters from decimal-place precision (conservative). | epi_taxo: acceptedName(match1); authorship_epig(match1); genus_from_scientificName; family_WFO; order_majorGroup_WCVP [2026-03-11] | CoordinateCleaner QA applied without sea test (validity, equal, zeros, capitals, centroids, gbif, institutions) [2026-03-29]","standardized authors names in recordedBy / standardized authors names in identifiedBy","Colección","M.A. Pérez-Farrera","M.A. Pérez-Farrera"
"3371","HEM2025_3371","PreservedSpecimen","Coleccion",NA,"UNICACH","SPECIES","HEM","M.M.M. | M.A.D.V.","2000","Perez-Farrera, M.A.","E","HEM2025",1,"Loxogramme mexicana",15.101,-92.0952222222222,"2013-06-27","change1: Filled coordinateUncertaintyInMeters from decimal-place precision (conservative). | epi_taxo: acceptedName(match1); authorship_epig(match1); genus_from_scientificName; family_WFO; order_majorGroup_WCVP [2026-03-11] | CoordinateCleaner QA applied without sea test (validity, equal, zeros, capitals, centroids, gbif, institutions) [2026-03-29]","standardized authors names in recordedBy / standardized authors names in identifiedBy","Colección","M.M.M. & M.A.D.V.","M.A. Pérez-Farrera"
"3372","HEM2025_3372","PreservedSpecimen","Coleccion",NA,"UNICACH","SPECIES","HEM","M.M.M. | M.C.R.M.","2635","N.M.M.","E","HEM2025",1,"Loxogramme mexicana",15.1495833333333,-92.1474166666667,"2013-11-15","change1: Filled coordinateUncertaintyInMeters from decimal-place precision (conservative). | epi_taxo: acceptedName(match1); authorship_epig(match1); genus_from_scientificName; family_WFO; order_majorGroup_WCVP [2026-03-11] | CoordinateCleaner QA applied without sea test (validity, equal, zeros, capitals, centroids, gbif, institutions) [2026-03-29]","standardized authors names in recordedBy","Colección","M.M.M. & M.C.R.M.","N.M.M."
"3373","HEM2025_3373","PreservedSpecimen","Coleccion",NA,"UNICACH","SPECIES","HEM","M.M.M. | M.C.R.M.","2905","N.M.M.","E","HEM2025",1,"Loxogramme mexicana",15.1515555555556,-92.1447222222222,"2013-11-30","change1: Filled coordinateUncertaintyInMeters from decimal-place precision (conservative). | epi_taxo: acceptedName(match1); authorship_epig(match1); genus_from_scientificName; family_WFO; order_majorGroup_WCVP [2026-03-11] | CoordinateCleaner QA applied without sea test (validity, equal, zeros, capitals, centroids, gbif, institutions) [2026-03-29]","standardized authors names in recordedBy","Colección","M.M.M. & M.C.R.M.","N.M.M."
"3374","HEM2025_3374","PreservedSpecimen","Coleccion",NA,"UNICACH","SPECIES","HEM","M.M.M. | S.H.J. | J.A.B.B.","5795","N.M.M.","E","HEM2025",1,"Loxogramme mexicana",15.2348888888889,-92.30525,"2015-05-01","change1: Filled coordinateUncertaintyInMeters from decimal-place precision (conservative). | epi_taxo: acceptedName(match1); authorship_epig(match1); genus_from_scientificName; family_WFO; order_majorGroup_WCVP [2026-03-11] | CoordinateCleaner QA applied without sea test (validity, equal, zeros, capitals, centroids, gbif, institutions) [2026-03-29]","standardized authors names in recordedBy","Colección","M.M.M. & S.H.J. & J.A.B.B.","N.M.M."
"3375","HEM2025_3375","PreservedSpecimen","Coleccion",NA,"UNICACH","SPECIES","HEM","M.M.M. | S.H.J. | J.A.B.B.","5828","N.M.M.","E","HEM2025",1,"Loxogramme mexicana",15.2371111111111,-92.3004444444444,"2015-05-02","change1: Filled coordinateUncertaintyInMeters from decimal-place precision (conservative). | epi_taxo: acceptedName(match1); authorship_epig(match1); genus_from_scientificName; family_WFO; order_majorGroup_WCVP [2026-03-11] | CoordinateCleaner QA applied without sea test (validity, equal, zeros, capitals, centroids, gbif, institutions) [2026-03-29]","standardized authors names in recordedBy","Colección","M.M.M. & S.H.J. & J.A.B.B.","N.M.M."
"3376","HEM2025_3376","PreservedSpecimen","Coleccion",NA,"UNICACH","SPECIES","HEM","M.M.M. | S.H.J. | V.E.G.J.","6024","N.M.M.","E","HEM2025",1,"Loxogramme mexicana",15.2342222222222,-92.3172777777778,"2015-06-01","change1: Filled coordinateUncertaintyInMeters from decimal-place precision (conservative). | epi_taxo: acceptedName(match1); authorship_epig(match1); genus_from_scientificName; family_WFO; order_majorGroup_WCVP [2026-03-11] | CoordinateCleaner QA applied without sea test (validity, equal, zeros, capitals, centroids, gbif, institutions) [2026-03-29]","standardized authors names in recordedBy","Colección","M.M.M. & S.H.J. & V.E.G.J.","N.M.M."
"3377","HEM2025_3377","PreservedSpecimen","Coleccion",NA,"UNICACH","SPECIES","HEM","Perez-Farrera, M.A.","381","Camilo, R.M.","E","HEM2025",1,"Grammitis anfractuosa",16.1972222222222,-93.7083333333333,"1995-05-24","change1: Filled coordinateUncertaintyInMeters from decimal-place precision (conservative). | epi_taxo: acceptedName(match1); authorship_epig(match1); genus_from_scientificName; family_WFO; order_majorGroup_WCVP [2026-03-11] | CoordinateCleaner QA applied without sea test (validity, equal, zeros, capitals, centroids, gbif, institutions) [2026-03-29]","standardized authors names in recordedBy / standardized authors names in identifiedBy","Colección","M.A. Pérez-Farrera","R.M. Camilo"
"3378","HEM2025_3378","PreservedSpecimen","Coleccion",NA,"UNICACH","SPECIES","HEM","E.M.S. | A.M.G. | G.U. | M.R.","19583","Perez-Farrera, M.A.","E","HEM2025",1,"Grammitis anfractuosa",15.1275,-92.1108333333333,"1987-02-06","change1: Filled coordinateUncertaintyInMeters from decimal-place precision (conservative). | epi_taxo: acceptedName(match1); authorship_epig(match1); genus_from_scientificName; family_WFO; order_majorGroup_WCVP [2026-03-11] | CoordinateCleaner QA applied without sea test (validity, equal, zeros, capitals, centroids, gbif, institutions) [2026-03-29]","standardized authors names in recordedBy / standardized authors names in identifiedBy","Colección","E.M.S. & A.M.G. & G.U. & M.R.","M.A. Pérez-Farrera"
"3379","HEM2025_3379","PreservedSpecimen","Coleccion",NA,"UNICACH","SPECIES","HEM","Perez-Farrera, M.A.","626","Perez-Farrera, M.A.","E","HEM2025",1,"Grammitis anfractuosa",16.3166666666667,-93.6166666666667,"1995-07-18","change1: Filled coordinateUncertaintyInMeters from decimal-place precision (conservative). | epi_taxo: acceptedName(match1); authorship_epig(match1); genus_from_scientificName; family_WFO; order_majorGroup_WCVP [2026-03-11] | CoordinateCleaner QA applied without sea test (validity, equal, zeros, capitals, centroids, gbif, institutions) [2026-03-29]","standardized authors names in recordedBy / standardized authors names in identifiedBy","Colección","M.A. Pérez-Farrera","M.A. Pérez-Farrera"
"3380","HEM2025_3380","PreservedSpecimen","Coleccion",NA,"UNICACH","SPECIES","HEM","H.G.D.","1215","M.E.L.M.","E","HEM2025",1,"Grammitis firma",15.4841388888889,-92.6805277777778,"","change1: Filled coordinateUncertaintyInMeters from decimal-place precision (conservative). | epi_taxo: acceptedName(match1); authorship_epig(match1); genus_from_scientificName; family_WFO; order_majorGroup_WCVP [2026-03-11] | CoordinateCleaner QA applied without sea test (validity, equal, zeros, capitals, centroids, gbif, institutions) [2026-03-29]","","Colección","H.G.D.","M.E.L.M."
"3381","HEM2025_3381","PreservedSpecimen","Coleccion",NA,"UNICACH","SPECIES","HEM","Perez-Farrera, M.A.","1052-bis","Perez-Farrera, M.A.","E","HEM2025",1,"Grammitis firma",15.6166666666667,-92.8,"1996-08-09","change1: Filled coordinateUncertaintyInMeters from decimal-place precision (conservative). | epi_taxo: acceptedName(match1); authorship_epig(match1); genus_from_scientificName; family_WFO; order_majorGroup_WCVP [2026-03-11] | CoordinateCleaner QA applied without sea test (validity, equal, zeros, capitals, centroids, gbif, institutions) [2026-03-29]","standardized authors names in recordedBy / standardized authors names in identifiedBy","Colección","M.A. Pérez-Farrera","M.A. Pérez-Farrera"
"3382","HEM2025_3382","PreservedSpecimen","Coleccion",NA,"UNICACH","SPECIES","HEM","Perez-Farrera, M.A.","979","A.R.S.","E","HEM2025",1,"Grammitis firma",15.6441666666667,-92.8275,"1996-08-09","change1: Filled coordinateUncertaintyInMeters from decimal-place precision (conservative). | epi_taxo: acceptedName(match1); authorship_epig(match1); genus_from_scientificName; family_WFO; order_majorGroup_WCVP [2026-03-11] | CoordinateCleaner QA applied without sea test (validity, equal, zeros, capitals, centroids, gbif, institutions) [2026-03-29]","standardized authors names in recordedBy","Colección","M.A. Pérez-Farrera","A.R.S."
"3383","HEM2025_3383","PreservedSpecimen","Coleccion",NA,"UNICACH","SPECIES","HEM","H.P.U.","11","Perez-Farrera, M.A.","E","HEM2025",1,"Grammitis leptostoma",16.2508333333333,-92.1325,"1986-05-24","change1: Filled coordinateUncertaintyInMeters from decimal-place precision (conservative). | epi_taxo: acceptedName(match1); authorship_epig(match1); genus_from_scientificName; family_WFO; order_majorGroup_WCVP [2026-03-11] | CoordinateCleaner QA applied without sea test (validity, equal, zeros, capitals, centroids, gbif, institutions) [2026-03-29]","standardized authors names in identifiedBy","Colección","H.P.U.","M.A. Pérez-Farrera"
"3384","HEM2025_3384","PreservedSpecimen","Coleccion",NA,"UNICACH","SPECIES","HEM","H.P.U.","11","Perez-Farrera, M.A.","E","HEM2025",1,"Grammitis leptostoma",16.2508333333333,-92.1325,"1986-05-24","change1: Filled coordinateUncertaintyInMeters from decimal-place precision (conservative). | epi_taxo: acceptedName(match1); authorship_epig(match1); genus_from_scientificName; family_WFO; order_majorGroup_WCVP [2026-03-11] | CoordinateCleaner QA applied without sea test (validity, equal, zeros, capitals, centroids, gbif, institutions) [2026-03-29]","standardized authors names in identifiedBy","Colección","H.P.U.","M.A. Pérez-Farrera"
"3385","HEM2025_3385","PreservedSpecimen","Coleccion",NA,"UNICACH","SPECIES","HEM","N.M.M.","1764","Perez-Farrera, M.A.","E","HEM2025",1,"Grammitis melanosticta",15.7441416666667,-93.0340888888889,"2006-10-13","change1: Filled coordinateUncertaintyInMeters from decimal-place precision (conservative). | epi_taxo: acceptedName(match1); authorship_epig(match1); genus_from_scientificName; family_WFO; order_majorGroup_WCVP [2026-03-11] | CoordinateCleaner QA applied without sea test (validity, equal, zeros, capitals, centroids, gbif, institutions) [2026-03-29]","standardized authors names in identifiedBy","Colección","N.M.M.","M.A. Pérez-Farrera"
"3386","HEM2025_3386","PreservedSpecimen","Coleccion",NA,"UNICACH","SPECIES","HEM","R.R.S.","613","R.R.S.","E","HEM2025",1,"Grammitis pilosissima",15.5490833333333,-92.6077222222222,"2005-08-06","change1: Filled coordinateUncertaintyInMeters from decimal-place precision (conservative). | epi_taxo: acceptedName(match1); authorship_epig(match1); genus_from_scientificName; family_WFO; order_majorGroup_WCVP [2026-03-11] | CoordinateCleaner QA applied without sea test (validity, equal, zeros, capitals, centroids, gbif, institutions) [2026-03-29]","","Colección","R.R.S.","R.R.S."
"3387","HEM2025_3387","PreservedSpecimen","Coleccion",NA,"UNICACH","SPECIES","HEM","M.E.L.M.","18","M.E.L.M.","E","HEM2025",1,"Grammitis pilosissima",15.8530555555556,-93.1511111111111,"1998-01-22","change1: Filled coordinateUncertaintyInMeters from decimal-place precision (conservative). | epi_taxo: acceptedName(match1); authorship_epig(match1); genus_from_scientificName; family_WFO; order_majorGroup_WCVP [2026-03-11] | CoordinateCleaner QA applied without sea test (validity, equal, zeros, capitals, centroids, gbif, institutions) [2026-03-29]","","Colección","M.E.L.M.","M.E.L.M."
"3388","HEM2025_3388","PreservedSpecimen","Coleccion",NA,"UNICACH","SPECIES","HEM","J.M.M.","1237","M.E.L.M.","E","HEM2025",1,"Grammitis pilosissima",15.5648611111111,-92.6209722222222,"2006-03-25","change1: Filled coordinateUncertaintyInMeters from decimal-place precision (conservative). | epi_taxo: acceptedName(match1); authorship_epig(match1); genus_from_scientificName; family_WFO; order_majorGroup_WCVP [2026-03-11] | CoordinateCleaner QA applied without sea test (validity, equal, zeros, capitals, centroids, gbif, institutions) [2026-03-29]","","Colección","J.M.M.","M.E.L.M."
"3389","HEM2025_3389","PreservedSpecimen","Coleccion",NA,"UNICACH","SPECIES","HEM","J.M.M.","1481","J.M.M.","E","HEM2025",1,"Grammitis pilosissima",15.8213888888889,-93.0488888888889,"2006-07-24","change1: Filled coordinateUncertaintyInMeters from decimal-place precision (conservative). | epi_taxo: acceptedName(match1); authorship_epig(match1); genus_from_scientificName; family_WFO; order_majorGroup_WCVP [2026-03-11] | CoordinateCleaner QA applied without sea test (validity, equal, zeros, capitals, centroids, gbif, institutions) [2026-03-29]","","Colección","J.M.M.","J.M.M."
"3390","HEM2025_3390","PreservedSpecimen","Coleccion",NA,"UNICACH","SPECIES","HEM","M.M.M. | M.D.E.M.","520","Perez-Farrera, M.A.","E","HEM2025",1,"Grammitis pilosissima",15.2585833333333,-92.2159444444444,"2013-03-06","change1: Filled coordinateUncertaintyInMeters from decimal-place precision (conservative). | epi_taxo: acceptedName(match1); authorship_epig(match1); genus_from_scientificName; family_WFO; order_majorGroup_WCVP [2026-03-11] | CoordinateCleaner QA applied without sea test (validity, equal, zeros, capitals, centroids, gbif, institutions) [2026-03-29]","standardized authors names in recordedBy / standardized authors names in identifiedBy","Colección","M.M.M. & M.D.E.M.","M.A. Pérez-Farrera"
"3391","HEM2025_3391","PreservedSpecimen","Coleccion",NA,"UNICACH","SPECIES","HEM","Perez-Farrera, M.A.","622","Perez-Farrera, M.A.","E","HEM2025",1,"Grammitis pilosissima",16.3166666666667,-93.6166666666667,"1995-07-18","change1: Filled coordinateUncertaintyInMeters from decimal-place precision (conservative). | epi_taxo: acceptedName(match1); authorship_epig(match1); genus_from_scientificName; family_WFO; order_majorGroup_WCVP [2026-03-11] | CoordinateCleaner QA applied without sea test (validity, equal, zeros, capitals, centroids, gbif, institutions) [2026-03-29]","standardized authors names in recordedBy / standardized authors names in identifiedBy","Colección","M.A. Pérez-Farrera","M.A. Pérez-Farrera"
"3392","HEM2025_3392","PreservedSpecimen","Coleccion",NA,"UNICACH","SPECIES","HEM","Perez-Farrera, M.A.","871","Perez-Farrera, M.A.","E","HEM2025",1,"Grammitis xiphopteroides",15.5833333333333,-92.25,"1996-02-25","change1: Filled coordinateUncertaintyInMeters from decimal-place precision (conservative). | epi_taxo: acceptedName(match1); authorship_epig(match1); genus_from_scientificName; family_WFO; order_majorGroup_WCVP [2026-03-11] | CoordinateCleaner QA applied without sea test (validity, equal, zeros, capitals, centroids, gbif, institutions) [2026-03-29]","standardized authors names in recordedBy / standardized authors names in identifiedBy","Colección","M.A. Pérez-Farrera","M.A. Pérez-Farrera"
"3393","HEM2025_3393","PreservedSpecimen","Coleccion",NA,"UNICACH","SPECIES","HEM","Perez-Farrera, M.A.","871","Perez-Farrera, M.A.","E","HEM2025",1,"Grammitis xiphopteroides",15.5833333333333,-92.25,"1996-02-25","change1: Filled coordinateUncertaintyInMeters from decimal-place precision (conservative). | epi_taxo: acceptedName(match1); authorship_epig(match1); genus_from_scientificName; family_WFO; order_majorGroup_WCVP [2026-03-11] | CoordinateCleaner QA applied without sea test (validity, equal, zeros, capitals, centroids, gbif, institutions) [2026-03-29]","standardized authors names in recordedBy / standardized authors names in identifiedBy","Colección","M.A. Pérez-Farrera","M.A. Pérez-Farrera"
"3394","HEM2025_3394","PreservedSpecimen","Coleccion",NA,"UNICACH","SPECIES","HEM","N.M.M.","1140","Perez-Farrera, M.A.","E","HEM2025",1,"Grammitis xiphopteroides",15.6566666666667,-92.8080555555556,"2005-08-06","change1: Filled coordinateUncertaintyInMeters from decimal-place precision (conservative). | epi_taxo: acceptedName(match1); authorship_epig(match1); genus_from_scientificName; family_WFO; order_majorGroup_WCVP [2026-03-11] | CoordinateCleaner QA applied without sea test (validity, equal, zeros, capitals, centroids, gbif, institutions) [2026-03-29]","standardized authors names in identifiedBy","Colección","N.M.M.","M.A. Pérez-Farrera"
"3395","HEM2025_3395","PreservedSpecimen","Coleccion",NA,"UNICACH","SPECIES","HEM","Perez-Farrera, M.A.","1113","M.E.L.M.","E","HEM2025",1,"Grammitis xiphopteroides",15.6166666666667,-92.8,"1996-08-10","change1: Filled coordinateUncertaintyInMeters from decimal-place precision (conservative). | epi_taxo: acceptedName(match1); authorship_epig(match1); genus_from_scientificName; family_WFO; order_majorGroup_WCVP [2026-03-11] | CoordinateCleaner QA applied without sea test (validity, equal, zeros, capitals, centroids, gbif, institutions) [2026-03-29]","standardized authors names in recordedBy","Colección","M.A. Pérez-Farrera","M.E.L.M."
"3396","HEM2025_3396","PreservedSpecimen","Coleccion",NA,"UNICACH","SPECIES","HEM","J.M.M.","1569","M.E.L.M.","E","HEM2025",1,"Grammitis xiphopteroides",15.4221944444444,-92.6244166666667,"2006-11-15","change1: Filled coordinateUncertaintyInMeters from decimal-place precision (conservative). | epi_taxo: acceptedName(match1); authorship_epig(match1); genus_from_scientificName; family_WFO; order_majorGroup_WCVP [2026-03-11] | CoordinateCleaner QA applied without sea test (validity, equal, zeros, capitals, centroids, gbif, institutions) [2026-03-29]","","Colección","J.M.M.","M.E.L.M."
"3397","HEM2025_3397","PreservedSpecimen","Coleccion",NA,"UNICACH","SPECIES","HEM","M.E.L.M.","298","M.E.L.M.","E","HEM2025",1,"Grammitis xiphopteroides",15.7013888888889,-92.9838888888889,"1999-04-14","change1: Filled coordinateUncertaintyInMeters from decimal-place precision (conservative). | epi_taxo: acceptedName(match1); authorship_epig(match1); genus_from_scientificName; family_WFO; order_majorGroup_WCVP [2026-03-11] | CoordinateCleaner QA applied without sea test (validity, equal, zeros, capitals, centroids, gbif, institutions) [2026-03-29]","","Colección","M.E.L.M.","M.E.L.M."
"3398","HEM2025_3398","PreservedSpecimen","Coleccion",NA,"UNICACH","SPECIES","HEM","M.E.L.M.","129","M.E.L.M.","E","HEM2025",1,"Grammitis xiphopteroides",15.6641666666667,-92.8136111111111,"1998-02-26","change1: Filled coordinateUncertaintyInMeters from decimal-place precision (conservative). | epi_taxo: acceptedName(match1); authorship_epig(match1); genus_from_scientificName; family_WFO; order_majorGroup_WCVP [2026-03-11] | CoordinateCleaner QA applied without sea test (validity, equal, zeros, capitals, centroids, gbif, institutions) [2026-03-29]","","Colección","M.E.L.M.","M.E.L.M."
"3399","HEM2025_3399","PreservedSpecimen","Coleccion",NA,"UNICACH","SPECIES","HEM","M.M.M. | A.L.C.","4882","N.M.M.","E","HEM2025",1,"Grammitis xiphopteroides",15.0976111111111,-92.168,"2014-08-16","change1: Filled coordinateUncertaintyInMeters from decimal-place precision (conservative). | epi_taxo: acceptedName(match1); authorship_epig(match1); genus_from_scientificName; family_WFO; order_majorGroup_WCVP [2026-03-11] | CoordinateCleaner QA applied without sea test (validity, equal, zeros, capitals, centroids, gbif, institutions) [2026-03-29]","standardized authors names in recordedBy","Colección","M.M.M. & A.L.C.","N.M.M."
"3400","HEM2025_3400","PreservedSpecimen","Coleccion",NA,"UNICACH","SPECIES","HEM","M.A.H.M.","12-bis","M.A.H.M.","E","HEM2025",1,"Microgramma nitida",16.9866666666667,-93.3697222222222,"2003-05-10","change1: Filled coordinateUncertaintyInMeters from decimal-place precision (conservative). | epi_taxo: acceptedName(match1); authorship_epig(match1); genus_from_scientificName; family_WFO; order_majorGroup_WCVP [2026-03-11] | CoordinateCleaner QA applied without sea test (validity, equal, zeros, capitals, centroids, gbif, institutions) [2026-03-29]","","Colección","M.A.H.M.","M.A.H.M."
"3401","HEM2025_3401","PreservedSpecimen","Coleccion",NA,"UNICACH","SPECIES","HEM","Perez-Farrera, M.A.","2234-bis","Perez-Farrera, M.A.","E","HEM2025",1,"Grammitis basiattenuata",16.8858333333333,-94.1188888888889,"2000-01-20","change1: Filled coordinateUncertaintyInMeters from decimal-place precision (conservative). | epi_taxo: acceptedName(match1); authorship_epig(match1); genus_from_scientificName; family_WFO; order_majorGroup_WCVP [2026-03-11] | CoordinateCleaner QA applied without sea test (validity, equal, zeros, capitals, centroids, gbif, institutions) [2026-03-29]","standardized authors names in recordedBy / standardized authors names in identifiedBy","Colección","M.A. Pérez-Farrera","M.A. Pérez-Farrera"
"3402","HEM2025_3402","PreservedSpecimen","Coleccion",NA,"UNICACH","SPECIES","HEM","N.D.","24","M.E.L.M.","E","HEM2025",1,"Grammitis taenifolia",16.0791666666667,-91.6708333333333,"1988-10-11","change1: Filled coordinateUncertaintyInMeters from decimal-place precision (conservative). | epi_taxo: acceptedName(match1); authorship_epig(match1); genus_from_scientificName; family_WFO; order_majorGroup_WCVP [2026-03-11] | CoordinateCleaner QA applied without sea test (validity, equal, zeros, capitals, centroids, gbif, institutions) [2026-03-29]","standardized authors names in recordedBy","Colección","ND","M.E.L.M."
"3403","HEM2025_3403","PreservedSpecimen","Coleccion",NA,"UNICACH","SPECIES","HEM","Camilo, R.M. | M.I.L.R. | N.A.F.R.","2371","Camilo, R.M.","E","HEM2025",1,"Campyloneurum crassifolium",15.0971666666667,-92.1433055555556,"2014-07-08","change1: Filled coordinateUncertaintyInMeters from decimal-place precision (conservative). | epi_taxo: acceptedName(match1); authorship_epig(match1); genus_from_scientificName; family_WFO; order_majorGroup_WCVP [2026-03-11] | CoordinateCleaner QA applied without sea test (validity, equal, zeros, capitals, centroids, gbif, institutions) [2026-03-29]","standardized authors names in recordedBy / standardized authors names in identifiedBy","Colección","R.M. Camilo & M.I.L.R. & N.A.F.R.","R.M. Camilo"
"3404","HEM2025_3404","PreservedSpecimen","Coleccion",NA,"UNICACH","SPECIES","HEM","N.M.M. | M.M.M. | R.V.H.","3178","Perez-Farrera, M.A.","E","HEM2025",1,"Campyloneurum crassifolium",15.1036666666667,-92.1015277777778,"2014-09-23","change1: Filled coordinateUncertaintyInMeters from decimal-place precision (conservative). | epi_taxo: acceptedName(match1); authorship_epig(match1); genus_from_scientificName; family_WFO; order_majorGroup_WCVP [2026-03-11] | CoordinateCleaner QA applied without sea test (validity, equal, zeros, capitals, centroids, gbif, institutions) [2026-03-29]","standardized authors names in recordedBy / standardized authors names in identifiedBy","Colección","N.M.M. & M.M.M. & R.V.H.","M.A. Pérez-Farrera"
"3405","HEM2025_3405","PreservedSpecimen","Coleccion",NA,"UNICACH","SPECIES","HEM","M.M.M. | M.C.R.M.","5136","N.M.M.","E","HEM2025",1,"Campyloneurum crassifolium",15.1046944444444,-92.1807222222222,"2014-09-17","change1: Filled coordinateUncertaintyInMeters from decimal-place precision (conservative). | epi_taxo: acceptedName(match1); authorship_epig(match1); genus_from_scientificName; family_WFO; order_majorGroup_WCVP [2026-03-11] | CoordinateCleaner QA applied without sea test (validity, equal, zeros, capitals, centroids, gbif, institutions) [2026-03-29]","standardized authors names in recordedBy","Colección","M.M.M. & M.C.R.M.","N.M.M."
"3406","HEM2025_3406","PreservedSpecimen","Coleccion",NA,"UNICACH","SPECIES","HEM","M.M.M. | M.C.R.M.","5289","N.M.M.","E","HEM2025",1,"Campyloneurum crassifolium",15.0847222222222,-92.175,"2014-09-22","change1: Filled coordinateUncertaintyInMeters from decimal-place precision (conservative). | epi_taxo: acceptedName(match1); authorship_epig(match1); genus_from_scientificName; family_WFO; order_majorGroup_WCVP [2026-03-11] | CoordinateCleaner QA applied without sea test (validity, equal, zeros, capitals, centroids, gbif, institutions) [2026-03-29]","standardized authors names in recordedBy","Colección","M.M.M. & M.C.R.M.","N.M.M."
"3407","HEM2025_3407","PreservedSpecimen","Coleccion",NA,"UNICACH","SPECIES","HEM","Camilo, R.M. | N.M.M.","2677","N.M.M.","E","HEM2025",1,"Campyloneurum crassifolium",15.0988611111111,-92.1681388888889,"2014-08-17","change1: Filled coordinateUncertaintyInMeters from decimal-place precision (conservative). | epi_taxo: acceptedName(match1); authorship_epig(match1); genus_from_scientificName; family_WFO; order_majorGroup_WCVP [2026-03-11] | CoordinateCleaner QA applied without sea test (validity, equal, zeros, capitals, centroids, gbif, institutions) [2026-03-29]","standardized authors names in recordedBy","Colección","R.M. Camilo & N.M.M.","N.M.M."
"3408","HEM2025_3408","PreservedSpecimen","Coleccion",NA,"UNICACH","SPECIES","HEM","N.M.M. | M.M.M. | E.C.N.","3973","N.M.M. | Camilo, R.M.","E","HEM2025",1,"Campyloneurum crassifolium",15.1032777777778,-92.1645555555556,"2015-03-10","change1: Filled coordinateUncertaintyInMeters from decimal-place precision (conservative). | epi_taxo: acceptedName(match1); authorship_epig(match1); genus_from_scientificName; family_WFO; order_majorGroup_WCVP [2026-03-11] | CoordinateCleaner QA applied without sea test (validity, equal, zeros, capitals, centroids, gbif, institutions) [2026-03-29]","standardized authors names in recordedBy / standardized authors names in identifiedBy","Colección","N.M.M. & M.M.M. & E.C.N.","N.M.M. & R.M. Camilo"
"3409","HEM2025_3409","PreservedSpecimen","Coleccion",NA,"UNICACH","SPECIES","HEM","Camilo, R.M. | R.V.H. | M.M.M.","2896","Camilo, R.M.","E","HEM2025",1,"Campyloneurum crassifolium",15.1259166666667,-92.1876944444444,"2015-03-25","change1: Filled coordinateUncertaintyInMeters from decimal-place precision (conservative). | epi_taxo: acceptedName(match1); authorship_epig(match1); genus_from_scientificName; family_WFO; order_majorGroup_WCVP [2026-03-11] | CoordinateCleaner QA applied without sea test (validity, equal, zeros, capitals, centroids, gbif, institutions) [2026-03-29]","standardized authors names in recordedBy / standardized authors names in identifiedBy","Colección","R.M. Camilo & R.V.H. & M.M.M.","R.M. Camilo"
"3410","HEM2025_3410","PreservedSpecimen","Coleccion",NA,"UNICACH","SPECIES","HEM","Perez-Farrera, M.A.","2367","Perez-Farrera, M.A.","E","HEM2025",1,"Campyloneurum crassifolium",17.2302777777778,-92.4108333333333,"2000-04-13","change1: Filled coordinateUncertaintyInMeters from decimal-place precision (conservative). | epi_taxo: acceptedName(match1); authorship_epig(match1); genus_from_scientificName; family_WFO; order_majorGroup_WCVP [2026-03-11] | CoordinateCleaner QA applied without sea test (validity, equal, zeros, capitals, centroids, gbif, institutions) [2026-03-29]","standardized authors names in recordedBy / standardized authors names in identifiedBy","Colección","M.A. Pérez-Farrera","M.A. Pérez-Farrera"
"3411","HEM2025_3411","PreservedSpecimen","Coleccion",NA,"UNICACH","SPECIES","HEM","Perez-Farrera, M.A.","2367","Perez-Farrera, M.A.","E","HEM2025",1,"Campyloneurum crassifolium",17.2302777777778,-92.4108333333333,"2000-04-13","change1: Filled coordinateUncertaintyInMeters from decimal-place precision (conservative). | epi_taxo: acceptedName(match1); authorship_epig(match1); genus_from_scientificName; family_WFO; order_majorGroup_WCVP [2026-03-11] | CoordinateCleaner QA applied without sea test (validity, equal, zeros, capitals, centroids, gbif, institutions) [2026-03-29]","standardized authors names in recordedBy / standardized authors names in identifiedBy","Colección","M.A. Pérez-Farrera","M.A. Pérez-Farrera"
"3412","HEM2025_3412","PreservedSpecimen","Coleccion",NA,"UNICACH","SPECIES","HEM","J.M.M.","1088","M.E.L.M.","E","HEM2025",1,"Pecluma alfredii",15.8013055555556,-93.0518333333333,"2005-08-23","change1: Filled coordinateUncertaintyInMeters from decimal-place precision (conservative). | epi_taxo: acceptedName(match1); authorship_epig(match1); genus_from_scientificName; family_WFO; order_majorGroup_WCVP [2026-03-11] | CoordinateCleaner QA applied without sea test (validity, equal, zeros, capitals, centroids, gbif, institutions) [2026-03-29]","","Colección","J.M.M.","M.E.L.M."
"3413","HEM2025_3413","PreservedSpecimen","Coleccion",NA,"UNICACH","SPECIES","HEM","Perez-Farrera, M.A.","1946","Perez-Farrera, M.A.","E","HEM2025",1,"Pecluma alfredii",16.5108333333333,-94.1275,"1999-05-20","change1: Filled coordinateUncertaintyInMeters from decimal-place precision (conservative). | epi_taxo: acceptedName(match1); authorship_epig(match1); genus_from_scientificName; family_WFO; order_majorGroup_WCVP [2026-03-11] | CoordinateCleaner QA applied without sea test (validity, equal, zeros, capitals, centroids, gbif, institutions) [2026-03-29]","standardized authors names in recordedBy / standardized authors names in identifiedBy","Colección","M.A. Pérez-Farrera","M.A. Pérez-Farrera"
"3414","HEM2025_3414","PreservedSpecimen","Coleccion",NA,"UNICACH","SPECIES","HEM","Perez-Farrera, M.A.","1142","Perez-Farrera, M.A.","E","HEM2025",1,"Pecluma alfredii",15.1527777777778,-92.5677777777778,"1996-08-11","change1: Filled coordinateUncertaintyInMeters from decimal-place precision (conservative). | epi_taxo: acceptedName(match1); authorship_epig(match1); genus_from_scientificName; family_WFO; order_majorGroup_WCVP [2026-03-11] | CoordinateCleaner QA applied without sea test (validity, equal, zeros, capitals, centroids, gbif, institutions) [2026-03-29]","standardized authors names in recordedBy / standardized authors names in identifiedBy","Colección","M.A. Pérez-Farrera","M.A. Pérez-Farrera"
"3415","HEM2025_3415","PreservedSpecimen","Coleccion",NA,"UNICACH","SPECIES","HEM","Perez-Farrera, M.A.","972","Perez-Farrera, M.A.","E","HEM2025",1,"Pecluma alfredii",15.6441666666667,-92.8275,"2006-06-07","change1: Filled coordinateUncertaintyInMeters from decimal-place precision (conservative). | epi_taxo: acceptedName(match1); authorship_epig(match1); genus_from_scientificName; family_WFO; order_majorGroup_WCVP [2026-03-11] | CoordinateCleaner QA applied without sea test (validity, equal, zeros, capitals, centroids, gbif, institutions) [2026-03-29]","standardized authors names in recordedBy / standardized authors names in identifiedBy","Colección","M.A. Pérez-Farrera","M.A. Pérez-Farrera"
"3416","HEM2025_3416","PreservedSpecimen","Coleccion",NA,"UNICACH","SPECIES","HEM","N.M.M.","1757","Perez-Farrera, M.A.","E","HEM2025",1,"Pecluma alfredii",15.7230555555556,-93.0013888888889,"2006-10-13","change1: Filled coordinateUncertaintyInMeters from decimal-place precision (conservative). | epi_taxo: acceptedName(match1); authorship_epig(match1); genus_from_scientificName; family_WFO; order_majorGroup_WCVP [2026-03-11] | CoordinateCleaner QA applied without sea test (validity, equal, zeros, capitals, centroids, gbif, institutions) [2026-03-29]","standardized authors names in identifiedBy","Colección","N.M.M.","M.A. Pérez-Farrera"
"3417","HEM2025_3417","PreservedSpecimen","Coleccion",NA,"UNICACH","SPECIES","HEM","Chagala, J.L.","87","M.E.L.M.","E","HEM2025",1,"Pecluma alfredii",15.5750277777778,-92.7436944444444,"","change1: Filled coordinateUncertaintyInMeters from decimal-place precision (conservative). | epi_taxo: acceptedName(match1); authorship_epig(match1); genus_from_scientificName; family_WFO; order_majorGroup_WCVP [2026-03-11] | CoordinateCleaner QA applied without sea test (validity, equal, zeros, capitals, centroids, gbif, institutions) [2026-03-29]","standardized authors names in recordedBy","Colección","J.L. Chagala","M.E.L.M."
"3418","HEM2025_3418","PreservedSpecimen","Coleccion",NA,"UNICACH","SPECIES","HEM","Perez-Farrera, M.A.","1074","M.E.L.M.","E","HEM2025",1,"Pecluma alfredii",15.6166666666667,-92.8,"1996-08-10","change1: Filled coordinateUncertaintyInMeters from decimal-place precision (conservative). | epi_taxo: acceptedName(match1); authorship_epig(match1); genus_from_scientificName; family_WFO; order_majorGroup_WCVP [2026-03-11] | CoordinateCleaner QA applied without sea test (validity, equal, zeros, capitals, centroids, gbif, institutions) [2026-03-29]","standardized authors names in recordedBy","Colección","M.A. Pérez-Farrera","M.E.L.M."
"3419","HEM2025_3419","PreservedSpecimen","Coleccion",NA,"UNICACH","SPECIES","HEM","M.M.M. | D.A.J.L.","3320","N.M.M.","E","HEM2025",1,"Pecluma alfredii",15.1383333333333,-92.1394444444445,"2013-12-15","change1: Filled coordinateUncertaintyInMeters from decimal-place precision (conservative). | epi_taxo: acceptedName(match1); authorship_epig(match1); genus_from_scientificName; family_WFO; order_majorGroup_WCVP [2026-03-11] | CoordinateCleaner QA applied without sea test (validity, equal, zeros, capitals, centroids, gbif, institutions) [2026-03-29]","standardized authors names in recordedBy","Colección","M.M.M. & D.A.J.L.","N.M.M."
"3420","HEM2025_3420","PreservedSpecimen","Coleccion",NA,"UNICACH","SPECIES","HEM","C.C.G.","4","Perez-Farrera, M.A.","E","HEM2025",1,"Pecluma alfredii",16.8108333333333,-92.6608333333333,"2002-09-21","change1: Filled coordinateUncertaintyInMeters from decimal-place precision (conservative). | epi_taxo: acceptedName(match1); authorship_epig(match1); genus_from_scientificName; family_WFO; order_majorGroup_WCVP [2026-03-11] | CoordinateCleaner QA applied without sea test (validity, equal, zeros, capitals, centroids, gbif, institutions) [2026-03-29]","standardized authors names in identifiedBy","Colección","C.C.G.","M.A. Pérez-Farrera"
"3421","HEM2025_3421","PreservedSpecimen","Coleccion",NA,"UNICACH","SPECIES","HEM","C.C.G.","2","M.E.L.M.","E","HEM2025",1,"Pecluma alfredii",16.8108333333333,-92.6608333333333,"2002-09-21","change1: Filled coordinateUncertaintyInMeters from decimal-place precision (conservative). | epi_taxo: acceptedName(match1); authorship_epig(match1); genus_from_scientificName; family_WFO; order_majorGroup_WCVP [2026-03-11] | CoordinateCleaner QA applied without sea test (validity, equal, zeros, capitals, centroids, gbif, institutions) [2026-03-29]","","Colección","C.C.G.","M.E.L.M."
"3422","HEM2025_3422","PreservedSpecimen","Coleccion",NA,"UNICACH","SPECIES","HEM","N.V.A.","13","E.V.M.","E","HEM2025",1,"Pecluma alfredii",17.2144444444444,-93.0816666666667,"2002-10-12","change1: Filled coordinateUncertaintyInMeters from decimal-place precision (conservative). | epi_taxo: acceptedName(match1); authorship_epig(match1); genus_from_scientificName; family_WFO; order_majorGroup_WCVP [2026-03-11] | CoordinateCleaner QA applied without sea test (validity, equal, zeros, capitals, centroids, gbif, institutions) [2026-03-29]","","Colección","N.V.A.","E.V.M."
"3423","HEM2025_3423","PreservedSpecimen","Coleccion",NA,"UNICACH","SPECIES","HEM","N.M.M.","223","Perez-Farrera, M.A.","E","HEM2025",1,"Pecluma alfredii",15.8011111111111,-93.0177777777778,"2002-02-23","change1: Filled coordinateUncertaintyInMeters from decimal-place precision (conservative). | epi_taxo: acceptedName(match1); authorship_epig(match1); genus_from_scientificName; family_WFO; order_majorGroup_WCVP [2026-03-11] | CoordinateCleaner QA applied without sea test (validity, equal, zeros, capitals, centroids, gbif, institutions) [2026-03-29]","standardized authors names in identifiedBy","Colección","N.M.M.","M.A. Pérez-Farrera"
"3424","HEM2025_3424","PreservedSpecimen","Coleccion",NA,"UNICACH","SPECIES","HEM","Najarro, F.H.","151","M.E.L.M.","E","HEM2025",1,"Pecluma atra",16.9108333333333,-93.2441666666667,"1999-02-10","change1: Filled coordinateUncertaintyInMeters from decimal-place precision (conservative). | epi_taxo: acceptedName(match1); authorship_epig(match1); genus_from_scientificName; family_WFO; order_majorGroup_WCVP [2026-03-11] | CoordinateCleaner QA applied without sea test (validity, equal, zeros, capitals, centroids, gbif, institutions) [2026-03-29]","standardized authors names in recordedBy","Colección","F.H. Najarro","M.E.L.M."
"3425","HEM2025_3425","PreservedSpecimen","Coleccion",NA,"UNICACH","SPECIES","HEM","Perez-Farrera, M.A.","236","Riba, R.","E","HEM2025",1,"Pecluma atra",16.1944444444444,-93.6083333333333,"1995-04-03","change1: Filled coordinateUncertaintyInMeters from decimal-place precision (conservative). | epi_taxo: acceptedName(match1); authorship_epig(match1); genus_from_scientificName; family_WFO; order_majorGroup_WCVP [2026-03-11] | CoordinateCleaner QA applied without sea test (validity, equal, zeros, capitals, centroids, gbif, institutions) [2026-03-29]","standardized authors names in recordedBy / standardized authors names in identifiedBy","Colección","M.A. Pérez-Farrera","R. Riba"
"3426","HEM2025_3426","PreservedSpecimen","Coleccion",NA,"UNICACH","SPECIES","HEM","G.C.L.H.","69","Perez-Farrera, M.A.","E","HEM2025",1,"Pecluma atra",15.7213888888889,-92.9522222222222,"2001-07-31","change1: Filled coordinateUncertaintyInMeters from decimal-place precision (conservative). | epi_taxo: acceptedName(match1); authorship_epig(match1); genus_from_scientificName; family_WFO; order_majorGroup_WCVP [2026-03-11] | CoordinateCleaner QA applied without sea test (validity, equal, zeros, capitals, centroids, gbif, institutions) [2026-03-29]","standardized authors names in identifiedBy","Colección","G.C.L.H.","M.A. Pérez-Farrera"
"3427","HEM2025_3427","PreservedSpecimen","Coleccion",NA,"UNICACH","SPECIES","HEM","M.M.M. | M.A.D.V.","1988","N.M.M. | J.M.M.","E","HEM2025",1,"Pecluma atra",15.101,-92.0952222222222,"2013-07-04","change1: Filled coordinateUncertaintyInMeters from decimal-place precision (conservative). | epi_taxo: acceptedName(match1); authorship_epig(match1); genus_from_scientificName; family_WFO; order_majorGroup_WCVP [2026-03-11] | CoordinateCleaner QA applied without sea test (validity, equal, zeros, capitals, centroids, gbif, institutions) [2026-03-29]","standardized authors names in recordedBy / standardized authors names in identifiedBy","Colección","M.M.M. & M.A.D.V.","N.M.M. & J.M.M."
"3428","HEM2025_3428","PreservedSpecimen","Coleccion",NA,"UNICACH","SPECIES","HEM","Perez-Farrera, M.A.","595","Perez-Farrera, M.A.","E","HEM2025",1,"Pecluma atra",16.3177777777778,-93.6236111111111,"1995-07-18","change1: Filled coordinateUncertaintyInMeters from decimal-place precision (conservative). | epi_taxo: acceptedName(match1); authorship_epig(match1); genus_from_scientificName; family_WFO; order_majorGroup_WCVP [2026-03-11] | CoordinateCleaner QA applied without sea test (validity, equal, zeros, capitals, centroids, gbif, institutions) [2026-03-29]","standardized authors names in recordedBy / standardized authors names in identifiedBy","Colección","M.A. Pérez-Farrera","M.A. Pérez-Farrera"
"3429","HEM2025_3429","PreservedSpecimen","Coleccion",NA,"UNICACH","SPECIES","HEM","D.D.O.","16","E.V.M.","E","HEM2025",1,"Pecluma consimilis",16.74,-92.97,"2002-09-06","change1: Filled coordinateUncertaintyInMeters from decimal-place precision (conservative). | epi_taxo: acceptedName(match1); authorship_epig(match1); genus_from_scientificName; family_WFO; order_majorGroup_WCVP [2026-03-11] | CoordinateCleaner QA applied without sea test (validity, equal, zeros, capitals, centroids, gbif, institutions) [2026-03-29]","","Colección","D.D.O.","E.V.M."
"3430","HEM2025_3430","PreservedSpecimen","Coleccion",NA,"UNICACH","SPECIES","HEM","D.D.O.","16","E.V.M.","E","HEM2025",1,"Pecluma consimilis",16.74,-92.97,"2002-09-06","change1: Filled coordinateUncertaintyInMeters from decimal-place precision (conservative). | epi_taxo: acceptedName(match1); authorship_epig(match1); genus_from_scientificName; family_WFO; order_majorGroup_WCVP [2026-03-11] | CoordinateCleaner QA applied without sea test (validity, equal, zeros, capitals, centroids, gbif, institutions) [2026-03-29]","","Colección","D.D.O.","E.V.M."
"3431","HEM2025_3431","PreservedSpecimen","Coleccion",NA,"UNICACH","FORM","HEM","M.M.M. | M.D.E.M.","1335","J.A.E.J.","E","HEM2025",1,"Pecluma dulcis",15.0847777777778,-92.0990833333333,"2013-04-25","change1: Corrected taxonRank (SPECIES→FORM); kept scientificName as-is. | change2: Filled coordinateUncertaintyInMeters from decimal-place precision (conservative). | epi_taxo: acceptedName(match1); authorship_epig(match1); genus_from_scientificName; family_WFO; order_majorGroup_WCVP [2026-03-11] | CoordinateCleaner QA applied without sea test (validity, equal, zeros, capitals, centroids, gbif, institutions) [2026-03-29]","standardized authors names in recordedBy","Colección","M.M.M. & M.D.E.M.","J.A.E.J."
"3432","HEM2025_3432","PreservedSpecimen","Coleccion",NA,"UNICACH","SPECIES","HEM","Perez-Farrera, M.A.","17","Perez-Farrera, M.A.","E","HEM2025",1,"Pecluma ferruginea",16.9127777777778,-93.1594444444444,"1993-09-16","change1: Filled coordinateUncertaintyInMeters from decimal-place precision (conservative). | epi_taxo: acceptedName(match1); authorship_epig(match1); genus_from_scientificName; family_WFO; order_majorGroup_WCVP [2026-03-11] | CoordinateCleaner QA applied without sea test (validity, equal, zeros, capitals, centroids, gbif, institutions) [2026-03-29]","standardized authors names in recordedBy / standardized authors names in identifiedBy","Colección","M.A. Pérez-Farrera","M.A. Pérez-Farrera"
"3433","HEM2025_3433","PreservedSpecimen","Coleccion",NA,"UNICACH","SPECIES","HEM","Najarro, F.H.","413","E.V.M.","E","HEM2025",1,"Pecluma ferruginea",16.3527777777778,-93.9319444444445,"1999-09-24","change1: Filled coordinateUncertaintyInMeters from decimal-place precision (conservative). | epi_taxo: acceptedName(match1); authorship_epig(match1); genus_from_scientificName; family_WFO; order_majorGroup_WCVP [2026-03-11] | CoordinateCleaner QA applied without sea test (validity, equal, zeros, capitals, centroids, gbif, institutions) [2026-03-29]","standardized authors names in recordedBy","Colección","F.H. Najarro","E.V.M."
"3434","HEM2025_3434","PreservedSpecimen","Coleccion",NA,"UNICACH","SPECIES","HEM","M.E.L.M.","11","Riba, R.","E","HEM2025",1,"Pecluma ferruginea",15.8666666666667,-93.1666666666667,"1998-01-22","change1: Filled coordinateUncertaintyInMeters from decimal-place precision (conservative). | epi_taxo: acceptedName(match1); authorship_epig(match1); genus_from_scientificName; family_WFO; order_majorGroup_WCVP [2026-03-11] | CoordinateCleaner QA applied without sea test (validity, equal, zeros, capitals, centroids, gbif, institutions) [2026-03-29]","standardized authors names in identifiedBy","Colección","M.E.L.M.","R. Riba"
"3435","HEM2025_3435","PreservedSpecimen","Coleccion",NA,"UNICACH","FORM","HEM","M.E.L.M.","61","J.A.E.J.","E","HEM2025",1,"Pecluma hartwegiana",15.425,-92.6333333333333,"1998-01-25","change1: Corrected taxonRank (SPECIES→FORM); kept scientificName as-is. | change2: Filled coordinateUncertaintyInMeters from decimal-place precision (conservative). | epi_taxo: acceptedName(match1); authorship_epig(match1); genus_from_scientificName; family_WFO; order_majorGroup_WCVP [2026-03-11] | CoordinateCleaner QA applied without sea test (validity, equal, zeros, capitals, centroids, gbif, institutions) [2026-03-29]","","Colección","M.E.L.M.","J.A.E.J."
"3436","HEM2025_3436","PreservedSpecimen","Coleccion",NA,"UNICACH","GENUS","HEM","Perez-Farrera, M.A.","434","M.E.L.M.","E","HEM2025",NA,"",16.3416666666667,-93.7083333333333,"1995-05-25","change1: Genus placeholder (sp./spp.): moved to 'genus', set taxonRank=GENUS, cleared scientificName; kept original in verbatim. | change2: Filled coordinateUncertaintyInMeters from decimal-place precision (conservative). | epi_taxo: acceptedName(match1); authorship_epig(match1); genus_from_scientificName; family_WFO; order_majorGroup_WCVP [2026-03-11] | CoordinateCleaner QA applied without sea test (validity, equal, zeros, capitals, centroids, gbif, institutions) [2026-03-29]","standardized authors names in recordedBy","Colección","M.A. Pérez-Farrera","M.E.L.M."
"3437","HEM2025_3437","PreservedSpecimen","Coleccion",NA,"UNICACH","SPECIES","HEM","J.B.Z.","11","M.E.L.M.","E","HEM2025",1,"Phlebodium areolatum",16.0791666666667,-91.6708333333333,"2003-08-04","change1: Filled coordinateUncertaintyInMeters from decimal-place precision (conservative). | epi_taxo: acceptedName(match1); authorship_epig(match1); genus_from_scientificName; family_WFO; order_majorGroup_WCVP [2026-03-11] | CoordinateCleaner QA applied without sea test (validity, equal, zeros, capitals, centroids, gbif, institutions) [2026-03-29]","","Colección","J.B.Z.","M.E.L.M."
"3438","HEM2025_3438","PreservedSpecimen","Coleccion",NA,"UNICACH","SPECIES","HEM","Chagala, J.L.","91","M.E.L.M.","E","HEM2025",1,"Phlebodium areolatum",15.5750277777778,-92.7436944444444,"","change1: Filled coordinateUncertaintyInMeters from decimal-place precision (conservative). | epi_taxo: acceptedName(match1); authorship_epig(match1); genus_from_scientificName; family_WFO; order_majorGroup_WCVP [2026-03-11] | CoordinateCleaner QA applied without sea test (validity, equal, zeros, capitals, centroids, gbif, institutions) [2026-03-29]","standardized authors names in recordedBy","Colección","J.L. Chagala","M.E.L.M."
"3439","HEM2025_3439","PreservedSpecimen","Coleccion",NA,"UNICACH","SPECIES","HEM","M.D.R.S.","223","M.E.L.M.","E","HEM2025",1,"Phlebodium areolatum",15.6260555555556,-92.6291944444444,"2005-06-15","change1: Filled coordinateUncertaintyInMeters from decimal-place precision (conservative). | epi_taxo: acceptedName(match1); authorship_epig(match1); genus_from_scientificName; family_WFO; order_majorGroup_WCVP [2026-03-11] | CoordinateCleaner QA applied without sea test (validity, equal, zeros, capitals, centroids, gbif, institutions) [2026-03-29]","","Colección","M.D.R.S.","M.E.L.M."
"3440","HEM2025_3440","PreservedSpecimen","Coleccion",NA,"UNICACH","SPECIES","HEM","M.D.R.S.","317","R.R.S.","E","HEM2025",1,"Phlebodium areolatum",15.5976388888889,-92.6570277777778,"2005-07-22","change1: Filled coordinateUncertaintyInMeters from decimal-place precision (conservative). | epi_taxo: acceptedName(match1); authorship_epig(match1); genus_from_scientificName; family_WFO; order_majorGroup_WCVP [2026-03-11] | CoordinateCleaner QA applied without sea test (validity, equal, zeros, capitals, centroids, gbif, institutions) [2026-03-29]","","Colección","M.D.R.S.","R.R.S."
"3441","HEM2025_3441","PreservedSpecimen","Coleccion",NA,"UNICACH","SPECIES","HEM","C.A.P.B.","56","C.A.P.B.","E","HEM2025",1,"Phlebodium areolatum",15.7974444444444,-93.0759166666667,"2005-07-15","change1: Filled coordinateUncertaintyInMeters from decimal-place precision (conservative). | epi_taxo: acceptedName(match1); authorship_epig(match1); genus_from_scientificName; family_WFO; order_majorGroup_WCVP [2026-03-11] | CoordinateCleaner QA applied without sea test (validity, equal, zeros, capitals, centroids, gbif, institutions) [2026-03-29]","","Colección","C.A.P.B.","C.A.P.B."
"3442","HEM2025_3442","PreservedSpecimen","Coleccion",NA,"UNICACH","SPECIES","HEM","J.M.M.","880","J.M.M.","E","HEM2025",1,"Phlebodium areolatum",15.8059166666667,-93.0508055555556,"2005-06-06","change1: Filled coordinateUncertaintyInMeters from decimal-place precision (conservative). | epi_taxo: acceptedName(match1); authorship_epig(match1); genus_from_scientificName; family_WFO; order_majorGroup_WCVP [2026-03-11] | CoordinateCleaner QA applied without sea test (validity, equal, zeros, capitals, centroids, gbif, institutions) [2026-03-29]","","Colección","J.M.M.","J.M.M."
"3443","HEM2025_3443","PreservedSpecimen","Coleccion",NA,"UNICACH","SPECIES","HEM","J.M.M.","564","J.M.M.","E","HEM2025",1,"Phlebodium areolatum",15.8137222222222,-93.0535555555555,"2004-11-04","change1: Filled coordinateUncertaintyInMeters from decimal-place precision (conservative). | epi_taxo: acceptedName(match1); authorship_epig(match1); genus_from_scientificName; family_WFO; order_majorGroup_WCVP [2026-03-11] | CoordinateCleaner QA applied without sea test (validity, equal, zeros, capitals, centroids, gbif, institutions) [2026-03-29]","","Colección","J.M.M.","J.M.M."
"3444","HEM2025_3444","PreservedSpecimen","Coleccion",NA,"UNICACH","SPECIES","HEM","N.V.A.","1-BIS","M.E.L.M.","E","HEM2025",1,"Phlebodium areolatum",17.0561111111111,-92.8597222222222,"2002-10-05","change1: Filled coordinateUncertaintyInMeters from decimal-place precision (conservative). | epi_taxo: acceptedName(match1); authorship_epig(match1); genus_from_scientificName; family_WFO; order_majorGroup_WCVP [2026-03-11] | CoordinateCleaner QA applied without sea test (validity, equal, zeros, capitals, centroids, gbif, institutions) [2026-03-29]","","Colección","N.V.A.","M.E.L.M."
"3445","HEM2025_3445","PreservedSpecimen","Coleccion",NA,"UNICACH","SPECIES","HEM","N.V.A.","10","M.E.L.M.","E","HEM2025",1,"Phlebodium areolatum",17.2144444444444,-93.0816666666667,"2002-10-12","change1: Filled coordinateUncertaintyInMeters from decimal-place precision (conservative). | epi_taxo: acceptedName(match1); authorship_epig(match1); genus_from_scientificName; family_WFO; order_majorGroup_WCVP [2026-03-11] | CoordinateCleaner QA applied without sea test (validity, equal, zeros, capitals, centroids, gbif, institutions) [2026-03-29]","","Colección","N.V.A.","M.E.L.M."
"3446","HEM2025_3446","PreservedSpecimen","Coleccion",NA,"UNICACH","SPECIES","HEM","M.A.R.V.","16","M.E.L.M.","E","HEM2025",1,"Phlebodium areolatum",16.8702777777778,-93.2052777777778,"2003-05-05","change1: Filled coordinateUncertaintyInMeters from decimal-place precision (conservative). | epi_taxo: acceptedName(match1); authorship_epig(match1); genus_from_scientificName; family_WFO; order_majorGroup_WCVP [2026-03-11] | CoordinateCleaner QA applied without sea test (validity, equal, zeros, capitals, centroids, gbif, institutions) [2026-03-29]","","Colección","M.A.R.V.","M.E.L.M."
"3447","HEM2025_3447","PreservedSpecimen","Coleccion",NA,"UNICACH","SPECIES","HEM","J.M.M.","1434","J.M.M.","E","HEM2025",1,"Phlebodium areolatum",15.5839444444444,-92.7269722222222,"2006-08-08","change1: Filled coordinateUncertaintyInMeters from decimal-place precision (conservative). | epi_taxo: acceptedName(match1); authorship_epig(match1); genus_from_scientificName; family_WFO; order_majorGroup_WCVP [2026-03-11] | CoordinateCleaner QA applied without sea test (validity, equal, zeros, capitals, centroids, gbif, institutions) [2026-03-29]","","Colección","J.M.M.","J.M.M."
"3448","HEM2025_3448","PreservedSpecimen","Coleccion",NA,"UNICACH","SPECIES","HEM","Perez-Farrera, M.A.","3009-bis","M.E.L.M.","E","HEM2025",1,"Phlebodium areolatum",16.2100555555556,-93.5839166666667,"2006-08-11","change1: Filled coordinateUncertaintyInMeters from decimal-place precision (conservative). | epi_taxo: acceptedName(match1); authorship_epig(match1); genus_from_scientificName; family_WFO; order_majorGroup_WCVP [2026-03-11] | CoordinateCleaner QA applied without sea test (validity, equal, zeros, capitals, centroids, gbif, institutions) [2026-03-29]","standardized authors names in recordedBy","Colección","M.A. Pérez-Farrera","M.E.L.M."
"3449","HEM2025_3449","PreservedSpecimen","Coleccion",NA,"UNICACH","SPECIES","HEM","H.G.D.","1325","H.G.D.","E","HEM2025",1,"Phlebodium areolatum",15.7084444444444,-92.7269166666667,"2006-07-21","change1: Filled coordinateUncertaintyInMeters from decimal-place precision (conservative). | epi_taxo: acceptedName(match1); authorship_epig(match1); genus_from_scientificName; family_WFO; order_majorGroup_WCVP [2026-03-11] | CoordinateCleaner QA applied without sea test (validity, equal, zeros, capitals, centroids, gbif, institutions) [2026-03-29]","","Colección","H.G.D.","H.G.D."
"3450","HEM2025_3450","PreservedSpecimen","Coleccion",NA,"UNICACH","SPECIES","HEM","J.M.M.","1502","J.M.M.","E","HEM2025",1,"Phlebodium areolatum",17.1558888888889,-93.1401944444444,"2006-09-20","change1: Filled coordinateUncertaintyInMeters from decimal-place precision (conservative). | epi_taxo: acceptedName(match1); authorship_epig(match1); genus_from_scientificName; family_WFO; order_majorGroup_WCVP [2026-03-11] | CoordinateCleaner QA applied without sea test (validity, equal, zeros, capitals, centroids, gbif, institutions) [2026-03-29]","","Colección","J.M.M.","J.M.M."
"3451","HEM2025_3451","PreservedSpecimen","Coleccion",NA,"UNICACH","SPECIES","HEM","E.P.E. | D.E.B.","370","E.P.E.","E","HEM2025",1,"Phlebodium areolatum",16.5108333333333,-94.1275,"1988-05-05","change1: Filled coordinateUncertaintyInMeters from decimal-place precision (conservative). | epi_taxo: acceptedName(match1); authorship_epig(match1); genus_from_scientificName; family_WFO; order_majorGroup_WCVP [2026-03-11] | CoordinateCleaner QA applied without sea test (validity, equal, zeros, capitals, centroids, gbif, institutions) [2026-03-29]","standardized authors names in recordedBy","Colección","E.P.E. & D.E.B.","E.P.E."
"3452","HEM2025_3452","PreservedSpecimen","Coleccion",NA,"UNICACH","SPECIES","HEM","M.M.M. | M.D.E.M.","1267","Perez-Farrera, M.A.","E","HEM2025",1,"Phlebodium areolatum",15.08625,-92.0986944444444,"2013-04-27","change1: Filled coordinateUncertaintyInMeters from decimal-place precision (conservative). | epi_taxo: acceptedName(match1); authorship_epig(match1); genus_from_scientificName; family_WFO; order_majorGroup_WCVP [2026-03-11] | CoordinateCleaner QA applied without sea test (validity, equal, zeros, capitals, centroids, gbif, institutions) [2026-03-29]","standardized authors names in recordedBy / standardized authors names in identifiedBy","Colección","M.M.M. & M.D.E.M.","M.A. Pérez-Farrera"
"3453","HEM2025_3453","PreservedSpecimen","Coleccion",NA,"UNICACH","SPECIES","HEM","M.M.M. | M.A.D.V.","1686","N.M.M.","E","HEM2025",1,"Phlebodium areolatum",15.0942777777778,-92.1151111111111,"2013-05-23","change1: Filled coordinateUncertaintyInMeters from decimal-place precision (conservative). | epi_taxo: acceptedName(match1); authorship_epig(match1); genus_from_scientificName; family_WFO; order_majorGroup_WCVP [2026-03-11] | CoordinateCleaner QA applied without sea test (validity, equal, zeros, capitals, centroids, gbif, institutions) [2026-03-29]","standardized authors names in recordedBy","Colección","M.M.M. & M.A.D.V.","N.M.M."
"3454","HEM2025_3454","PreservedSpecimen","Coleccion",NA,"UNICACH","SPECIES","HEM","M.M.M. | M.A.D.V.","1762","N.M.M. | J.M.M.","E","HEM2025",1,"Phlebodium areolatum",15.0959444444444,-92.11525,"2013-05-26","change1: Filled coordinateUncertaintyInMeters from decimal-place precision (conservative). | epi_taxo: acceptedName(match1); authorship_epig(match1); genus_from_scientificName; family_WFO; order_majorGroup_WCVP [2026-03-11] | CoordinateCleaner QA applied without sea test (validity, equal, zeros, capitals, centroids, gbif, institutions) [2026-03-29]","standardized authors names in recordedBy / standardized authors names in identifiedBy","Colección","M.M.M. & M.A.D.V.","N.M.M. & J.M.M."
"3455","HEM2025_3455","PreservedSpecimen","Coleccion",NA,"UNICACH","SPECIES","HEM","Perez-Farrera, M.A.","593","Perez-Farrera, M.A.","E","HEM2025",1,"Phlebodium areolatum",16.3441666666667,-93.6441666666667,"1995-07-18","change1: Filled coordinateUncertaintyInMeters from decimal-place precision (conservative). | epi_taxo: acceptedName(match1); authorship_epig(match1); genus_from_scientificName; family_WFO; order_majorGroup_WCVP [2026-03-11] | CoordinateCleaner QA applied without sea test (validity, equal, zeros, capitals, centroids, gbif, institutions) [2026-03-29]","standardized authors names in recordedBy / standardized authors names in identifiedBy","Colección","M.A. Pérez-Farrera","M.A. Pérez-Farrera"
"3456","HEM2025_3456","PreservedSpecimen","Coleccion",NA,"UNICACH","SPECIES","HEM","E.U.H.","12","Najarro, F.H.","E","HEM2025",1,"Phlebodium aureum",15.0625,-92.0844444444444,"2006-08-02","change1: Filled coordinateUncertaintyInMeters from decimal-place precision (conservative). | epi_taxo: acceptedName(match1); authorship_epig(match1); genus_from_scientificName; family_WFO; order_majorGroup_WCVP [2026-03-11] | CoordinateCleaner QA applied without sea test (validity, equal, zeros, capitals, centroids, gbif, institutions) [2026-03-29]","standardized authors names in identifiedBy","Colección","E.U.H.","F.H. Najarro"
"3457","HEM2025_3457","PreservedSpecimen","Coleccion",NA,"UNICACH","SPECIES","HEM","T.E.C.C.","105","T.E.C.C","E","HEM2025",1,"Phlebodium aureum",16.7866111111111,-94.0265833333333,"2007-07-09","change1: Filled coordinateUncertaintyInMeters from decimal-place precision (conservative). | epi_taxo: acceptedName(match1); authorship_epig(match1); genus_from_scientificName; family_WFO; order_majorGroup_WCVP [2026-03-11] | CoordinateCleaner QA applied without sea test (validity, equal, zeros, capitals, centroids, gbif, institutions) [2026-03-29]","standardized authors names in recordedBy","Colección","T.E.C.C","T.E.C.C"
"3458","HEM2025_3458","PreservedSpecimen","Coleccion",NA,"UNICACH","SPECIES","HEM","N.M.M. | M.M.M. | R.V.H.","4245","N.M.M.","E","HEM2025",1,"Phlebodium aureum",15.0956944444444,-92.0981666666667,"2015-05-04","change1: Filled coordinateUncertaintyInMeters from decimal-place precision (conservative). | epi_taxo: acceptedName(match1); authorship_epig(match1); genus_from_scientificName; family_WFO; order_majorGroup_WCVP [2026-03-11] | CoordinateCleaner QA applied without sea test (validity, equal, zeros, capitals, centroids, gbif, institutions) [2026-03-29]","standardized authors names in recordedBy","Colección","N.M.M. & M.M.M. & R.V.H.","N.M.M."
"3459","HEM2025_3459","PreservedSpecimen","Coleccion",NA,"UNICACH","SPECIES","HEM","J.M.M.","528","Perez-Farrera, M.A.","E","HEM2025",1,"Phlebodium areolatum",15.8079722222222,-93.0486666666667,"2004-11-07","change1: Filled coordinateUncertaintyInMeters from decimal-place precision (conservative). | epi_taxo: acceptedName(match1); authorship_epig(match1); genus_from_scientificName; family_WFO; order_majorGroup_WCVP [2026-03-11] | CoordinateCleaner QA applied without sea test (validity, equal, zeros, capitals, centroids, gbif, institutions) [2026-03-29]","standardized authors names in identifiedBy","Colección","J.M.M.","M.A. Pérez-Farrera"
"3460","HEM2025_3460","PreservedSpecimen","Coleccion",NA,"UNICACH","SPECIES","HEM","Gonzalez, A.G.","8","E.V.M.","E","HEM2025",1,"Phlebodium areolatum",17.2144444444444,-93.0816666666667,"2002-10-20","change1: Filled coordinateUncertaintyInMeters from decimal-place precision (conservative). | epi_taxo: acceptedName(match1); authorship_epig(match1); genus_from_scientificName; family_WFO; order_majorGroup_WCVP [2026-03-11] | CoordinateCleaner QA applied without sea test (validity, equal, zeros, capitals, centroids, gbif, institutions) [2026-03-29]","standardized authors names in recordedBy","Colección","A.G. González","E.V.M."
"3461","HEM2025_3461","PreservedSpecimen","Coleccion",NA,"UNICACH","SPECIES","HEM","J.A.V.V.","15","E.V.M.","E","HEM2025",1,"Phlebodium areolatum",17.1544444444444,-92.8838888888889,"2002-08-18","change1: Filled coordinateUncertaintyInMeters from decimal-place precision (conservative). | epi_taxo: acceptedName(match1); authorship_epig(match1); genus_from_scientificName; family_WFO; order_majorGroup_WCVP [2026-03-11] | CoordinateCleaner QA applied without sea test (validity, equal, zeros, capitals, centroids, gbif, institutions) [2026-03-29]","","Colección","J.A.V.V.","E.V.M."
"3462","HEM2025_3462","PreservedSpecimen","Coleccion",NA,"UNICACH","SPECIES","HEM","Perez-Farrera, M.A.","399","Perez-Farrera, M.A.","E","HEM2025",1,"Phlebodium areolatum",16.1972222222222,-93.7083333333333,"1995-05-24","change1: Filled coordinateUncertaintyInMeters from decimal-place precision (conservative). | epi_taxo: acceptedName(match1); authorship_epig(match1); genus_from_scientificName; family_WFO; order_majorGroup_WCVP [2026-03-11] | CoordinateCleaner QA applied without sea test (validity, equal, zeros, capitals, centroids, gbif, institutions) [2026-03-29]","standardized authors names in recordedBy / standardized authors names in identifiedBy","Colección","M.A. Pérez-Farrera","M.A. Pérez-Farrera"
"3463","HEM2025_3463","PreservedSpecimen","Coleccion",NA,"UNICACH","SPECIES","HEM","C.V. | R.O.","102","Perez-Farrera, M.A.","E","HEM2025",1,"Phlebodium areolatum",15.4805555555556,-92.6055555555556,"1999-01-27","change1: Filled coordinateUncertaintyInMeters from decimal-place precision (conservative). | epi_taxo: acceptedName(match1); authorship_epig(match1); genus_from_scientificName; family_WFO; order_majorGroup_WCVP [2026-03-11] | CoordinateCleaner QA applied without sea test (validity, equal, zeros, capitals, centroids, gbif, institutions) [2026-03-29]","standardized authors names in recordedBy / standardized authors names in identifiedBy","Colección","C.V. & R.O.","M.A. Pérez-Farrera"
"3464","HEM2025_3464","PreservedSpecimen","Coleccion",NA,"UNICACH","SPECIES","HEM","N.V.A.","1","E.V.M.","E","HEM2025",1,"Phlebodium areolatum",17.0561111111111,-92.8597222222222,"2002-10-05","change1: Filled coordinateUncertaintyInMeters from decimal-place precision (conservative). | epi_taxo: acceptedName(match1); authorship_epig(match1); genus_from_scientificName; family_WFO; order_majorGroup_WCVP [2026-03-11] | CoordinateCleaner QA applied without sea test (validity, equal, zeros, capitals, centroids, gbif, institutions) [2026-03-29]","","Colección","N.V.A.","E.V.M."
"3465","HEM2025_3465","PreservedSpecimen","Coleccion",NA,"UNICACH","SPECIES","HEM","E.V.M.","10","E.V.M.","E","HEM2025",1,"Phlebodium areolatum",17.2144444444444,-93.0816666666667,"2002-10-12","change1: Filled coordinateUncertaintyInMeters from decimal-place precision (conservative). | epi_taxo: acceptedName(match1); authorship_epig(match1); genus_from_scientificName; family_WFO; order_majorGroup_WCVP [2026-03-11] | CoordinateCleaner QA applied without sea test (validity, equal, zeros, capitals, centroids, gbif, institutions) [2026-03-29]","","Colección","E.V.M.","E.V.M."
"3466","HEM2025_3466","PreservedSpecimen","Coleccion",NA,"UNICACH","SPECIES","HEM","J.C.R.","ND","Perez-Farrera, M.A.","E","HEM2025",1,"Phlebodium areolatum",17.1333333333333,-93.1888888888889,"1993-10-21","change1: Filled coordinateUncertaintyInMeters from decimal-place precision (conservative). | epi_taxo: acceptedName(match1); authorship_epig(match1); genus_from_scientificName; family_WFO; order_majorGroup_WCVP [2026-03-11] | CoordinateCleaner QA applied without sea test (validity, equal, zeros, capitals, centroids, gbif, institutions) [2026-03-29]","standardized authors names in identifiedBy","Colección","J.C.R.","M.A. Pérez-Farrera"
"3467","HEM2025_3467","PreservedSpecimen","Coleccion",NA,"UNICACH","SPECIES","HEM","J.C.R.","ND","Perez-Farrera, M.A.","E","HEM2025",1,"Phlebodium areolatum",17.1333333333333,-93.1888888888889,"1993-10-21","change1: Filled coordinateUncertaintyInMeters from decimal-place precision (conservative). | epi_taxo: acceptedName(match1); authorship_epig(match1); genus_from_scientificName; family_WFO; order_majorGroup_WCVP [2026-03-11] | CoordinateCleaner QA applied without sea test (validity, equal, zeros, capitals, centroids, gbif, institutions) [2026-03-29]","standardized authors names in identifiedBy","Colección","J.C.R.","M.A. Pérez-Farrera"
"3468","HEM2025_3468","PreservedSpecimen","Coleccion",NA,"UNICACH","SPECIES","HEM","G.L.V.","31","G.L.V.","E","HEM2025",1,"Pleopeltis angusta",15.0902777777778,-92.0972222222222,"2005-06-22","change1: Filled coordinateUncertaintyInMeters from decimal-place precision (conservative). | epi_taxo: acceptedName(match1); authorship_epig(match1); genus_from_scientificName; family_WFO; order_majorGroup_WCVP [2026-03-11] | CoordinateCleaner QA applied without sea test (validity, equal, zeros, capitals, centroids, gbif, institutions) [2026-03-29]","","Colección","G.L.V.","G.L.V."
"3469","HEM2025_3469","PreservedSpecimen","Coleccion",NA,"UNICACH","SPECIES","HEM","D.E.B.","65718","D.E.B.","E","HEM2025",1,"Pleopeltis angusta",15.2941666666667,-92.2775,"1986-07-11","change1: Filled coordinateUncertaintyInMeters from decimal-place precision (conservative). | epi_taxo: acceptedName(match1); authorship_epig(match1); genus_from_scientificName; family_WFO; order_majorGroup_WCVP [2026-03-11] | CoordinateCleaner QA applied without sea test (validity, equal, zeros, capitals, centroids, gbif, institutions) [2026-03-29]","","Colección","D.E.B.","D.E.B."
"3470","HEM2025_3470","PreservedSpecimen","Coleccion",NA,"UNICACH","SPECIES","HEM","Perez-Farrera, M.A.","787-bis","Perez-Farrera, M.A.","E","HEM2025",1,"Pleopeltis angusta",17.1388888888889,-93.1366666666667,"1995-10-28","change1: Filled coordinateUncertaintyInMeters from decimal-place precision (conservative). | epi_taxo: acceptedName(match1); authorship_epig(match1); genus_from_scientificName; family_WFO; order_majorGroup_WCVP [2026-03-11] | CoordinateCleaner QA applied without sea test (validity, equal, zeros, capitals, centroids, gbif, institutions) [2026-03-29]","standardized authors names in recordedBy / standardized authors names in identifiedBy","Colección","M.A. Pérez-Farrera","M.A. Pérez-Farrera"
"3471","HEM2025_3471","PreservedSpecimen","Coleccion",NA,"UNICACH","SPECIES","HEM","M.E.L.M.","17-bis","M.E.L.M.","E","HEM2025",1,"Pleopeltis angusta",15.8530555555556,-93.1511111111111,"1998-01-22","change1: Filled coordinateUncertaintyInMeters from decimal-place precision (conservative). | epi_taxo: acceptedName(match1); authorship_epig(match1); genus_from_scientificName; family_WFO; order_majorGroup_WCVP [2026-03-11] | CoordinateCleaner QA applied without sea test (validity, equal, zeros, capitals, centroids, gbif, institutions) [2026-03-29]","","Colección","M.E.L.M.","M.E.L.M."
"3472","HEM2025_3472","PreservedSpecimen","Coleccion",NA,"UNICACH","SPECIES","HEM","J.B.Z.","7-bis","M.E.L.M.","E","HEM2025",1,"Pleopeltis angusta",16.0791666666667,-91.6708333333333,"2003-08-04","change1: Filled coordinateUncertaintyInMeters from decimal-place precision (conservative). | epi_taxo: acceptedName(match1); authorship_epig(match1); genus_from_scientificName; family_WFO; order_majorGroup_WCVP [2026-03-11] | CoordinateCleaner QA applied without sea test (validity, equal, zeros, capitals, centroids, gbif, institutions) [2026-03-29]","","Colección","J.B.Z.","M.E.L.M."
"3473","HEM2025_3473","PreservedSpecimen","Coleccion",NA,"UNICACH","SPECIES","HEM","M.D.R.S.","216","R.R.S.","E","HEM2025",1,"Pleopeltis angusta",15.6260555555556,-92.6291944444444,"2005-06-15","change1: Filled coordinateUncertaintyInMeters from decimal-place precision (conservative). | epi_taxo: acceptedName(match1); authorship_epig(match1); genus_from_scientificName; family_WFO; order_majorGroup_WCVP [2026-03-11] | CoordinateCleaner QA applied without sea test (validity, equal, zeros, capitals, centroids, gbif, institutions) [2026-03-29]","","Colección","M.D.R.S.","R.R.S."
"3474","HEM2025_3474","PreservedSpecimen","Coleccion",NA,"UNICACH","SPECIES","HEM","M.D.R.S.","270","R.R.S.","E","HEM2025",1,"Pleopeltis angusta",15.5977222222222,-92.6570277777778,"2005-07-21","change1: Filled coordinateUncertaintyInMeters from decimal-place precision (conservative). | epi_taxo: acceptedName(match1); authorship_epig(match1); genus_from_scientificName; family_WFO; order_majorGroup_WCVP [2026-03-11] | CoordinateCleaner QA applied without sea test (validity, equal, zeros, capitals, centroids, gbif, institutions) [2026-03-29]","","Colección","M.D.R.S.","R.R.S."
"3475","HEM2025_3475","PreservedSpecimen","Coleccion",NA,"UNICACH","SPECIES","HEM","M.D.R.S.","336","R.R.S.","E","HEM2025",1,"Pleopeltis angusta",15.5976388888889,-92.6570277777778,"2005-07-22","change1: Filled coordinateUncertaintyInMeters from decimal-place precision (conservative). | epi_taxo: acceptedName(match1); authorship_epig(match1); genus_from_scientificName; family_WFO; order_majorGroup_WCVP [2026-03-11] | CoordinateCleaner QA applied without sea test (validity, equal, zeros, capitals, centroids, gbif, institutions) [2026-03-29]","","Colección","M.D.R.S.","R.R.S."
"3476","HEM2025_3476","PreservedSpecimen","Coleccion",NA,"UNICACH","SPECIES","HEM","N.M.M.","1081","J.M.M.","E","HEM2025",1,"Pleopeltis angusta",15.4593333333333,-92.6576111111111,"2005-07-23","change1: Filled coordinateUncertaintyInMeters from decimal-place precision (conservative). | epi_taxo: acceptedName(match1); authorship_epig(match1); genus_from_scientificName; family_WFO; order_majorGroup_WCVP [2026-03-11] | CoordinateCleaner QA applied without sea test (validity, equal, zeros, capitals, centroids, gbif, institutions) [2026-03-29]","","Colección","N.M.M.","J.M.M."
"3477","HEM2025_3477","PreservedSpecimen","Coleccion",NA,"UNICACH","SPECIES","HEM","B.C.L.","46","B.C.L.","E","HEM2025",1,"Pleopeltis angusta",15.5566666666667,-92.6038888888889,"2005-08-05","change1: Filled coordinateUncertaintyInMeters from decimal-place precision (conservative). | epi_taxo: acceptedName(match1); authorship_epig(match1); genus_from_scientificName; family_WFO; order_majorGroup_WCVP [2026-03-11] | CoordinateCleaner QA applied without sea test (validity, equal, zeros, capitals, centroids, gbif, institutions) [2026-03-29]","","Colección","B.C.L.","B.C.L."
"3478","HEM2025_3478","PreservedSpecimen","Coleccion",NA,"UNICACH","SPECIES","HEM","M.E.L.M.","229","M.E.L.M.","E","HEM2025",1,"Pleopeltis angusta",15.7227777777778,-92.9436111111111,"1999-06-12","change1: Filled coordinateUncertaintyInMeters from decimal-place precision (conservative). | epi_taxo: acceptedName(match1); authorship_epig(match1); genus_from_scientificName; family_WFO; order_majorGroup_WCVP [2026-03-11] | CoordinateCleaner QA applied without sea test (validity, equal, zeros, capitals, centroids, gbif, institutions) [2026-03-29]","","Colección","M.E.L.M.","M.E.L.M."
"3479","HEM2025_3479","PreservedSpecimen","Coleccion",NA,"UNICACH","SPECIES","HEM","Perez-Farrera, M.A.","1066","Perez-Farrera, M.A.","E","HEM2025",1,"Pleopeltis angusta",15.6166666666667,-92.8,"1996-08-10","change1: Filled coordinateUncertaintyInMeters from decimal-place precision (conservative). | epi_taxo: acceptedName(match1); authorship_epig(match1); genus_from_scientificName; family_WFO; order_majorGroup_WCVP [2026-03-11] | CoordinateCleaner QA applied without sea test (validity, equal, zeros, capitals, centroids, gbif, institutions) [2026-03-29]","standardized authors names in recordedBy / standardized authors names in identifiedBy","Colección","M.A. Pérez-Farrera","M.A. Pérez-Farrera"
"3480","HEM2025_3480","PreservedSpecimen","Coleccion",NA,"UNICACH","SPECIES","HEM","C.A.P.B.","126","C.A.P.B.","E","HEM2025",1,"Pleopeltis angusta",15.5566666666667,-92.6038888888889,"2005-08-05","change1: Filled coordinateUncertaintyInMeters from decimal-place precision (conservative). | epi_taxo: acceptedName(match1); authorship_epig(match1); genus_from_scientificName; family_WFO; order_majorGroup_WCVP [2026-03-11] | CoordinateCleaner QA applied without sea test (validity, equal, zeros, capitals, centroids, gbif, institutions) [2026-03-29]","","Colección","C.A.P.B.","C.A.P.B."
"3481","HEM2025_3481","PreservedSpecimen","Coleccion",NA,"UNICACH","SPECIES","HEM","Chagala, J.L.","57","Chagala, J.L.","E","HEM2025",1,"Pleopeltis angusta",15.8220555555556,-93.0455555555556,"2005-07-17","change1: Filled coordinateUncertaintyInMeters from decimal-place precision (conservative). | epi_taxo: acceptedName(match1); authorship_epig(match1); genus_from_scientificName; family_WFO; order_majorGroup_WCVP [2026-03-11] | CoordinateCleaner QA applied without sea test (validity, equal, zeros, capitals, centroids, gbif, institutions) [2026-03-29]","standardized authors names in recordedBy / standardized authors names in identifiedBy","Colección","J.L. Chagala","J.L. Chagala"
"3482","HEM2025_3482","PreservedSpecimen","Coleccion",NA,"UNICACH","SPECIES","HEM","J.M.M.","1087","J.M.M.","E","HEM2025",1,"Pleopeltis angusta",15.8013055555556,-93.0518333333333,"2005-08-23","change1: Filled coordinateUncertaintyInMeters from decimal-place precision (conservative). | epi_taxo: acceptedName(match1); authorship_epig(match1); genus_from_scientificName; family_WFO; order_majorGroup_WCVP [2026-03-11] | CoordinateCleaner QA applied without sea test (validity, equal, zeros, capitals, centroids, gbif, institutions) [2026-03-29]","","Colección","J.M.M.","J.M.M."
"3483","HEM2025_3483","PreservedSpecimen","Coleccion",NA,"UNICACH","SPECIES","HEM","Perez-Farrera, M.A.","397","Perez-Farrera, M.A.","E","HEM2025",1,"Pleopeltis angusta",16.1972222222222,-93.7083333333333,"1995-05-24","change1: Filled coordinateUncertaintyInMeters from decimal-place precision (conservative). | epi_taxo: acceptedName(match1); authorship_epig(match1); genus_from_scientificName; family_WFO; order_majorGroup_WCVP [2026-03-11] | CoordinateCleaner QA applied without sea test (validity, equal, zeros, capitals, centroids, gbif, institutions) [2026-03-29]","standardized authors names in recordedBy / standardized authors names in identifiedBy","Colección","M.A. Pérez-Farrera","M.A. Pérez-Farrera"
"3484","HEM2025_3484","PreservedSpecimen","Coleccion",NA,"UNICACH","SPECIES","HEM","H.P.U.","27","Perez-Farrera, M.A.","E","HEM2025",1,"Pleopeltis angusta",17.2397222222222,-92.3330555555555,"1986-08-31","change1: Filled coordinateUncertaintyInMeters from decimal-place precision (conservative). | epi_taxo: acceptedName(match1); authorship_epig(match1); genus_from_scientificName; family_WFO; order_majorGroup_WCVP [2026-03-11] | CoordinateCleaner QA applied without sea test (validity, equal, zeros, capitals, centroids, gbif, institutions) [2026-03-29]","standardized authors names in identifiedBy","Colección","H.P.U.","M.A. Pérez-Farrera"
"3485","HEM2025_3485","PreservedSpecimen","Coleccion",NA,"UNICACH","SPECIES","HEM","H.P.U.","27","Perez-Farrera, M.A.","E","HEM2025",1,"Pleopeltis angusta",17.2397222222222,-92.3330555555555,"1986-08-31","change1: Filled coordinateUncertaintyInMeters from decimal-place precision (conservative). | epi_taxo: acceptedName(match1); authorship_epig(match1); genus_from_scientificName; family_WFO; order_majorGroup_WCVP [2026-03-11] | CoordinateCleaner QA applied without sea test (validity, equal, zeros, capitals, centroids, gbif, institutions) [2026-03-29]","standardized authors names in identifiedBy","Colección","H.P.U.","M.A. Pérez-Farrera"
"3486","HEM2025_3486","PreservedSpecimen","Coleccion",NA,"UNICACH","SPECIES","HEM","Perez-Farrera, M.A.","256","Perez-Farrera, M.A.","E","HEM2025",1,"Pleopeltis angusta",16.1930555555556,-93.6213888888889,"1995-04-04","change1: Filled coordinateUncertaintyInMeters from decimal-place precision (conservative). | epi_taxo: acceptedName(match1); authorship_epig(match1); genus_from_scientificName; family_WFO; order_majorGroup_WCVP [2026-03-11] | CoordinateCleaner QA applied without sea test (validity, equal, zeros, capitals, centroids, gbif, institutions) [2026-03-29]","standardized authors names in recordedBy / standardized authors names in identifiedBy","Colección","M.A. Pérez-Farrera","M.A. Pérez-Farrera"
"3487","HEM2025_3487","PreservedSpecimen","Coleccion",NA,"UNICACH","SPECIES","HEM","Perez-Farrera, M.A.","127","Perez-Farrera, M.A.","E","HEM2025",1,"Pleopeltis angusta",16.1944444444444,-93.6083333333333,"1994-09-16","change1: Filled coordinateUncertaintyInMeters from decimal-place precision (conservative). | epi_taxo: acceptedName(match1); authorship_epig(match1); genus_from_scientificName; family_WFO; order_majorGroup_WCVP [2026-03-11] | CoordinateCleaner QA applied without sea test (validity, equal, zeros, capitals, centroids, gbif, institutions) [2026-03-29]","standardized authors names in recordedBy / standardized authors names in identifiedBy","Colección","M.A. Pérez-Farrera","M.A. Pérez-Farrera"
"3488","HEM2025_3488","PreservedSpecimen","Coleccion",NA,"UNICACH","SPECIES","HEM","E.M.L.","241","Perez-Farrera, M.A.","E","HEM2025",1,"Pleopeltis angusta",16.0011111111111,-93.4072222222222,"2002-06-29","change1: Filled coordinateUncertaintyInMeters from decimal-place precision (conservative). | epi_taxo: acceptedName(match1); authorship_epig(match1); genus_from_scientificName; family_WFO; order_majorGroup_WCVP [2026-03-11] | CoordinateCleaner QA applied without sea test (validity, equal, zeros, capitals, centroids, gbif, institutions) [2026-03-29]","standardized authors names in identifiedBy","Colección","E.M.L.","M.A. Pérez-Farrera"
"3489","HEM2025_3489","PreservedSpecimen","Coleccion",NA,"UNICACH","SPECIES","HEM","J.A.V.V.","9","J.A.V.V.","E","HEM2025",1,"Pleopeltis angusta",17.0608333333333,-92.8941666666667,"2002-09-26","change1: Filled coordinateUncertaintyInMeters from decimal-place precision (conservative). | epi_taxo: acceptedName(match1); authorship_epig(match1); genus_from_scientificName; family_WFO; order_majorGroup_WCVP [2026-03-11] | CoordinateCleaner QA applied without sea test (validity, equal, zeros, capitals, centroids, gbif, institutions) [2026-03-29]","","Colección","J.A.V.V.","J.A.V.V."
"3490","HEM2025_3490","PreservedSpecimen","Coleccion",NA,"UNICACH","SPECIES","HEM","J.S.","10","J.S.","E","HEM2025",1,"Pleopeltis angusta",16.0791666666667,-91.6708333333333,"2003-09-05","change1: Filled coordinateUncertaintyInMeters from decimal-place precision (conservative). | epi_taxo: acceptedName(match1); authorship_epig(match1); genus_from_scientificName; family_WFO; order_majorGroup_WCVP [2026-03-11] | CoordinateCleaner QA applied without sea test (validity, equal, zeros, capitals, centroids, gbif, institutions) [2026-03-29]","","Colección","J.S.","J.S."
"3491","HEM2025_3491","PreservedSpecimen","Coleccion",NA,"UNICACH","SPECIES","HEM","Perez-Farrera, M.A.","2543","Perez-Farrera, M.A.","E","HEM2025",1,"Pleopeltis angusta",15.7727777777778,-93.09,"2001-07-17","change1: Filled coordinateUncertaintyInMeters from decimal-place precision (conservative). | epi_taxo: acceptedName(match1); authorship_epig(match1); genus_from_scientificName; family_WFO; order_majorGroup_WCVP [2026-03-11] | CoordinateCleaner QA applied without sea test (validity, equal, zeros, capitals, centroids, gbif, institutions) [2026-03-29]","standardized authors names in recordedBy / standardized authors names in identifiedBy","Colección","M.A. Pérez-Farrera","M.A. Pérez-Farrera"
"3492","HEM2025_3492","PreservedSpecimen","Coleccion",NA,"UNICACH","SPECIES","HEM","E.M.L.","263","Perez-Farrera, M.A.","E","HEM2025",1,"Pleopeltis angusta",16.0130555555556,-93.4713888888889,"2002-08-22","change1: Filled coordinateUncertaintyInMeters from decimal-place precision (conservative). | epi_taxo: acceptedName(match1); authorship_epig(match1); genus_from_scientificName; family_WFO; order_majorGroup_WCVP [2026-03-11] | CoordinateCleaner QA applied without sea test (validity, equal, zeros, capitals, centroids, gbif, institutions) [2026-03-29]","standardized authors names in identifiedBy","Colección","E.M.L.","M.A. Pérez-Farrera"
"3493","HEM2025_3493","PreservedSpecimen","Coleccion",NA,"UNICACH","SPECIES","HEM","E.M.L.","1120","Perez-Farrera, M.A.","E","HEM2025",1,"Pleopeltis angusta",15.9891666666667,-93.4827777777778,"2003-10-02","change1: Filled coordinateUncertaintyInMeters from decimal-place precision (conservative). | epi_taxo: acceptedName(match1); authorship_epig(match1); genus_from_scientificName; family_WFO; order_majorGroup_WCVP [2026-03-11] | CoordinateCleaner QA applied without sea test (validity, equal, zeros, capitals, centroids, gbif, institutions) [2026-03-29]","standardized authors names in identifiedBy","Colección","E.M.L.","M.A. Pérez-Farrera"
"3494","HEM2025_3494","PreservedSpecimen","Coleccion",NA,"UNICACH","SPECIES","HEM","N.V.A.","6-bis","N.V.A.","E","HEM2025",1,"Pleopeltis angusta",17.0561111111111,-92.8597222222222,"2002-10-05","change1: Filled coordinateUncertaintyInMeters from decimal-place precision (conservative). | epi_taxo: acceptedName(match1); authorship_epig(match1); genus_from_scientificName; family_WFO; order_majorGroup_WCVP [2026-03-11] | CoordinateCleaner QA applied without sea test (validity, equal, zeros, capitals, centroids, gbif, institutions) [2026-03-29]","","Colección","N.V.A.","N.V.A."
"3495","HEM2025_3495","PreservedSpecimen","Coleccion",NA,"UNICACH","SPECIES","HEM","M.G.P.M.","20-bis","M.E.L.M.","E","HEM2025",1,"Pleopeltis angusta",17.0663888888889,-92.8630555555555,"2003-05-06","change1: Filled coordinateUncertaintyInMeters from decimal-place precision (conservative). | epi_taxo: acceptedName(match1); authorship_epig(match1); genus_from_scientificName; family_WFO; order_majorGroup_WCVP [2026-03-11] | CoordinateCleaner QA applied without sea test (validity, equal, zeros, capitals, centroids, gbif, institutions) [2026-03-29]","","Colección","M.G.P.M.","M.E.L.M."
"3496","HEM2025_3496","PreservedSpecimen","Coleccion",NA,"UNICACH","SPECIES","HEM","R.E.G.R.","10","M.E.L.M.","E","HEM2025",1,"Pleopeltis angusta",17.2002777777778,-93.0088888888889,"","change1: Filled coordinateUncertaintyInMeters from decimal-place precision (conservative). | epi_taxo: acceptedName(match1); authorship_epig(match1); genus_from_scientificName; family_WFO; order_majorGroup_WCVP [2026-03-11] | CoordinateCleaner QA applied without sea test (validity, equal, zeros, capitals, centroids, gbif, institutions) [2026-03-29]","","Colección","R.E.G.R.","M.E.L.M."
"3497","HEM2025_3497","PreservedSpecimen","Coleccion",NA,"UNICACH","SPECIES","HEM","J.B.Z.","7","M.E.L.M.","E","HEM2025",1,"Pleopeltis angusta",16.0791666666667,-91.6708333333333,"2003-08-04","change1: Filled coordinateUncertaintyInMeters from decimal-place precision (conservative). | epi_taxo: acceptedName(match1); authorship_epig(match1); genus_from_scientificName; family_WFO; order_majorGroup_WCVP [2026-03-11] | CoordinateCleaner QA applied without sea test (validity, equal, zeros, capitals, centroids, gbif, institutions) [2026-03-29]","","Colección","J.B.Z.","M.E.L.M."
"3498","HEM2025_3498","PreservedSpecimen","Coleccion",NA,"UNICACH","SPECIES","HEM","H.G.D.","1326","H.G.D.","E","HEM2025",1,"Pleopeltis angusta",15.7084444444444,-92.7269166666667,"2006-07-21","change1: Filled coordinateUncertaintyInMeters from decimal-place precision (conservative). | epi_taxo: acceptedName(match1); authorship_epig(match1); genus_from_scientificName; family_WFO; order_majorGroup_WCVP [2026-03-11] | CoordinateCleaner QA applied without sea test (validity, equal, zeros, capitals, centroids, gbif, institutions) [2026-03-29]","","Colección","H.G.D.","H.G.D."
"3499","HEM2025_3499","PreservedSpecimen","Coleccion",NA,"UNICACH","SPECIES","HEM","H.G.D.","1525","H.G.D.","E","HEM2025",1,"Pleopeltis angusta",15.4261388888889,-92.629,"2006-11-15","change1: Filled coordinateUncertaintyInMeters from decimal-place precision (conservative). | epi_taxo: acceptedName(match1); authorship_epig(match1); genus_from_scientificName; family_WFO; order_majorGroup_WCVP [2026-03-11] | CoordinateCleaner QA applied without sea test (validity, equal, zeros, capitals, centroids, gbif, institutions) [2026-03-29]","","Colección","H.G.D.","H.G.D."
"3500","HEM2025_3500","PreservedSpecimen","Coleccion",NA,"UNICACH","SPECIES","HEM","Perez-Farrera, M.A.","2570","Perez-Farrera, M.A.","E","HEM2025",1,"Pleopeltis angusta",15.7769444444444,-93.09,"2001-07-18","change1: Filled coordinateUncertaintyInMeters from decimal-place precision (conservative). | epi_taxo: acceptedName(match1); authorship_epig(match1); genus_from_scientificName; family_WFO; order_majorGroup_WCVP [2026-03-11] | CoordinateCleaner QA applied without sea test (validity, equal, zeros, capitals, centroids, gbif, institutions) [2026-03-29]","standardized authors names in recordedBy / standardized authors names in identifiedBy","Colección","M.A. Pérez-Farrera","M.A. Pérez-Farrera"
"3501","HEM2025_3501","PreservedSpecimen","Coleccion",NA,"UNICACH","SPECIES","HEM","M.E.L.M.","17","M.E.L.M.","E","HEM2025",1,"Pleopeltis angusta",15.8530555555556,-93.1511111111111,"1998-01-22","change1: Filled coordinateUncertaintyInMeters from decimal-place precision (conservative). | epi_taxo: acceptedName(match1); authorship_epig(match1); genus_from_scientificName; family_WFO; order_majorGroup_WCVP [2026-03-11] | CoordinateCleaner QA applied without sea test (validity, equal, zeros, capitals, centroids, gbif, institutions) [2026-03-29]","","Colección","M.E.L.M.","M.E.L.M."
"3502","HEM2025_3502","PreservedSpecimen","Coleccion",NA,"UNICACH","SPECIES","HEM","Perez-Farrera, M.A.","155","Perez-Farrera, M.A.","E","HEM2025",1,"Pleopeltis angusta",16.1930555555556,-93.6213888888889,"1995-02-09","change1: Filled coordinateUncertaintyInMeters from decimal-place precision (conservative). | epi_taxo: acceptedName(match1); authorship_epig(match1); genus_from_scientificName; family_WFO; order_majorGroup_WCVP [2026-03-11] | CoordinateCleaner QA applied without sea test (validity, equal, zeros, capitals, centroids, gbif, institutions) [2026-03-29]","standardized authors names in recordedBy / standardized authors names in identifiedBy","Colección","M.A. Pérez-Farrera","M.A. Pérez-Farrera"
"3503","HEM2025_3503","PreservedSpecimen","Coleccion",NA,"UNICACH","SPECIES","HEM","M.M.M. | M.D.E.M.","1424","N.M.M. | J.M.M.","E","HEM2025",1,"Pleopeltis angusta",15.0858333333333,-92.0996111111111,"2013-04-30","change1: Filled coordinateUncertaintyInMeters from decimal-place precision (conservative). | epi_taxo: acceptedName(match1); authorship_epig(match1); genus_from_scientificName; family_WFO; order_majorGroup_WCVP [2026-03-11] | CoordinateCleaner QA applied without sea test (validity, equal, zeros, capitals, centroids, gbif, institutions) [2026-03-29]","standardized authors names in recordedBy / standardized authors names in identifiedBy","Colección","M.M.M. & M.D.E.M.","N.M.M. & J.M.M."
"3504","HEM2025_3504","PreservedSpecimen","Coleccion",NA,"UNICACH","SPECIES","HEM","Camilo, R.M.","37","G.Y.","E","HEM2025",1,"Pleopeltis angusta",15.7363888888889,-92.9361111111111,"2001-01-24","change1: Filled coordinateUncertaintyInMeters from decimal-place precision (conservative). | epi_taxo: acceptedName(match1); authorship_epig(match1); genus_from_scientificName; family_WFO; order_majorGroup_WCVP [2026-03-11] | CoordinateCleaner QA applied without sea test (validity, equal, zeros, capitals, centroids, gbif, institutions) [2026-03-29]","standardized authors names in recordedBy","Colección","R.M. Camilo","G.Y."
"3505","HEM2025_3505","PreservedSpecimen","Coleccion",NA,"UNICACH","SPECIES","HEM","M.M.M. | M.D.E.M.","1556","Perez-Farrera, M.A.","E","HEM2025",1,"Pleopeltis angusta",15.0990833333333,-92.0988333333333,"2013-05-02","change1: Filled coordinateUncertaintyInMeters from decimal-place precision (conservative). | epi_taxo: acceptedName(match1); authorship_epig(match1); genus_from_scientificName; family_WFO; order_majorGroup_WCVP [2026-03-11] | CoordinateCleaner QA applied without sea test (validity, equal, zeros, capitals, centroids, gbif, institutions) [2026-03-29]","standardized authors names in recordedBy / standardized authors names in identifiedBy","Colección","M.M.M. & M.D.E.M.","M.A. Pérez-Farrera"
"3506","HEM2025_3506","PreservedSpecimen","Coleccion",NA,"UNICACH","SPECIES","HEM","M.M.M. | M.A.D.V.","1699","Perez-Farrera, M.A.","E","HEM2025",1,"Pleopeltis angusta",15.0828333333333,-92.0994444444444,"2013-05-25","change1: Filled coordinateUncertaintyInMeters from decimal-place precision (conservative). | epi_taxo: acceptedName(match1); authorship_epig(match1); genus_from_scientificName; family_WFO; order_majorGroup_WCVP [2026-03-11] | CoordinateCleaner QA applied without sea test (validity, equal, zeros, capitals, centroids, gbif, institutions) [2026-03-29]","standardized authors names in recordedBy / standardized authors names in identifiedBy","Colección","M.M.M. & M.A.D.V.","M.A. Pérez-Farrera"
"3507","HEM2025_3507","PreservedSpecimen","Coleccion",NA,"UNICACH","SPECIES","HEM","M.M.M. | M.A.D.V.","1763","Perez-Farrera, M.A.","E","HEM2025",1,"Pleopeltis angusta",15.0959444444444,-92.11525,"2013-05-26","change1: Filled coordinateUncertaintyInMeters from decimal-place precision (conservative). | epi_taxo: acceptedName(match1); authorship_epig(match1); genus_from_scientificName; family_WFO; order_majorGroup_WCVP [2026-03-11] | CoordinateCleaner QA applied without sea test (validity, equal, zeros, capitals, centroids, gbif, institutions) [2026-03-29]","standardized authors names in recordedBy / standardized authors names in identifiedBy","Colección","M.M.M. & M.A.D.V.","M.A. Pérez-Farrera"
"3508","HEM2025_3508","PreservedSpecimen","Coleccion",NA,"UNICACH","SPECIES","HEM","M.M.M. | M.A.D.V.","2037","Perez-Farrera, M.A.","E","HEM2025",1,"Pleopeltis angusta",15.101,-92.0952222222222,"2013-06-27","change1: Filled coordinateUncertaintyInMeters from decimal-place precision (conservative). | epi_taxo: acceptedName(match1); authorship_epig(match1); genus_from_scientificName; family_WFO; order_majorGroup_WCVP [2026-03-11] | CoordinateCleaner QA applied without sea test (validity, equal, zeros, capitals, centroids, gbif, institutions) [2026-03-29]","standardized authors names in recordedBy / standardized authors names in identifiedBy","Colección","M.M.M. & M.A.D.V.","M.A. Pérez-Farrera"
"3509","HEM2025_3509","PreservedSpecimen","Coleccion",NA,"UNICACH","SPECIES","HEM","M.M.M. | M.A.D.V.","2049","N.M.M. | J.M.M.","E","HEM2025",1,"Pleopeltis angusta",15.0969444444444,-92.0914444444444,"2013-06-28","change1: Filled coordinateUncertaintyInMeters from decimal-place precision (conservative). | epi_taxo: acceptedName(match1); authorship_epig(match1); genus_from_scientificName; family_WFO; order_majorGroup_WCVP [2026-03-11] | CoordinateCleaner QA applied without sea test (validity, equal, zeros, capitals, centroids, gbif, institutions) [2026-03-29]","standardized authors names in recordedBy / standardized authors names in identifiedBy","Colección","M.M.M. & M.A.D.V.","N.M.M. & J.M.M."
"3510","HEM2025_3510","PreservedSpecimen","Coleccion",NA,"UNICACH","SPECIES","HEM","M.M.M. | M.A.D.V.","2195","Perez-Farrera, M.A.","E","HEM2025",1,"Pleopeltis angusta",15.0979166666667,-92.0847777777778,"2013-07-02","change1: Filled coordinateUncertaintyInMeters from decimal-place precision (conservative). | epi_taxo: acceptedName(match1); authorship_epig(match1); genus_from_scientificName; family_WFO; order_majorGroup_WCVP [2026-03-11] | CoordinateCleaner QA applied without sea test (validity, equal, zeros, capitals, centroids, gbif, institutions) [2026-03-29]","standardized authors names in recordedBy / standardized authors names in identifiedBy","Colección","M.M.M. & M.A.D.V.","M.A. Pérez-Farrera"
"3511","HEM2025_3511","PreservedSpecimen","Coleccion",NA,"UNICACH","SPECIES","HEM","M.M.M. | M.A.D.V.","2262","Perez-Farrera, M.A.","E","HEM2025",1,"Pleopeltis angusta",15.0901666666667,-92.1060277777778,"2013-07-04","change1: Filled coordinateUncertaintyInMeters from decimal-place precision (conservative). | epi_taxo: acceptedName(match1); authorship_epig(match1); genus_from_scientificName; family_WFO; order_majorGroup_WCVP [2026-03-11] | CoordinateCleaner QA applied without sea test (validity, equal, zeros, capitals, centroids, gbif, institutions) [2026-03-29]","standardized authors names in recordedBy / standardized authors names in identifiedBy","Colección","M.M.M. & M.A.D.V.","M.A. Pérez-Farrera"
"3512","HEM2025_3512","PreservedSpecimen","Coleccion",NA,"UNICACH","SPECIES","HEM","M.M.M. | M.C.R.M.","2693","N.M.M.","E","HEM2025",1,"Pleopeltis angusta",15.1569722222222,-92.1405555555556,"2013-11-16","change1: Filled coordinateUncertaintyInMeters from decimal-place precision (conservative). | epi_taxo: acceptedName(match1); authorship_epig(match1); genus_from_scientificName; family_WFO; order_majorGroup_WCVP [2026-03-11] | CoordinateCleaner QA applied without sea test (validity, equal, zeros, capitals, centroids, gbif, institutions) [2026-03-29]","standardized authors names in recordedBy","Colección","M.M.M. & M.C.R.M.","N.M.M."
"3513","HEM2025_3513","PreservedSpecimen","Coleccion",NA,"UNICACH","SPECIES","HEM","M.M.M. | M.C.R.M.","2785","N.M.M.","E","HEM2025",1,"Pleopeltis angusta",15.1624722222222,-92.1471666666667,"2013-11-18","change1: Filled coordinateUncertaintyInMeters from decimal-place precision (conservative). | epi_taxo: acceptedName(match1); authorship_epig(match1); genus_from_scientificName; family_WFO; order_majorGroup_WCVP [2026-03-11] | CoordinateCleaner QA applied without sea test (validity, equal, zeros, capitals, centroids, gbif, institutions) [2026-03-29]","standardized authors names in recordedBy","Colección","M.M.M. & M.C.R.M.","N.M.M."
"3514","HEM2025_3514","PreservedSpecimen","Coleccion",NA,"UNICACH","SPECIES","HEM","M.M.M. | M.C.R.M.","2956","N.M.M.","E","HEM2025",1,"Pleopeltis angusta",15.1453333333333,-92.1408333333333,"2013-12-01","change1: Filled coordinateUncertaintyInMeters from decimal-place precision (conservative). | epi_taxo: acceptedName(match1); authorship_epig(match1); genus_from_scientificName; family_WFO; order_majorGroup_WCVP [2026-03-11] | CoordinateCleaner QA applied without sea test (validity, equal, zeros, capitals, centroids, gbif, institutions) [2026-03-29]","standardized authors names in recordedBy","Colección","M.M.M. & M.C.R.M.","N.M.M."
"3515","HEM2025_3515","PreservedSpecimen","Coleccion",NA,"UNICACH","SPECIES","HEM","M.M.M. | M.C.R.M.","2485","Camilo, R.M.","E","HEM2025",1,"Pleopeltis angusta",15.1533333333333,-92.1438611111111,"2013-11-13","change1: Filled coordinateUncertaintyInMeters from decimal-place precision (conservative). | epi_taxo: acceptedName(match1); authorship_epig(match1); genus_from_scientificName; family_WFO; order_majorGroup_WCVP [2026-03-11] | CoordinateCleaner QA applied without sea test (validity, equal, zeros, capitals, centroids, gbif, institutions) [2026-03-29]","standardized authors names in recordedBy / standardized authors names in identifiedBy","Colección","M.M.M. & M.C.R.M.","R.M. Camilo"
"3516","HEM2025_3516","PreservedSpecimen","Coleccion",NA,"UNICACH","SPECIES","HEM","Camilo, R.M. | N.M.M.","1372","Camilo, R.M.","E","HEM2025",1,"Pleopeltis angusta",15.0888611111111,-92.0976388888889,"2012-05-24","change1: Filled coordinateUncertaintyInMeters from decimal-place precision (conservative). | epi_taxo: acceptedName(match1); authorship_epig(match1); genus_from_scientificName; family_WFO; order_majorGroup_WCVP [2026-03-11] | CoordinateCleaner QA applied without sea test (validity, equal, zeros, capitals, centroids, gbif, institutions) [2026-03-29]","standardized authors names in recordedBy / standardized authors names in identifiedBy","Colección","R.M. Camilo & N.M.M.","R.M. Camilo"
"3517","HEM2025_3517","PreservedSpecimen","Coleccion",NA,"UNICACH","SPECIES","HEM","Camilo, R.M. | M.I.L.R. | N.A.F.R.","2343","N.M.M.","E","HEM2025",1,"Pleopeltis angusta",15.0905833333333,-92.1476388888889,"2014-07-06","change1: Filled coordinateUncertaintyInMeters from decimal-place precision (conservative). | epi_taxo: acceptedName(match1); authorship_epig(match1); genus_from_scientificName; family_WFO; order_majorGroup_WCVP [2026-03-11] | CoordinateCleaner QA applied without sea test (validity, equal, zeros, capitals, centroids, gbif, institutions) [2026-03-29]","standardized authors names in recordedBy","Colección","R.M. Camilo & M.I.L.R. & N.A.F.R.","N.M.M."
"3518","HEM2025_3518","PreservedSpecimen","Coleccion",NA,"UNICACH","SPECIES","HEM","Camilo, R.M. | M.I.L.R. | N.A.F.R.","2202","N.M.M.","E","HEM2025",1,"Pleopeltis angusta",15.1024166666667,-92.1347222222222,"2014-07-04","change1: Filled coordinateUncertaintyInMeters from decimal-place precision (conservative). | epi_taxo: acceptedName(match1); authorship_epig(match1); genus_from_scientificName; family_WFO; order_majorGroup_WCVP [2026-03-11] | CoordinateCleaner QA applied without sea test (validity, equal, zeros, capitals, centroids, gbif, institutions) [2026-03-29]","standardized authors names in recordedBy","Colección","R.M. Camilo & M.I.L.R. & N.A.F.R.","N.M.M."
"3519","HEM2025_3519","PreservedSpecimen","Coleccion",NA,"UNICACH","SPECIES","HEM","M.M.M. | Camilo, R.M. | E.A.M.A. | M.I.L.R. | N.A.F.R.","4748","N.M.M.","E","HEM2025",1,"Pleopeltis angusta",15.0926111111111,-92.1466944444444,"2014-07-07","change1: Filled coordinateUncertaintyInMeters from decimal-place precision (conservative). | epi_taxo: acceptedName(match1); authorship_epig(match1); genus_from_scientificName; family_WFO; order_majorGroup_WCVP [2026-03-11] | CoordinateCleaner QA applied without sea test (validity, equal, zeros, capitals, centroids, gbif, institutions) [2026-03-29]","standardized authors names in recordedBy","Colección","M.M.M. & R.M. Camilo & E.A.M.A. & M.I.L.R. & N.A.F.R.","N.M.M."
"3520","HEM2025_3520","PreservedSpecimen","Coleccion",NA,"UNICACH","SPECIES","HEM","M.M.M. | E.A.M.A.","4802","N.M.M.","E","HEM2025",1,"Pleopeltis angusta",15.0935,-92.1405,"2014-07-08","change1: Filled coordinateUncertaintyInMeters from decimal-place precision (conservative). | epi_taxo: acceptedName(match1); authorship_epig(match1); genus_from_scientificName; family_WFO; order_majorGroup_WCVP [2026-03-11] | CoordinateCleaner QA applied without sea test (validity, equal, zeros, capitals, centroids, gbif, institutions) [2026-03-29]","standardized authors names in recordedBy","Colección","M.M.M. & E.A.M.A.","N.M.M."
"3521","HEM2025_3521","PreservedSpecimen","Coleccion",NA,"UNICACH","SPECIES","HEM","M.M.M. | A.L.C.","4841","N.M.M.","E","HEM2025",1,"Pleopeltis angusta",15.0942222222222,-92.1718611111111,"2014-08-15","change1: Filled coordinateUncertaintyInMeters from decimal-place precision (conservative). | epi_taxo: acceptedName(match1); authorship_epig(match1); genus_from_scientificName; family_WFO; order_majorGroup_WCVP [2026-03-11] | CoordinateCleaner QA applied without sea test (validity, equal, zeros, capitals, centroids, gbif, institutions) [2026-03-29]","standardized authors names in recordedBy","Colección","M.M.M. & A.L.C.","N.M.M."
"3522","HEM2025_3522","PreservedSpecimen","Coleccion",NA,"UNICACH","SPECIES","HEM","M.M.M. | A.L.C.","4950","N.M.M.","E","HEM2025",1,"Pleopeltis angusta",15.1059166666667,-92.1953333333333,"2014-08-17","change1: Filled coordinateUncertaintyInMeters from decimal-place precision (conservative). | epi_taxo: acceptedName(match1); authorship_epig(match1); genus_from_scientificName; family_WFO; order_majorGroup_WCVP [2026-03-11] | CoordinateCleaner QA applied without sea test (validity, equal, zeros, capitals, centroids, gbif, institutions) [2026-03-29]","standardized authors names in recordedBy","Colección","M.M.M. & A.L.C.","N.M.M."
"3523","HEM2025_3523","PreservedSpecimen","Coleccion",NA,"UNICACH","SPECIES","HEM","N.V.A.","6","E.V.M.","E","HEM2025",1,"Pleopeltis angusta",17.0561111111111,-92.8597222222222,"2002-10-05","change1: Filled coordinateUncertaintyInMeters from decimal-place precision (conservative). | epi_taxo: acceptedName(match1); authorship_epig(match1); genus_from_scientificName; family_WFO; order_majorGroup_WCVP [2026-03-11] | CoordinateCleaner QA applied without sea test (validity, equal, zeros, capitals, centroids, gbif, institutions) [2026-03-29]","","Colección","N.V.A.","E.V.M."
"3524","HEM2025_3524","PreservedSpecimen","Coleccion",NA,"UNICACH","SPECIES","HEM","M.M.M. | M.C.R.M.","5135","N.M.M.","E","HEM2025",1,"Pleopeltis angusta",15.1046944444444,-92.1807222222222,"2014-09-17","change1: Filled coordinateUncertaintyInMeters from decimal-place precision (conservative). | epi_taxo: acceptedName(match1); authorship_epig(match1); genus_from_scientificName; family_WFO; order_majorGroup_WCVP [2026-03-11] | CoordinateCleaner QA applied without sea test (validity, equal, zeros, capitals, centroids, gbif, institutions) [2026-03-29]","standardized authors names in recordedBy","Colección","M.M.M. & M.C.R.M.","N.M.M."
"3525","HEM2025_3525","PreservedSpecimen","Coleccion",NA,"UNICACH","SPECIES","HEM","M.M.M. | M.C.R.M.","5209","N.M.M.","E","HEM2025",1,"Pleopeltis angusta",15.1063611111111,-92.1741944444445,"2014-09-18","change1: Filled coordinateUncertaintyInMeters from decimal-place precision (conservative). | epi_taxo: acceptedName(match1); authorship_epig(match1); genus_from_scientificName; family_WFO; order_majorGroup_WCVP [2026-03-11] | CoordinateCleaner QA applied without sea test (validity, equal, zeros, capitals, centroids, gbif, institutions) [2026-03-29]","standardized authors names in recordedBy","Colección","M.M.M. & M.C.R.M.","N.M.M."
"3526","HEM2025_3526","PreservedSpecimen","Coleccion",NA,"UNICACH","SPECIES","HEM","M.M.M. | M.C.R.M.","5381","N.M.M.","E","HEM2025",1,"Pleopeltis angusta",15.0995277777778,-92.1861111111111,"2014-09-23","change1: Filled coordinateUncertaintyInMeters from decimal-place precision (conservative). | epi_taxo: acceptedName(match1); authorship_epig(match1); genus_from_scientificName; family_WFO; order_majorGroup_WCVP [2026-03-11] | CoordinateCleaner QA applied without sea test (validity, equal, zeros, capitals, centroids, gbif, institutions) [2026-03-29]","standardized authors names in recordedBy","Colección","M.M.M. & M.C.R.M.","N.M.M."
"3527","HEM2025_3527","PreservedSpecimen","Coleccion",NA,"UNICACH","SPECIES","HEM","N.M.M. | R.V.H.","3753","N.M.M.","E","HEM2025",1,"Pleopeltis angusta",15.1259444444444,-92.18,"2014-09-23","change1: Filled coordinateUncertaintyInMeters from decimal-place precision (conservative). | epi_taxo: acceptedName(match1); authorship_epig(match1); genus_from_scientificName; family_WFO; order_majorGroup_WCVP [2026-03-11] | CoordinateCleaner QA applied without sea test (validity, equal, zeros, capitals, centroids, gbif, institutions) [2026-03-29]","standardized authors names in recordedBy","Colección","N.M.M. & R.V.H.","N.M.M."
"3528","HEM2025_3528","PreservedSpecimen","Coleccion",NA,"UNICACH","SPECIES","HEM","N.M.M. | R.V.H.","3782","N.M.M.","E","HEM2025",1,"Pleopeltis angusta",15.1259444444444,-92.18,"2014-09-23","change1: Filled coordinateUncertaintyInMeters from decimal-place precision (conservative). | epi_taxo: acceptedName(match1); authorship_epig(match1); genus_from_scientificName; family_WFO; order_majorGroup_WCVP [2026-03-11] | CoordinateCleaner QA applied without sea test (validity, equal, zeros, capitals, centroids, gbif, institutions) [2026-03-29]","standardized authors names in recordedBy","Colección","N.M.M. & R.V.H.","N.M.M."
"3529","HEM2025_3529","PreservedSpecimen","Coleccion",NA,"UNICACH","SPECIES","HEM","N.M.M. | M.M.M. | R.V.H.","3135","Perez-Farrera, M.A.","E","HEM2025",1,"Pleopeltis angusta",15.1036666666667,-92.1015277777778,"2014-09-23","change1: Filled coordinateUncertaintyInMeters from decimal-place precision (conservative). | epi_taxo: acceptedName(match1); authorship_epig(match1); genus_from_scientificName; family_WFO; order_majorGroup_WCVP [2026-03-11] | CoordinateCleaner QA applied without sea test (validity, equal, zeros, capitals, centroids, gbif, institutions) [2026-03-29]","standardized authors names in recordedBy / standardized authors names in identifiedBy","Colección","N.M.M. & M.M.M. & R.V.H.","M.A. Pérez-Farrera"
"3530","HEM2025_3530","PreservedSpecimen","Coleccion",NA,"UNICACH","SPECIES","HEM","N.M.M. | M.M.M. | R.V.H.","3380","Perez-Farrera, M.A.","E","HEM2025",1,"Pleopeltis angusta",15.1057222222222,-92.0960277777778,"2014-09-23","change1: Filled coordinateUncertaintyInMeters from decimal-place precision (conservative). | epi_taxo: acceptedName(match1); authorship_epig(match1); genus_from_scientificName; family_WFO; order_majorGroup_WCVP [2026-03-11] | CoordinateCleaner QA applied without sea test (validity, equal, zeros, capitals, centroids, gbif, institutions) [2026-03-29]","standardized authors names in recordedBy / standardized authors names in identifiedBy","Colección","N.M.M. & M.M.M. & R.V.H.","M.A. Pérez-Farrera"
"3531","HEM2025_3531","PreservedSpecimen","Coleccion",NA,"UNICACH","SPECIES","HEM","M.M.M. | M.C.R.M.","5279","N.M.M.","E","HEM2025",1,"Pleopeltis angusta",15.0908888888889,-92.1786666666667,"2014-09-21","change1: Filled coordinateUncertaintyInMeters from decimal-place precision (conservative). | epi_taxo: acceptedName(match1); authorship_epig(match1); genus_from_scientificName; family_WFO; order_majorGroup_WCVP [2026-03-11] | CoordinateCleaner QA applied without sea test (validity, equal, zeros, capitals, centroids, gbif, institutions) [2026-03-29]","standardized authors names in recordedBy","Colección","M.M.M. & M.C.R.M.","N.M.M."
"3532","HEM2025_3532","PreservedSpecimen","Coleccion",NA,"UNICACH","SPECIES","HEM","M.M.M. | M.C.R.M.","5309","N.M.M.","E","HEM2025",1,"Pleopeltis angusta",15.0847222222222,-92.175,"2014-09-22","change1: Filled coordinateUncertaintyInMeters from decimal-place precision (conservative). | epi_taxo: acceptedName(match1); authorship_epig(match1); genus_from_scientificName; family_WFO; order_majorGroup_WCVP [2026-03-11] | CoordinateCleaner QA applied without sea test (validity, equal, zeros, capitals, centroids, gbif, institutions) [2026-03-29]","standardized authors names in recordedBy","Colección","M.M.M. & M.C.R.M.","N.M.M."
"3533","HEM2025_3533","PreservedSpecimen","Coleccion",NA,"UNICACH","SPECIES","HEM","M.M.M. | D.A.J.L. | R.J.R.V.","5490","N.M.M.","E","HEM2025",1,"Pleopeltis angusta",15.1071944444444,-92.1756666666667,"2015-03-25","change1: Filled coordinateUncertaintyInMeters from decimal-place precision (conservative). | epi_taxo: acceptedName(match1); authorship_epig(match1); genus_from_scientificName; family_WFO; order_majorGroup_WCVP [2026-03-11] | CoordinateCleaner QA applied without sea test (validity, equal, zeros, capitals, centroids, gbif, institutions) [2026-03-29]","standardized authors names in recordedBy","Colección","M.M.M. & D.A.J.L. & R.J.R.V.","N.M.M."
"3534","HEM2025_3534","PreservedSpecimen","Coleccion",NA,"UNICACH","SPECIES","HEM","N.M.M. | M.M.M. | R.V.H.","4233","N.M.M.","E","HEM2025",1,"Pleopeltis angusta",15.0956944444444,-92.0981666666667,"2015-05-04","change1: Filled coordinateUncertaintyInMeters from decimal-place precision (conservative). | epi_taxo: acceptedName(match1); authorship_epig(match1); genus_from_scientificName; family_WFO; order_majorGroup_WCVP [2026-03-11] | CoordinateCleaner QA applied without sea test (validity, equal, zeros, capitals, centroids, gbif, institutions) [2026-03-29]","standardized authors names in recordedBy","Colección","N.M.M. & M.M.M. & R.V.H.","N.M.M."
"3535","HEM2025_3535","PreservedSpecimen","Coleccion",NA,"UNICACH","SPECIES","HEM","N.M.M. | M.M.M. | R.V.H.","4250","N.M.M.","E","HEM2025",1,"Pleopeltis angusta",15.0956944444444,-92.0981666666667,"2015-05-04","change1: Filled coordinateUncertaintyInMeters from decimal-place precision (conservative). | epi_taxo: acceptedName(match1); authorship_epig(match1); genus_from_scientificName; family_WFO; order_majorGroup_WCVP [2026-03-11] | CoordinateCleaner QA applied without sea test (validity, equal, zeros, capitals, centroids, gbif, institutions) [2026-03-29]","standardized authors names in recordedBy","Colección","N.M.M. & M.M.M. & R.V.H.","N.M.M."
"3536","HEM2025_3536","PreservedSpecimen","Coleccion",NA,"UNICACH","SPECIES","HEM","G.J.G.","956","M.E.L.M.","E","HEM2025",1,"Pleopeltis angusta",17.9875,-96.65,"2005-01-13","change1: Filled coordinateUncertaintyInMeters from decimal-place precision (conservative). | epi_taxo: acceptedName(match1); authorship_epig(match1); genus_from_scientificName; family_WFO; order_majorGroup_WCVP [2026-03-11] | CoordinateCleaner QA applied without sea test (validity, equal, zeros, capitals, centroids, gbif, institutions) [2026-03-29]","","Colección","G.J.G.","M.E.L.M."
"3537","HEM2025_3537","PreservedSpecimen","Coleccion",NA,"UNICACH","SPECIES","HEM","M.E.L.M.","589","M.E.L.M.","E","HEM2025",1,"Pleopeltis angusta",15.855,-93.1397222222222,"2000-03-20","change1: Filled coordinateUncertaintyInMeters from decimal-place precision (conservative). | epi_taxo: acceptedName(match1); authorship_epig(match1); genus_from_scientificName; family_WFO; order_majorGroup_WCVP [2026-03-11] | CoordinateCleaner QA applied without sea test (validity, equal, zeros, capitals, centroids, gbif, institutions) [2026-03-29]","","Colección","M.E.L.M.","M.E.L.M."
"3538","HEM2025_3538","PreservedSpecimen","Coleccion",NA,"UNICACH","SPECIES","HEM","H.M.C.","18","E.V.M.","E","HEM2025",1,"Pleopeltis angusta",15.9802777777778,-93.4677777777778,"2002-10-12","change1: Filled coordinateUncertaintyInMeters from decimal-place precision (conservative). | epi_taxo: acceptedName(match1); authorship_epig(match1); genus_from_scientificName; family_WFO; order_majorGroup_WCVP [2026-03-11] | CoordinateCleaner QA applied without sea test (validity, equal, zeros, capitals, centroids, gbif, institutions) [2026-03-29]","","Colección","H.M.C.","E.V.M."
"3539","HEM2025_3539","PreservedSpecimen","Coleccion",NA,"UNICACH","SPECIES","HEM","M.E.P.N.","6","N.A.E.A.","E","HEM2025",1,"Pleopeltis astrolepis",16.0791666666667,-91.6708333333333,"2003-08-04","change1: Filled coordinateUncertaintyInMeters from decimal-place precision (conservative). | epi_taxo: acceptedName(match1); authorship_epig(match1); genus_from_scientificName; family_WFO; order_majorGroup_WCVP [2026-03-11] | CoordinateCleaner QA applied without sea test (validity, equal, zeros, capitals, centroids, gbif, institutions) [2026-03-29]","","Colección","M.E.P.N.","N.A.E.A."
"3540","HEM2025_3540","PreservedSpecimen","Coleccion",NA,"UNICACH","SPECIES","HEM","T.A.S.","133","Perez-Farrera, M.A.","E","HEM2025",1,"Pleopeltis astrolepis",16.7458333333333,-92.6961111111111,"1988-08-13","change1: Filled coordinateUncertaintyInMeters from decimal-place precision (conservative). | epi_taxo: acceptedName(match1); authorship_epig(match1); genus_from_scientificName; family_WFO; order_majorGroup_WCVP [2026-03-11] | CoordinateCleaner QA applied without sea test (validity, equal, zeros, capitals, centroids, gbif, institutions) [2026-03-29]","standardized authors names in identifiedBy","Colección","T.A.S.","M.A. Pérez-Farrera"
"3541","HEM2025_3541","PreservedSpecimen","Coleccion",NA,"UNICACH","SPECIES","HEM","C.A.P.B.","100","C.A.P.B.","E","HEM2025",1,"Pleopeltis astrolepis",15.4593333333333,-92.6576111111111,"2005-07-22","change1: Filled coordinateUncertaintyInMeters from decimal-place precision (conservative). | epi_taxo: acceptedName(match1); authorship_epig(match1); genus_from_scientificName; family_WFO; order_majorGroup_WCVP [2026-03-11] | CoordinateCleaner QA applied without sea test (validity, equal, zeros, capitals, centroids, gbif, institutions) [2026-03-29]","","Colección","C.A.P.B.","C.A.P.B."
"3542","HEM2025_3542","PreservedSpecimen","Coleccion",NA,"UNICACH","SPECIES","HEM","J.M.M.","547","J.M.M.","E","HEM2025",1,"Pleopeltis astrolepis",15.8137222222222,-93.0535555555555,"2004-11-04","change1: Filled coordinateUncertaintyInMeters from decimal-place precision (conservative). | epi_taxo: acceptedName(match1); authorship_epig(match1); genus_from_scientificName; family_WFO; order_majorGroup_WCVP [2026-03-11] | CoordinateCleaner QA applied without sea test (validity, equal, zeros, capitals, centroids, gbif, institutions) [2026-03-29]","","Colección","J.M.M.","J.M.M."
"3543","HEM2025_3543","PreservedSpecimen","Coleccion",NA,"UNICACH","SPECIES","HEM","Perez-Farrera, M.A.","519","Perez-Farrera, M.A.","E","HEM2025",1,"Pleopeltis astrolepis",15.9416666666667,-93.2916666666667,"1995-07-11","change1: Filled coordinateUncertaintyInMeters from decimal-place precision (conservative). | epi_taxo: acceptedName(match1); authorship_epig(match1); genus_from_scientificName; family_WFO; order_majorGroup_WCVP [2026-03-11] | CoordinateCleaner QA applied without sea test (validity, equal, zeros, capitals, centroids, gbif, institutions) [2026-03-29]","standardized authors names in recordedBy / standardized authors names in identifiedBy","Colección","M.A. Pérez-Farrera","M.A. Pérez-Farrera"
"3544","HEM2025_3544","PreservedSpecimen","Coleccion",NA,"UNICACH","SPECIES","HEM","H.P.U.","29-bis","Perez-Farrera, M.A.","E","HEM2025",1,"Pleopeltis astrolepis",17.2397222222222,-92.3330555555555,"1986-08-31","change1: Filled coordinateUncertaintyInMeters from decimal-place precision (conservative). | epi_taxo: acceptedName(match1); authorship_epig(match1); genus_from_scientificName; family_WFO; order_majorGroup_WCVP [2026-03-11] | CoordinateCleaner QA applied without sea test (validity, equal, zeros, capitals, centroids, gbif, institutions) [2026-03-29]","standardized authors names in identifiedBy","Colección","H.P.U.","M.A. Pérez-Farrera"
"3545","HEM2025_3545","PreservedSpecimen","Coleccion",NA,"UNICACH","SPECIES","HEM","H.P.U.","29-bis","Perez-Farrera, M.A.","E","HEM2025",1,"Pleopeltis astrolepis",17.2397222222222,-92.3330555555555,"1986-08-31","change1: Filled coordinateUncertaintyInMeters from decimal-place precision (conservative). | epi_taxo: acceptedName(match1); authorship_epig(match1); genus_from_scientificName; family_WFO; order_majorGroup_WCVP [2026-03-11] | CoordinateCleaner QA applied without sea test (validity, equal, zeros, capitals, centroids, gbif, institutions) [2026-03-29]","standardized authors names in identifiedBy","Colección","H.P.U.","M.A. Pérez-Farrera"
"3546","HEM2025_3546","PreservedSpecimen","Coleccion",NA,"UNICACH","SPECIES","HEM","M.E.L.M.","7","M.E.L.M.","E","HEM2025",1,"Pleopeltis astrolepis",15.8666666666667,-93.1666666666667,"1998-01-22","change1: Filled coordinateUncertaintyInMeters from decimal-place precision (conservative). | epi_taxo: acceptedName(match1); authorship_epig(match1); genus_from_scientificName; family_WFO; order_majorGroup_WCVP [2026-03-11] | CoordinateCleaner QA applied without sea test (validity, equal, zeros, capitals, centroids, gbif, institutions) [2026-03-29]","","Colección","M.E.L.M.","M.E.L.M."
"3547","HEM2025_3547","PreservedSpecimen","Coleccion",NA,"UNICACH","SPECIES","HEM","E.M.L.","376","Perez-Farrera, M.A.","E","HEM2025",1,"Pleopeltis astrolepis",15.9172222222222,-93.2505555555556,"2002-10-25","change1: Filled coordinateUncertaintyInMeters from decimal-place precision (conservative). | epi_taxo: acceptedName(match1); authorship_epig(match1); genus_from_scientificName; family_WFO; order_majorGroup_WCVP [2026-03-11] | CoordinateCleaner QA applied without sea test (validity, equal, zeros, capitals, centroids, gbif, institutions) [2026-03-29]","standardized authors names in identifiedBy","Colección","E.M.L.","M.A. Pérez-Farrera"
"3548","HEM2025_3548","PreservedSpecimen","Coleccion",NA,"UNICACH","SPECIES","HEM","Camilo, R.M.","998","Camilo, R.M.","E","HEM2025",1,"Pleopeltis astrolepis",15.6844444444444,-92.7186111111111,"2006-07-20","change1: Filled coordinateUncertaintyInMeters from decimal-place precision (conservative). | epi_taxo: acceptedName(match1); authorship_epig(match1); genus_from_scientificName; family_WFO; order_majorGroup_WCVP [2026-03-11] | CoordinateCleaner QA applied without sea test (validity, equal, zeros, capitals, centroids, gbif, institutions) [2026-03-29]","standardized authors names in recordedBy / standardized authors names in identifiedBy","Colección","R.M. Camilo","R.M. Camilo"
"3549","HEM2025_3549","PreservedSpecimen","Coleccion",NA,"UNICACH","SPECIES","HEM","N.J.M.G.","65","N.J.M.G.","E","HEM2025",1,"Pleopeltis astrolepis",15.7304444444444,-92.9659722222222,"2006-06-14","change1: Filled coordinateUncertaintyInMeters from decimal-place precision (conservative). | epi_taxo: acceptedName(match1); authorship_epig(match1); genus_from_scientificName; family_WFO; order_majorGroup_WCVP [2026-03-11] | CoordinateCleaner QA applied without sea test (validity, equal, zeros, capitals, centroids, gbif, institutions) [2026-03-29]","","Colección","N.J.M.G.","N.J.M.G."
"3550","HEM2025_3550","PreservedSpecimen","Coleccion",NA,"UNICACH","SPECIES","HEM","M.A.R.V.","21","M.E.L.M.","E","HEM2025",1,"Pleopeltis astrolepis",17.4441666666667,-93.3608333333333,"2003-05-14","change1: Filled coordinateUncertaintyInMeters from decimal-place precision (conservative). | epi_taxo: acceptedName(match1); authorship_epig(match1); genus_from_scientificName; family_WFO; order_majorGroup_WCVP [2026-03-11] | CoordinateCleaner QA applied without sea test (validity, equal, zeros, capitals, centroids, gbif, institutions) [2026-03-29]","","Colección","M.A.R.V.","M.E.L.M."
"3551","HEM2025_3551","PreservedSpecimen","Coleccion",NA,"UNICACH","SPECIES","HEM","H.M.C.","15","E.V.M.","E","HEM2025",1,"Pleopeltis astrolepis",15.9802777777778,-93.4677777777778,"2002-10-12","change1: Filled coordinateUncertaintyInMeters from decimal-place precision (conservative). | epi_taxo: acceptedName(match1); authorship_epig(match1); genus_from_scientificName; family_WFO; order_majorGroup_WCVP [2026-03-11] | CoordinateCleaner QA applied without sea test (validity, equal, zeros, capitals, centroids, gbif, institutions) [2026-03-29]","","Colección","H.M.C.","E.V.M."
"3552","HEM2025_3552","PreservedSpecimen","Coleccion",NA,"UNICACH","SPECIES","HEM","J.M.M.","1543","J.M.M.","E","HEM2025",1,"Pleopeltis astrolepis",15.7572222222222,-93.0236111111111,"2006-10-15","change1: Filled coordinateUncertaintyInMeters from decimal-place precision (conservative). | epi_taxo: acceptedName(match1); authorship_epig(match1); genus_from_scientificName; family_WFO; order_majorGroup_WCVP [2026-03-11] | CoordinateCleaner QA applied without sea test (validity, equal, zeros, capitals, centroids, gbif, institutions) [2026-03-29]","","Colección","J.M.M.","J.M.M."
"3553","HEM2025_3553","PreservedSpecimen","Coleccion",NA,"UNICACH","SPECIES","HEM","A.L.C.","79","L.E.N.F.","E","HEM2025",1,"Pleopeltis astrolepis",15.3536111111111,-92.7027777777778,"2005-07-01","change1: Filled coordinateUncertaintyInMeters from decimal-place precision (conservative). | epi_taxo: acceptedName(match1); authorship_epig(match1); genus_from_scientificName; family_WFO; order_majorGroup_WCVP [2026-03-11] | CoordinateCleaner QA applied without sea test (validity, equal, zeros, capitals, centroids, gbif, institutions) [2026-03-29]","","Colección","A.L.C.","L.E.N.F."
"3554","HEM2025_3554","PreservedSpecimen","Coleccion",NA,"UNICACH","SPECIES","HEM","J.M.M.","249","Perez-Farrera, M.A.","E","HEM2025",1,"Pleopeltis astrolepis",15.9897222222222,-93.41,"2003-06-22","change1: Filled coordinateUncertaintyInMeters from decimal-place precision (conservative). | epi_taxo: acceptedName(match1); authorship_epig(match1); genus_from_scientificName; family_WFO; order_majorGroup_WCVP [2026-03-11] | CoordinateCleaner QA applied without sea test (validity, equal, zeros, capitals, centroids, gbif, institutions) [2026-03-29]","standardized authors names in identifiedBy","Colección","J.M.M.","M.A. Pérez-Farrera"
"3555","HEM2025_3555","PreservedSpecimen","Coleccion",NA,"UNICACH","SPECIES","HEM","J.P.V.H.","121","Perez-Farrera, M.A.","E","HEM2025",1,"Pleopeltis astrolepis",15.9727777777778,-93.4708333333333,"2002-10-12","change1: Filled coordinateUncertaintyInMeters from decimal-place precision (conservative). | epi_taxo: acceptedName(match1); authorship_epig(match1); genus_from_scientificName; family_WFO; order_majorGroup_WCVP [2026-03-11] | CoordinateCleaner QA applied without sea test (validity, equal, zeros, capitals, centroids, gbif, institutions) [2026-03-29]","standardized authors names in identifiedBy","Colección","J.P.V.H.","M.A. Pérez-Farrera"
"3556","HEM2025_3556","PreservedSpecimen","Coleccion",NA,"UNICACH","SPECIES","HEM","E.O.P.","1","M.E.L.M.","E","HEM2025",1,"Pleopeltis astrolepis",16.8130555555556,-93.3011111111111,"2003-03-15","change1: Filled coordinateUncertaintyInMeters from decimal-place precision (conservative). | epi_taxo: acceptedName(match1); authorship_epig(match1); genus_from_scientificName; family_WFO; order_majorGroup_WCVP [2026-03-11] | CoordinateCleaner QA applied without sea test (validity, equal, zeros, capitals, centroids, gbif, institutions) [2026-03-29]","","Colección","E.O.P.","M.E.L.M."
"3557","HEM2025_3557","PreservedSpecimen","Coleccion",NA,"UNICACH","SPECIES","HEM","Perez-Farrera, M.A.","458","J.A.E.J.","E","HEM2025",1,"Pleopeltis collinsii",16.3416666666667,-93.7027777777778,"","change1: Filled coordinateUncertaintyInMeters from decimal-place precision (conservative). | epi_taxo: acceptedName(match1); authorship_epig(match1); genus_from_scientificName; family_WFO; order_majorGroup_WCVP [2026-03-11] | CoordinateCleaner QA applied without sea test (validity, equal, zeros, capitals, centroids, gbif, institutions) [2026-03-29]","standardized authors names in recordedBy","Colección","M.A. Pérez-Farrera","J.A.E.J."
"3558","HEM2025_3558","PreservedSpecimen","Coleccion",NA,"UNICACH","SPECIES","HEM","J.M.M.","1506","J.A.E.J.","E","HEM2025",1,"Pleopeltis collinsii",17.1558888888889,-93.1401944444444,"2006-09-20","change1: Filled coordinateUncertaintyInMeters from decimal-place precision (conservative). | epi_taxo: acceptedName(match1); authorship_epig(match1); genus_from_scientificName; family_WFO; order_majorGroup_WCVP [2026-03-11] | CoordinateCleaner QA applied without sea test (validity, equal, zeros, capitals, centroids, gbif, institutions) [2026-03-29]","","Colección","J.M.M.","J.A.E.J."
"3559","HEM2025_3559","PreservedSpecimen","Coleccion",NA,"UNICACH","SPECIES","HEM","Perez-Farrera, M.A.","542","J.A.E.J.","E","HEM2025",1,"Pleopeltis collinsii",15.9416666666667,-93.2916666666667,"1995-07-11","change1: Filled coordinateUncertaintyInMeters from decimal-place precision (conservative). | epi_taxo: acceptedName(match1); authorship_epig(match1); genus_from_scientificName; family_WFO; order_majorGroup_WCVP [2026-03-11] | CoordinateCleaner QA applied without sea test (validity, equal, zeros, capitals, centroids, gbif, institutions) [2026-03-29]","standardized authors names in recordedBy","Colección","M.A. Pérez-Farrera","J.A.E.J."
"3560","HEM2025_3560","PreservedSpecimen","Coleccion",NA,"UNICACH","SPECIES","HEM","Perez-Farrera, M.A.","2338-bis","J.A.E.J.","E","HEM2025",1,"Pleopeltis collinsii",17.1916666666667,-92.2658333333333,"2000-04-10","change1: Filled coordinateUncertaintyInMeters from decimal-place precision (conservative). | epi_taxo: acceptedName(match1); authorship_epig(match1); genus_from_scientificName; family_WFO; order_majorGroup_WCVP [2026-03-11] | CoordinateCleaner QA applied without sea test (validity, equal, zeros, capitals, centroids, gbif, institutions) [2026-03-29]","standardized authors names in recordedBy","Colección","M.A. Pérez-Farrera","J.A.E.J."
"3561","HEM2025_3561","PreservedSpecimen","Coleccion",NA,"UNICACH","SPECIES","HEM","Perez-Farrera, M.A.","2338-bis","J.A.E.J.","E","HEM2025",1,"Pleopeltis collinsii",17.1916666666667,-92.2658333333333,"2000-04-10","change1: Filled coordinateUncertaintyInMeters from decimal-place precision (conservative). | epi_taxo: acceptedName(match1); authorship_epig(match1); genus_from_scientificName; family_WFO; order_majorGroup_WCVP [2026-03-11] | CoordinateCleaner QA applied without sea test (validity, equal, zeros, capitals, centroids, gbif, institutions) [2026-03-29]","standardized authors names in recordedBy","Colección","M.A. Pérez-Farrera","J.A.E.J."
"3562","HEM2025_3562","PreservedSpecimen","Coleccion",NA,"UNICACH","SPECIES","HEM","C.A.Z.M.","18","J.A.E.J.","E","HEM2025",1,"Pleopeltis collinsii",16.8716666666667,-92.4769444444444,"2003-05-17","change1: Filled coordinateUncertaintyInMeters from decimal-place precision (conservative). | epi_taxo: acceptedName(match1); authorship_epig(match1); genus_from_scientificName; family_WFO; order_majorGroup_WCVP [2026-03-11] | CoordinateCleaner QA applied without sea test (validity, equal, zeros, capitals, centroids, gbif, institutions) [2026-03-29]","","Colección","C.A.Z.M.","J.A.E.J."
"3563","HEM2025_3563","PreservedSpecimen","Coleccion",NA,"UNICACH","SPECIES","HEM","C.A.Z.M.","18","J.A.E.J.","E","HEM2025",1,"Pleopeltis collinsii",16.8716666666667,-92.4769444444444,"2003-05-17","change1: Filled coordinateUncertaintyInMeters from decimal-place precision (conservative). | epi_taxo: acceptedName(match1); authorship_epig(match1); genus_from_scientificName; family_WFO; order_majorGroup_WCVP [2026-03-11] | CoordinateCleaner QA applied without sea test (validity, equal, zeros, capitals, centroids, gbif, institutions) [2026-03-29]","","Colección","C.A.Z.M.","J.A.E.J."
"3564","HEM2025_3564","PreservedSpecimen","Coleccion",NA,"UNICACH","SPECIES","HEM","F.A.A.I.","40","J.A.E.J.","E","HEM2025",1,"Pleopeltis collinsii",16.7775,-92.6608333333333,"2003-05-11","change1: Filled coordinateUncertaintyInMeters from decimal-place precision (conservative). | epi_taxo: acceptedName(match1); authorship_epig(match1); genus_from_scientificName; family_WFO; order_majorGroup_WCVP [2026-03-11] | CoordinateCleaner QA applied without sea test (validity, equal, zeros, capitals, centroids, gbif, institutions) [2026-03-29]","","Colección","F.A.A.I.","J.A.E.J."
"3565","HEM2025_3565","PreservedSpecimen","Coleccion",NA,"UNICACH","SPECIES","HEM","F.A.A.I.","40","J.A.E.J.","E","HEM2025",1,"Pleopeltis collinsii",16.7775,-92.6608333333333,"2003-05-11","change1: Filled coordinateUncertaintyInMeters from decimal-place precision (conservative). | epi_taxo: acceptedName(match1); authorship_epig(match1); genus_from_scientificName; family_WFO; order_majorGroup_WCVP [2026-03-11] | CoordinateCleaner QA applied without sea test (validity, equal, zeros, capitals, centroids, gbif, institutions) [2026-03-29]","","Colección","F.A.A.I.","J.A.E.J."
"3566","HEM2025_3566","PreservedSpecimen","Coleccion",NA,"UNICACH","SPECIES","HEM","Perez-Farrera, M.A.","594","Perez-Farrera, M.A.","E","HEM2025",1,"Pleopeltis crassinervata",16.3166666666667,-93.6166666666667,"1995-07-18","change1: Filled coordinateUncertaintyInMeters from decimal-place precision (conservative). | epi_taxo: acceptedName(match1); authorship_epig(match1); genus_from_scientificName; family_WFO; order_majorGroup_WCVP [2026-03-11] | CoordinateCleaner QA applied without sea test (validity, equal, zeros, capitals, centroids, gbif, institutions) [2026-03-29]","standardized authors names in recordedBy / standardized authors names in identifiedBy","Colección","M.A. Pérez-Farrera","M.A. Pérez-Farrera"
"3567","HEM2025_3567","PreservedSpecimen","Coleccion",NA,"UNICACH","SPECIES","HEM","M.D.R.S.","316","R.R.S.","E","HEM2025",1,"Pleopeltis crassinervata",15.5976388888889,-92.6570277777778,"2005-07-22","change1: Filled coordinateUncertaintyInMeters from decimal-place precision (conservative). | epi_taxo: acceptedName(match1); authorship_epig(match1); genus_from_scientificName; family_WFO; order_majorGroup_WCVP [2026-03-11] | CoordinateCleaner QA applied without sea test (validity, equal, zeros, capitals, centroids, gbif, institutions) [2026-03-29]","","Colección","M.D.R.S.","R.R.S."
"3568","HEM2025_3568","PreservedSpecimen","Coleccion",NA,"UNICACH","SPECIES","HEM","E.M.L.","1142","Perez-Farrera, M.A.","E","HEM2025",1,"Pleopeltis crassinervata",15.9891666666667,-93.4827777777778,"2003-10-02","change1: Filled coordinateUncertaintyInMeters from decimal-place precision (conservative). | epi_taxo: acceptedName(match1); authorship_epig(match1); genus_from_scientificName; family_WFO; order_majorGroup_WCVP [2026-03-11] | CoordinateCleaner QA applied without sea test (validity, equal, zeros, capitals, centroids, gbif, institutions) [2026-03-29]","standardized authors names in identifiedBy","Colección","E.M.L.","M.A. Pérez-Farrera"
"3569","HEM2025_3569","PreservedSpecimen","Coleccion",NA,"UNICACH","SPECIES","HEM","J.M.M.","113","Perez-Farrera, M.A. | O.F.S.","E","HEM2025",1,"Pleopeltis crassinervata",15.9172222222222,-93.2505555555556,"2002-10-26","change1: Filled coordinateUncertaintyInMeters from decimal-place precision (conservative). | epi_taxo: acceptedName(match1); authorship_epig(match1); genus_from_scientificName; family_WFO; order_majorGroup_WCVP [2026-03-11] | CoordinateCleaner QA applied without sea test (validity, equal, zeros, capitals, centroids, gbif, institutions) [2026-03-29]","standardized authors names in identifiedBy","Colección","J.M.M.","M.A. Pérez-Farrera & O.F.S."
"3570","HEM2025_3570","PreservedSpecimen","Coleccion",NA,"UNICACH","SPECIES","HEM","M.M.M. | E.A.M.A.","4663","N.M.M.","E","HEM2025",1,"Pleopeltis crassinervata",15.0861111111111,-92.1467222222222,"2014-07-05","change1: Filled coordinateUncertaintyInMeters from decimal-place precision (conservative). | epi_taxo: acceptedName(match1); authorship_epig(match1); genus_from_scientificName; family_WFO; order_majorGroup_WCVP [2026-03-11] | CoordinateCleaner QA applied without sea test (validity, equal, zeros, capitals, centroids, gbif, institutions) [2026-03-29]","standardized authors names in recordedBy","Colección","M.M.M. & E.A.M.A.","N.M.M."
"3571","HEM2025_3571","PreservedSpecimen","Coleccion",NA,"UNICACH","SPECIES","HEM","M.M.M. | M.C.R.M.","5169","N.M.M.","E","HEM2025",1,"Pleopeltis crassinervata",15.1046944444444,-92.1807222222222,"2014-09-17","change1: Filled coordinateUncertaintyInMeters from decimal-place precision (conservative). | epi_taxo: acceptedName(match1); authorship_epig(match1); genus_from_scientificName; family_WFO; order_majorGroup_WCVP [2026-03-11] | CoordinateCleaner QA applied without sea test (validity, equal, zeros, capitals, centroids, gbif, institutions) [2026-03-29]","standardized authors names in recordedBy","Colección","M.M.M. & M.C.R.M.","N.M.M."
"3572","HEM2025_3572","PreservedSpecimen","Coleccion",NA,"UNICACH","SPECIES","HEM","M.M.M. | M.C.R.M.","5229","N.M.M.","E","HEM2025",1,"Pleopeltis crassinervata",15.1086388888889,-92.1911666666667,"2014-09-20","change1: Filled coordinateUncertaintyInMeters from decimal-place precision (conservative). | epi_taxo: acceptedName(match1); authorship_epig(match1); genus_from_scientificName; family_WFO; order_majorGroup_WCVP [2026-03-11] | CoordinateCleaner QA applied without sea test (validity, equal, zeros, capitals, centroids, gbif, institutions) [2026-03-29]","standardized authors names in recordedBy","Colección","M.M.M. & M.C.R.M.","N.M.M."
"3573","HEM2025_3573","PreservedSpecimen","Coleccion",NA,"UNICACH","SPECIES","HEM","M.M.M. | M.C.R.M.","5290","N.M.M.","E","HEM2025",1,"Pleopeltis crassinervata",15.0847222222222,-92.175,"2014-09-22","change1: Filled coordinateUncertaintyInMeters from decimal-place precision (conservative). | epi_taxo: acceptedName(match1); authorship_epig(match1); genus_from_scientificName; family_WFO; order_majorGroup_WCVP [2026-03-11] | CoordinateCleaner QA applied without sea test (validity, equal, zeros, capitals, centroids, gbif, institutions) [2026-03-29]","standardized authors names in recordedBy","Colección","M.M.M. & M.C.R.M.","N.M.M."
"3574","HEM2025_3574","PreservedSpecimen","Coleccion",NA,"UNICACH","SPECIES","HEM","M.M.M. | M.C.R.M.","5370","N.M.M.","E","HEM2025",1,"Pleopeltis crassinervata",15.0995277777778,-92.1861111111111,"2014-09-23","change1: Filled coordinateUncertaintyInMeters from decimal-place precision (conservative). | epi_taxo: acceptedName(match1); authorship_epig(match1); genus_from_scientificName; family_WFO; order_majorGroup_WCVP [2026-03-11] | CoordinateCleaner QA applied without sea test (validity, equal, zeros, capitals, centroids, gbif, institutions) [2026-03-29]","standardized authors names in recordedBy","Colección","M.M.M. & M.C.R.M.","N.M.M."
"3575","HEM2025_3575","PreservedSpecimen","Coleccion",NA,"UNICACH","SPECIES","HEM","M.M.M. | M.C.R.M.","5379","N.M.M.","E","HEM2025",1,"Pleopeltis crassinervata",15.0995277777778,-92.1861111111111,"2014-09-23","change1: Filled coordinateUncertaintyInMeters from decimal-place precision (conservative). | epi_taxo: acceptedName(match1); authorship_epig(match1); genus_from_scientificName; family_WFO; order_majorGroup_WCVP [2026-03-11] | CoordinateCleaner QA applied without sea test (validity, equal, zeros, capitals, centroids, gbif, institutions) [2026-03-29]","standardized authors names in recordedBy","Colección","M.M.M. & M.C.R.M.","N.M.M."
"3576","HEM2025_3576","PreservedSpecimen","Coleccion",NA,"UNICACH","SPECIES","HEM","Perez-Farrera, M.A.","787","Perez-Farrera, M.A.","E","HEM2025",1,"Pleopeltis crassinervata",17.1388888888889,-93.1366666666667,"1995-10-28","change1: Filled coordinateUncertaintyInMeters from decimal-place precision (conservative). | epi_taxo: acceptedName(match1); authorship_epig(match1); genus_from_scientificName; family_WFO; order_majorGroup_WCVP [2026-03-11] | CoordinateCleaner QA applied without sea test (validity, equal, zeros, capitals, centroids, gbif, institutions) [2026-03-29]","standardized authors names in recordedBy / standardized authors names in identifiedBy","Colección","M.A. Pérez-Farrera","M.A. Pérez-Farrera"
"3577","HEM2025_3577","PreservedSpecimen","Coleccion",NA,"UNICACH","SPECIES","HEM","Perez-Farrera, M.A.","589","Perez-Farrera, M.A.","E","HEM2025",1,"Pleopeltis crassinervata",16.325,-93.6666666666667,"1995-07-18","change1: Filled coordinateUncertaintyInMeters from decimal-place precision (conservative). | epi_taxo: acceptedName(match1); authorship_epig(match1); genus_from_scientificName; family_WFO; order_majorGroup_WCVP [2026-03-11] | CoordinateCleaner QA applied without sea test (validity, equal, zeros, capitals, centroids, gbif, institutions) [2026-03-29]","standardized authors names in recordedBy / standardized authors names in identifiedBy","Colección","M.A. Pérez-Farrera","M.A. Pérez-Farrera"
"3578","HEM2025_3578","PreservedSpecimen","Coleccion",NA,"UNICACH","SPECIES","HEM","J.G.L.M.","11","E.V.M.","E","HEM2025",1,"Pleopeltis crassinervata",16.8183333333333,-93.2797222222222,"2003-03-20","change1: Filled coordinateUncertaintyInMeters from decimal-place precision (conservative). | epi_taxo: acceptedName(match1); authorship_epig(match1); genus_from_scientificName; family_WFO; order_majorGroup_WCVP [2026-03-11] | CoordinateCleaner QA applied without sea test (validity, equal, zeros, capitals, centroids, gbif, institutions) [2026-03-29]","","Colección","J.G.L.M.","E.V.M."
"3579","HEM2025_3579","PreservedSpecimen","Coleccion",NA,"UNICACH","SPECIES","HEM","J.G.L.M.","11","E.V.M.","E","HEM2025",1,"Pleopeltis crassinervata",16.8183333333333,-93.2797222222222,"2003-03-20","change1: Filled coordinateUncertaintyInMeters from decimal-place precision (conservative). | epi_taxo: acceptedName(match1); authorship_epig(match1); genus_from_scientificName; family_WFO; order_majorGroup_WCVP [2026-03-11] | CoordinateCleaner QA applied without sea test (validity, equal, zeros, capitals, centroids, gbif, institutions) [2026-03-29]","","Colección","J.G.L.M.","E.V.M."
"3580","HEM2025_3580","PreservedSpecimen","Coleccion",NA,"UNICACH","SPECIES","HEM","Perez-Farrera, M.A.","1124","M.E.L.M.","E","HEM2025",1,"Pleopeltis macrocarpa",15.6638888888889,-92.8202777777778,"1996-08-11","change1: Filled coordinateUncertaintyInMeters from decimal-place precision (conservative). | epi_taxo: acceptedName(match1); authorship_epig(match1); genus_from_scientificName; family_WFO; order_majorGroup_WCVP [2026-03-11] | CoordinateCleaner QA applied without sea test (validity, equal, zeros, capitals, centroids, gbif, institutions) [2026-03-29]","standardized authors names in recordedBy","Colección","M.A. Pérez-Farrera","M.E.L.M."
"3581","HEM2025_3581","PreservedSpecimen","Coleccion",NA,"UNICACH","SPECIES","HEM","H.G.D.","898","H.G.D.","E","HEM2025",1,"Pleopeltis macrocarpa",15.6063055555556,-92.6553611111111,"2005-01-17","change1: Filled coordinateUncertaintyInMeters from decimal-place precision (conservative). | epi_taxo: acceptedName(match1); authorship_epig(match1); genus_from_scientificName; family_WFO; order_majorGroup_WCVP [2026-03-11] | CoordinateCleaner QA applied without sea test (validity, equal, zeros, capitals, centroids, gbif, institutions) [2026-03-29]","","Colección","H.G.D.","H.G.D."
"3582","HEM2025_3582","PreservedSpecimen","Coleccion",NA,"UNICACH","SPECIES","HEM","N.M.M.","1078","J.M.M.","E","HEM2025",1,"Pleopeltis macrocarpa",15.4593333333333,-92.6576111111111,"2005-07-23","change1: Filled coordinateUncertaintyInMeters from decimal-place precision (conservative). | epi_taxo: acceptedName(match1); authorship_epig(match1); genus_from_scientificName; family_WFO; order_majorGroup_WCVP [2026-03-11] | CoordinateCleaner QA applied without sea test (validity, equal, zeros, capitals, centroids, gbif, institutions) [2026-03-29]","","Colección","N.M.M.","J.M.M."
"3583","HEM2025_3583","PreservedSpecimen","Coleccion",NA,"UNICACH","SPECIES","HEM","Perez-Farrera, M.A.","870","Perez-Farrera, M.A.","E","HEM2025",1,"Pleopeltis macrocarpa",15.5833333333333,-92.25,"1996-02-25","change1: Filled coordinateUncertaintyInMeters from decimal-place precision (conservative). | epi_taxo: acceptedName(match1); authorship_epig(match1); genus_from_scientificName; family_WFO; order_majorGroup_WCVP [2026-03-11] | CoordinateCleaner QA applied without sea test (validity, equal, zeros, capitals, centroids, gbif, institutions) [2026-03-29]","standardized authors names in recordedBy / standardized authors names in identifiedBy","Colección","M.A. Pérez-Farrera","M.A. Pérez-Farrera"
"3584","HEM2025_3584","PreservedSpecimen","Coleccion",NA,"UNICACH","SPECIES","HEM","Perez-Farrera, M.A.","870","Perez-Farrera, M.A.","E","HEM2025",1,"Pleopeltis macrocarpa",15.5833333333333,-92.25,"1996-02-25","change1: Filled coordinateUncertaintyInMeters from decimal-place precision (conservative). | epi_taxo: acceptedName(match1); authorship_epig(match1); genus_from_scientificName; family_WFO; order_majorGroup_WCVP [2026-03-11] | CoordinateCleaner QA applied without sea test (validity, equal, zeros, capitals, centroids, gbif, institutions) [2026-03-29]","standardized authors names in recordedBy / standardized authors names in identifiedBy","Colección","M.A. Pérez-Farrera","M.A. Pérez-Farrera"
"3585","HEM2025_3585","PreservedSpecimen","Coleccion",NA,"UNICACH","SPECIES","HEM","H.G.D.","1026","H.G.D.","E","HEM2025",1,"Pleopeltis macrocarpa",15.5991388888889,-92.6927777777778,"2005-06-13","change1: Filled coordinateUncertaintyInMeters from decimal-place precision (conservative). | epi_taxo: acceptedName(match1); authorship_epig(match1); genus_from_scientificName; family_WFO; order_majorGroup_WCVP [2026-03-11] | CoordinateCleaner QA applied without sea test (validity, equal, zeros, capitals, centroids, gbif, institutions) [2026-03-29]","","Colección","H.G.D.","H.G.D."
"3586","HEM2025_3586","PreservedSpecimen","Coleccion",NA,"UNICACH","SPECIES","HEM","J.M.M.","1163","J.M.M.","E","HEM2025",1,"Pleopeltis macrocarpa",15.8172222222222,-93.0505555555555,"2005-08-27","change1: Filled coordinateUncertaintyInMeters from decimal-place precision (conservative). | epi_taxo: acceptedName(match1); authorship_epig(match1); genus_from_scientificName; family_WFO; order_majorGroup_WCVP [2026-03-11] | CoordinateCleaner QA applied without sea test (validity, equal, zeros, capitals, centroids, gbif, institutions) [2026-03-29]","","Colección","J.M.M.","J.M.M."
"3587","HEM2025_3587","PreservedSpecimen","Coleccion",NA,"UNICACH","SPECIES","HEM","J.M.M.","871","J.M.M.","E","HEM2025",1,"Pleopeltis macrocarpa",15.7735277777778,-93.1635555555556,"2005-05-21","change1: Filled coordinateUncertaintyInMeters from decimal-place precision (conservative). | epi_taxo: acceptedName(match1); authorship_epig(match1); genus_from_scientificName; family_WFO; order_majorGroup_WCVP [2026-03-11] | CoordinateCleaner QA applied without sea test (validity, equal, zeros, capitals, centroids, gbif, institutions) [2026-03-29]","","Colección","J.M.M.","J.M.M."
"3588","HEM2025_3588","PreservedSpecimen","Coleccion",NA,"UNICACH","SPECIES","HEM","M.L.M.J.","20","E.V.M.","E","HEM2025",1,"Pleopeltis macrocarpa",16.7802777777778,-92.5366666666667,"2002-10-06","change1: Filled coordinateUncertaintyInMeters from decimal-place precision (conservative). | epi_taxo: acceptedName(match1); authorship_epig(match1); genus_from_scientificName; family_WFO; order_majorGroup_WCVP [2026-03-11] | CoordinateCleaner QA applied without sea test (validity, equal, zeros, capitals, centroids, gbif, institutions) [2026-03-29]","","Colección","M.L.M.J.","E.V.M."
"3589","HEM2025_3589","PreservedSpecimen","Coleccion",NA,"UNICACH","SPECIES","HEM","M.N.M.G.","509","O.F.S.","E","HEM2025",1,"Pleopeltis macrocarpa",16.0113888888889,-93.4705555555556,"2002-08-22","change1: Filled coordinateUncertaintyInMeters from decimal-place precision (conservative). | epi_taxo: acceptedName(match1); authorship_epig(match1); genus_from_scientificName; family_WFO; order_majorGroup_WCVP [2026-03-11] | CoordinateCleaner QA applied without sea test (validity, equal, zeros, capitals, centroids, gbif, institutions) [2026-03-29]","","Colección","M.N.M.G.","O.F.S."
"3590","HEM2025_3590","PreservedSpecimen","Coleccion",NA,"UNICACH","SPECIES","HEM","J.M.M.","1209","M.E.L.M.","E","HEM2025",1,"Pleopeltis macrocarpa",15.4841388888889,-92.6805277777778,"2006-03-23","change1: Filled coordinateUncertaintyInMeters from decimal-place precision (conservative). | epi_taxo: acceptedName(match1); authorship_epig(match1); genus_from_scientificName; family_WFO; order_majorGroup_WCVP [2026-03-11] | CoordinateCleaner QA applied without sea test (validity, equal, zeros, capitals, centroids, gbif, institutions) [2026-03-29]","","Colección","J.M.M.","M.E.L.M."
"3591","HEM2025_3591","PreservedSpecimen","Coleccion",NA,"UNICACH","SPECIES","HEM","J.A.V.V.","8","E.V.M.","E","HEM2025",1,"Pleopeltis macrocarpa",17.0608333333333,-92.8941666666667,"2002-09-26","change1: Filled coordinateUncertaintyInMeters from decimal-place precision (conservative). | epi_taxo: acceptedName(match1); authorship_epig(match1); genus_from_scientificName; family_WFO; order_majorGroup_WCVP [2026-03-11] | CoordinateCleaner QA applied without sea test (validity, equal, zeros, capitals, centroids, gbif, institutions) [2026-03-29]","","Colección","J.A.V.V.","E.V.M."
"3592","HEM2025_3592","PreservedSpecimen","Coleccion",NA,"UNICACH","SPECIES","HEM","M.L.M.J.","18","E.V.M.","E","HEM2025",1,"Pleopeltis macrocarpa",16.7802777777778,-92.5366666666667,"2002-10-06","change1: Filled coordinateUncertaintyInMeters from decimal-place precision (conservative). | epi_taxo: acceptedName(match1); authorship_epig(match1); genus_from_scientificName; family_WFO; order_majorGroup_WCVP [2026-03-11] | CoordinateCleaner QA applied without sea test (validity, equal, zeros, capitals, centroids, gbif, institutions) [2026-03-29]","","Colección","M.L.M.J.","E.V.M."
"3593","HEM2025_3593","PreservedSpecimen","Coleccion",NA,"UNICACH","SPECIES","HEM","Gonzalez, A.G.","7","E.V.M.","E","HEM2025",1,"Pleopeltis macrocarpa",17.2597222222222,-93.0230555555556,"2002-10-19","change1: Filled coordinateUncertaintyInMeters from decimal-place precision (conservative). | epi_taxo: acceptedName(match1); authorship_epig(match1); genus_from_scientificName; family_WFO; order_majorGroup_WCVP [2026-03-11] | CoordinateCleaner QA applied without sea test (validity, equal, zeros, capitals, centroids, gbif, institutions) [2026-03-29]","standardized authors names in recordedBy","Colección","A.G. González","E.V.M."
"3594","HEM2025_3594","PreservedSpecimen","Coleccion",NA,"UNICACH","SPECIES","HEM","M.H. | A.L.","240","M.H. | A.L.","E","HEM2025",1,"Pleopeltis macrocarpa",15.6572222222222,-92.8075,"1989-11-17","change1: Filled coordinateUncertaintyInMeters from decimal-place precision (conservative). | epi_taxo: acceptedName(match1); authorship_epig(match1); genus_from_scientificName; family_WFO; order_majorGroup_WCVP [2026-03-11] | CoordinateCleaner QA applied without sea test (validity, equal, zeros, capitals, centroids, gbif, institutions) [2026-03-29]","standardized authors names in recordedBy / standardized authors names in identifiedBy","Colección","M.H. & A.L.","M.H. & A.L."
"3595","HEM2025_3595","PreservedSpecimen","Coleccion",NA,"UNICACH","SPECIES","HEM","F.J.Z.R.","9","Perez-Farrera, M.A.","E","HEM2025",1,"Pleopeltis macrocarpa",17.18,-92.905,"1990-11-08","change1: Filled coordinateUncertaintyInMeters from decimal-place precision (conservative). | epi_taxo: acceptedName(match1); authorship_epig(match1); genus_from_scientificName; family_WFO; order_majorGroup_WCVP [2026-03-11] | CoordinateCleaner QA applied without sea test (validity, equal, zeros, capitals, centroids, gbif, institutions) [2026-03-29]","standardized authors names in identifiedBy","Colección","F.J.Z.R.","M.A. Pérez-Farrera"
"3596","HEM2025_3596","PreservedSpecimen","Coleccion",NA,"UNICACH","SPECIES","HEM","Najarro, F.H. | M N.M.G. | U.G.M.","1199","O.F.S. | Cachon, T.C.","E","HEM2025",1,"Pleopeltis macrocarpa",15.9416666666667,-93.4047222222222,"2002-11-16","change1: Filled coordinateUncertaintyInMeters from decimal-place precision (conservative). | epi_taxo: acceptedName(match1); authorship_epig(match1); genus_from_scientificName; family_WFO; order_majorGroup_WCVP [2026-03-11] | CoordinateCleaner QA applied without sea test (validity, equal, zeros, capitals, centroids, gbif, institutions) [2026-03-29]","standardized authors names in recordedBy / standardized authors names in identifiedBy","Colección","F.H. Najarro & M N.M.G. & U.G.M.","O.F.S. & T.C. Cachón"
"3597","HEM2025_3597","PreservedSpecimen","Coleccion",NA,"UNICACH","SPECIES","HEM","E.R.M.A.","18","Perez-Farrera, M.A.","E","HEM2025",1,"Pleopeltis macrocarpa",17.18,-92.905,"1990-09-29","change1: Filled coordinateUncertaintyInMeters from decimal-place precision (conservative). | epi_taxo: acceptedName(match1); authorship_epig(match1); genus_from_scientificName; family_WFO; order_majorGroup_WCVP [2026-03-11] | CoordinateCleaner QA applied without sea test (validity, equal, zeros, capitals, centroids, gbif, institutions) [2026-03-29]","standardized authors names in identifiedBy","Colección","E.R.M.A.","M.A. Pérez-Farrera"
"3598","HEM2025_3598","PreservedSpecimen","Coleccion",NA,"UNICACH","SPECIES","HEM","M.E.L.M.","131","M.E.L.M.","E","HEM2025",1,"Pleopeltis macrocarpa",15.6666666666667,-92.805,"1998-02-26","change1: Filled coordinateUncertaintyInMeters from decimal-place precision (conservative). | epi_taxo: acceptedName(match1); authorship_epig(match1); genus_from_scientificName; family_WFO; order_majorGroup_WCVP [2026-03-11] | CoordinateCleaner QA applied without sea test (validity, equal, zeros, capitals, centroids, gbif, institutions) [2026-03-29]","","Colección","M.E.L.M.","M.E.L.M."
"3599","HEM2025_3599","PreservedSpecimen","Coleccion",NA,"UNICACH","SPECIES","HEM","M.E.L.M.","504","M.E.L.M.","E","HEM2025",1,"Pleopeltis macrocarpa",15.8275,-93.0441666666667,"1999-11-18","change1: Filled coordinateUncertaintyInMeters from decimal-place precision (conservative). | epi_taxo: acceptedName(match1); authorship_epig(match1); genus_from_scientificName; family_WFO; order_majorGroup_WCVP [2026-03-11] | CoordinateCleaner QA applied without sea test (validity, equal, zeros, capitals, centroids, gbif, institutions) [2026-03-29]","","Colección","M.E.L.M.","M.E.L.M."
"3600","HEM2025_3600","PreservedSpecimen","Coleccion",NA,"UNICACH","SPECIES","HEM","M.L.M.J.","20-bis","M.E.L.M.","E","HEM2025",1,"Pleopeltis mexicana",16.7802777777778,-92.5366666666667,"2002-10-06","change1: Filled coordinateUncertaintyInMeters from decimal-place precision (conservative). | epi_taxo: acceptedName(match1); authorship_epig(match1); genus_from_scientificName; family_WFO; order_majorGroup_WCVP [2026-03-11] | CoordinateCleaner QA applied without sea test (validity, equal, zeros, capitals, centroids, gbif, institutions) [2026-03-29]","","Colección","M.L.M.J.","M.E.L.M."
"3601","HEM2025_3601","PreservedSpecimen","Coleccion",NA,"UNICACH","SPECIES","HEM","N.V.A.","11-bis","M.E.L.M.","E","HEM2025",1,"Pleopeltis mexicana",17.2144444444444,-93.0816666666667,"2002-10-12","change1: Filled coordinateUncertaintyInMeters from decimal-place precision (conservative). | epi_taxo: acceptedName(match1); authorship_epig(match1); genus_from_scientificName; family_WFO; order_majorGroup_WCVP [2026-03-11] | CoordinateCleaner QA applied without sea test (validity, equal, zeros, capitals, centroids, gbif, institutions) [2026-03-29]","","Colección","N.V.A.","M.E.L.M."
"3602","HEM2025_3602","PreservedSpecimen","Coleccion",NA,"UNICACH","SPECIES","HEM","N.V.A.","5-bis","M.E.L.M.","E","HEM2025",1,"Pleopeltis mexicana",17.0561111111111,-92.8597222222222,"2002-10-05","change1: Filled coordinateUncertaintyInMeters from decimal-place precision (conservative). | epi_taxo: acceptedName(match1); authorship_epig(match1); genus_from_scientificName; family_WFO; order_majorGroup_WCVP [2026-03-11] | CoordinateCleaner QA applied without sea test (validity, equal, zeros, capitals, centroids, gbif, institutions) [2026-03-29]","","Colección","N.V.A.","M.E.L.M."
"3603","HEM2025_3603","PreservedSpecimen","Coleccion",NA,"UNICACH","SPECIES","HEM","C.A.Z.M.","14-bis","M.E.L.M.","E","HEM2025",1,"Pleopeltis mexicana",16.8716666666667,-92.4769444444444,"2003-05-17","change1: Filled coordinateUncertaintyInMeters from decimal-place precision (conservative). | epi_taxo: acceptedName(match1); authorship_epig(match1); genus_from_scientificName; family_WFO; order_majorGroup_WCVP [2026-03-11] | CoordinateCleaner QA applied without sea test (validity, equal, zeros, capitals, centroids, gbif, institutions) [2026-03-29]","","Colección","C.A.Z.M.","M.E.L.M."
"3604","HEM2025_3604","PreservedSpecimen","Coleccion",NA,"UNICACH","SPECIES","HEM","C.A.Z.M.","14-bis","M.E.L.M.","E","HEM2025",1,"Pleopeltis mexicana",16.8716666666667,-92.4769444444444,"2003-05-17","change1: Filled coordinateUncertaintyInMeters from decimal-place precision (conservative). | epi_taxo: acceptedName(match1); authorship_epig(match1); genus_from_scientificName; family_WFO; order_majorGroup_WCVP [2026-03-11] | CoordinateCleaner QA applied without sea test (validity, equal, zeros, capitals, centroids, gbif, institutions) [2026-03-29]","","Colección","C.A.Z.M.","M.E.L.M."
"3605","HEM2025_3605","PreservedSpecimen","Coleccion",NA,"UNICACH","SPECIES","HEM","M.A.M.G.","8","M.E.L.M.","E","HEM2025",1,"Pleopeltis mexicana",17.2275,-93.5608333333333,"2003-04-16","change1: Filled coordinateUncertaintyInMeters from decimal-place precision (conservative). | epi_taxo: acceptedName(match1); authorship_epig(match1); genus_from_scientificName; family_WFO; order_majorGroup_WCVP [2026-03-11] | CoordinateCleaner QA applied without sea test (validity, equal, zeros, capitals, centroids, gbif, institutions) [2026-03-29]","","Colección","M.A.M.G.","M.E.L.M."
"3606","HEM2025_3606","PreservedSpecimen","Coleccion",NA,"UNICACH","SPECIES","HEM","M.A.M.G.","8","M.E.L.M.","E","HEM2025",1,"Pleopeltis mexicana",17.2275,-93.5608333333333,"2003-04-16","change1: Filled coordinateUncertaintyInMeters from decimal-place precision (conservative). | epi_taxo: acceptedName(match1); authorship_epig(match1); genus_from_scientificName; family_WFO; order_majorGroup_WCVP [2026-03-11] | CoordinateCleaner QA applied without sea test (validity, equal, zeros, capitals, centroids, gbif, institutions) [2026-03-29]","","Colección","M.A.M.G.","M.E.L.M."
"3607","HEM2025_3607","PreservedSpecimen","Coleccion",NA,"UNICACH","SPECIES","HEM","M.A.R.V.","6","M.E.L.M.","E","HEM2025",1,"Pleopeltis mexicana",17.2119444444444,-92.9694444444444,"2003-04-15","change1: Filled coordinateUncertaintyInMeters from decimal-place precision (conservative). | epi_taxo: acceptedName(match1); authorship_epig(match1); genus_from_scientificName; family_WFO; order_majorGroup_WCVP [2026-03-11] | CoordinateCleaner QA applied without sea test (validity, equal, zeros, capitals, centroids, gbif, institutions) [2026-03-29]","","Colección","M.A.R.V.","M.E.L.M."
"3608","HEM2025_3608","PreservedSpecimen","Coleccion",NA,"UNICACH","SPECIES","HEM","M.A.M.G.","11","M.E.L.M.","E","HEM2025",1,"Pleopeltis mexicana",17.2275,-92.9108333333333,"2003-04-16","change1: Filled coordinateUncertaintyInMeters from decimal-place precision (conservative). | epi_taxo: acceptedName(match1); authorship_epig(match1); genus_from_scientificName; family_WFO; order_majorGroup_WCVP [2026-03-11] | CoordinateCleaner QA applied without sea test (validity, equal, zeros, capitals, centroids, gbif, institutions) [2026-03-29]","","Colección","M.A.M.G.","M.E.L.M."
"3609","HEM2025_3609","PreservedSpecimen","Coleccion",NA,"UNICACH","SPECIES","HEM","T.E.C.C.","90","T.E.C.C","E","HEM2025",1,"Pleopeltis mexicana",16.7866111111111,-94.0265833333333,"2007-07-06","change1: Filled coordinateUncertaintyInMeters from decimal-place precision (conservative). | epi_taxo: acceptedName(match1); authorship_epig(match1); genus_from_scientificName; family_WFO; order_majorGroup_WCVP [2026-03-11] | CoordinateCleaner QA applied without sea test (validity, equal, zeros, capitals, centroids, gbif, institutions) [2026-03-29]","standardized authors names in recordedBy","Colección","T.E.C.C","T.E.C.C"
"3610","HEM2025_3610","PreservedSpecimen","Coleccion",NA,"UNICACH","SPECIES","HEM","M.M.M. | M.D.E.M.","606","Perez-Farrera, M.A.","E","HEM2025",1,"Pleopeltis mexicana",15.2561111111111,-92.2083888888889,"2013-02-06","change1: Filled coordinateUncertaintyInMeters from decimal-place precision (conservative). | epi_taxo: acceptedName(match1); authorship_epig(match1); genus_from_scientificName; family_WFO; order_majorGroup_WCVP [2026-03-11] | CoordinateCleaner QA applied without sea test (validity, equal, zeros, capitals, centroids, gbif, institutions) [2026-03-29]","standardized authors names in recordedBy / standardized authors names in identifiedBy","Colección","M.M.M. & M.D.E.M.","M.A. Pérez-Farrera"
"3611","HEM2025_3611","PreservedSpecimen","Coleccion",NA,"UNICACH","SPECIES","HEM","M.M.M. | M.D.E.M.","1463","Perez-Farrera, M.A.","E","HEM2025",1,"Pleopeltis mexicana",15.0858333333333,-92.0996111111111,"2013-04-30","change1: Filled coordinateUncertaintyInMeters from decimal-place precision (conservative). | epi_taxo: acceptedName(match1); authorship_epig(match1); genus_from_scientificName; family_WFO; order_majorGroup_WCVP [2026-03-11] | CoordinateCleaner QA applied without sea test (validity, equal, zeros, capitals, centroids, gbif, institutions) [2026-03-29]","standardized authors names in recordedBy / standardized authors names in identifiedBy","Colección","M.M.M. & M.D.E.M.","M.A. Pérez-Farrera"
"3612","HEM2025_3612","PreservedSpecimen","Coleccion",NA,"UNICACH","SPECIES","HEM","M.M.M. | M.A.D.V.","1982","N.M.M. | J.M.M.","E","HEM2025",1,"Pleopeltis mexicana",15.1056666666667,-92.1073611111111,"2013-05-31","change1: Filled coordinateUncertaintyInMeters from decimal-place precision (conservative). | epi_taxo: acceptedName(match1); authorship_epig(match1); genus_from_scientificName; family_WFO; order_majorGroup_WCVP [2026-03-11] | CoordinateCleaner QA applied without sea test (validity, equal, zeros, capitals, centroids, gbif, institutions) [2026-03-29]","standardized authors names in recordedBy / standardized authors names in identifiedBy","Colección","M.M.M. & M.A.D.V.","N.M.M. & J.M.M."
"3613","HEM2025_3613","PreservedSpecimen","Coleccion",NA,"UNICACH","SPECIES","HEM","M.M.M. | M.C.R.M.","5252","N.M.M.","E","HEM2025",1,"Pleopeltis mexicana",15.1086388888889,-92.1911666666667,"2014-09-20","change1: Filled coordinateUncertaintyInMeters from decimal-place precision (conservative). | epi_taxo: acceptedName(match1); authorship_epig(match1); genus_from_scientificName; family_WFO; order_majorGroup_WCVP [2026-03-11] | CoordinateCleaner QA applied without sea test (validity, equal, zeros, capitals, centroids, gbif, institutions) [2026-03-29]","standardized authors names in recordedBy","Colección","M.M.M. & M.C.R.M.","N.M.M."
"3614","HEM2025_3614","PreservedSpecimen","Coleccion",NA,"UNICACH","SPECIES","HEM","N.M.M. | M.M.M. | R.V.H.","3135-BIS","Perez-Farrera, M.A.","E","HEM2025",1,"Pleopeltis mexicana",15.1036666666667,-92.1015277777778,"2014-09-23","change1: Filled coordinateUncertaintyInMeters from decimal-place precision (conservative). | epi_taxo: acceptedName(match1); authorship_epig(match1); genus_from_scientificName; family_WFO; order_majorGroup_WCVP [2026-03-11] | CoordinateCleaner QA applied without sea test (validity, equal, zeros, capitals, centroids, gbif, institutions) [2026-03-29]","standardized authors names in recordedBy / standardized authors names in identifiedBy","Colección","N.M.M. & M.M.M. & R.V.H.","M.A. Pérez-Farrera"
"3615","HEM2025_3615","PreservedSpecimen","Coleccion",NA,"UNICACH","SPECIES","HEM","N.M.M. | M.M.M. | R.V.H.","4268","N.M.M.","E","HEM2025",1,"Pleopeltis mexicana",15.0956944444444,-92.0981666666667,"2015-05-04","change1: Filled coordinateUncertaintyInMeters from decimal-place precision (conservative). | epi_taxo: acceptedName(match1); authorship_epig(match1); genus_from_scientificName; family_WFO; order_majorGroup_WCVP [2026-03-11] | CoordinateCleaner QA applied without sea test (validity, equal, zeros, capitals, centroids, gbif, institutions) [2026-03-29]","standardized authors names in recordedBy","Colección","N.M.M. & M.M.M. & R.V.H.","N.M.M."
"3616","HEM2025_3616","PreservedSpecimen","Coleccion",NA,"UNICACH","SPECIES","HEM","N.M.M. | M.M.M. | R.V.H.","4364","N.M.M.","E","HEM2025",1,"Pleopeltis mexicana",15.1036666666667,-92.1015277777778,"2015-05-05","change1: Filled coordinateUncertaintyInMeters from decimal-place precision (conservative). | epi_taxo: acceptedName(match1); authorship_epig(match1); genus_from_scientificName; family_WFO; order_majorGroup_WCVP [2026-03-11] | CoordinateCleaner QA applied without sea test (validity, equal, zeros, capitals, centroids, gbif, institutions) [2026-03-29]","standardized authors names in recordedBy","Colección","N.M.M. & M.M.M. & R.V.H.","N.M.M."
"3617","HEM2025_3617","PreservedSpecimen","Coleccion",NA,"UNICACH","SPECIES","HEM","N.M.M. | M.M.M. | R.V.H.","4525","N.M.M.","E","HEM2025",1,"Pleopeltis mexicana",15.1062777777778,-92.1102222222222,"2015-05-05","change1: Filled coordinateUncertaintyInMeters from decimal-place precision (conservative). | epi_taxo: acceptedName(match1); authorship_epig(match1); genus_from_scientificName; family_WFO; order_majorGroup_WCVP [2026-03-11] | CoordinateCleaner QA applied without sea test (validity, equal, zeros, capitals, centroids, gbif, institutions) [2026-03-29]","standardized authors names in recordedBy","Colección","N.M.M. & M.M.M. & R.V.H.","N.M.M."
"3618","HEM2025_3618","PreservedSpecimen","Coleccion",NA,"UNICACH","SPECIES","HEM","H.G.D.","1526","H.G.D.","E","HEM2025",1,"Pleopeltis polylepis",15.4261388888889,-92.629,"2006-11-15","change1: Filled coordinateUncertaintyInMeters from decimal-place precision (conservative). | epi_taxo: acceptedName(match1); authorship_epig(match1); genus_from_scientificName; family_WFO; order_majorGroup_WCVP [2026-03-11] | CoordinateCleaner QA applied without sea test (validity, equal, zeros, capitals, centroids, gbif, institutions) [2026-03-29]","","Colección","H.G.D.","H.G.D."
"3619","HEM2025_3619","PreservedSpecimen","Coleccion",NA,"UNICACH","SPECIES","HEM","A.L.C.","867","J.M.M.","E","HEM2025",1,"Pleopeltis polylepis",17.0314722222222,-93.1406111111111,"2009-09-21","change1: Filled coordinateUncertaintyInMeters from decimal-place precision (conservative). | epi_taxo: acceptedName(match1); authorship_epig(match1); genus_from_scientificName; family_WFO; order_majorGroup_WCVP [2026-03-11] | CoordinateCleaner QA applied without sea test (validity, equal, zeros, capitals, centroids, gbif, institutions) [2026-03-29]","","Colección","A.L.C.","J.M.M."
"3620","HEM2025_3620","PreservedSpecimen","Coleccion",NA,"UNICACH","SPECIES","HEM","M.M.M. | N.M.M. | R.J.R.V. | E.C.N.","4154","N.M.M.","E","HEM2025",1,"Pleopeltis polylepis",15.0316666666667,-92.1556666666667,"2014-06-16","change1: Filled coordinateUncertaintyInMeters from decimal-place precision (conservative). | epi_taxo: acceptedName(match1); authorship_epig(match1); genus_from_scientificName; family_WFO; order_majorGroup_WCVP [2026-03-11] | CoordinateCleaner QA applied without sea test (validity, equal, zeros, capitals, centroids, gbif, institutions) [2026-03-29]","standardized authors names in recordedBy","Colección","M.M.M. & N.M.M. & R.J.R.V. & E.C.N.","N.M.M."
"3621","HEM2025_3621","PreservedSpecimen","Coleccion",NA,"UNICACH","SPECIES","HEM","M.M.M. | A.L.C.","4843","N.M.M.","E","HEM2025",1,"Pleopeltis polylepis",15.0942222222222,-92.1718611111111,"2014-08-15","change1: Filled coordinateUncertaintyInMeters from decimal-place precision (conservative). | epi_taxo: acceptedName(match1); authorship_epig(match1); genus_from_scientificName; family_WFO; order_majorGroup_WCVP [2026-03-11] | CoordinateCleaner QA applied without sea test (validity, equal, zeros, capitals, centroids, gbif, institutions) [2026-03-29]","standardized authors names in recordedBy","Colección","M.M.M. & A.L.C.","N.M.M."
"3622","HEM2025_3622","PreservedSpecimen","Coleccion",NA,"UNICACH","GENUS","HEM","T.A.S.","250","T.A.S.","E","HEM2025",NA,"",16.7608333333333,-91.1108333333333,"1989-05-11","change1: Genus placeholder (sp./spp.): moved to 'genus', set taxonRank=GENUS, cleared scientificName; kept original in verbatim. | change2: Filled coordinateUncertaintyInMeters from decimal-place precision (conservative). | epi_taxo: acceptedName(match1); authorship_epig(match1); genus_from_scientificName; family_WFO; order_majorGroup_WCVP [2026-03-11] | CoordinateCleaner QA applied without sea test (validity, equal, zeros, capitals, centroids, gbif, institutions) [2026-03-29]","","Colección","T.A.S.","T.A.S."
"3623","HEM2025_3623","PreservedSpecimen","Coleccion",NA,"UNICACH","GENUS","HEM","M.D.R.S.","264","R.R.S.","E","HEM2025",NA,"",15.5977222222222,-92.6570277777778,"2005-07-21","change1: Genus placeholder (sp./spp.): moved to 'genus', set taxonRank=GENUS, cleared scientificName; kept original in verbatim. | change2: Filled coordinateUncertaintyInMeters from decimal-place precision (conservative). | epi_taxo: acceptedName(match1); authorship_epig(match1); genus_from_scientificName; family_WFO; order_majorGroup_WCVP [2026-03-11] | CoordinateCleaner QA applied without sea test (validity, equal, zeros, capitals, centroids, gbif, institutions) [2026-03-29]","","Colección","M.D.R.S.","R.R.S."
"3624","HEM2025_3624","PreservedSpecimen","Coleccion",NA,"UNICACH","GENUS","HEM","M.M.M. | N.M.M. | R.J.R.V. | E.C.N.","4229","N.M.M.","E","HEM2025",NA,"",15.0893888888889,-92.1465555555556,"2014-06-17","change1: Genus placeholder (sp./spp.): moved to 'genus', set taxonRank=GENUS, cleared scientificName; kept original in verbatim. | change2: Filled coordinateUncertaintyInMeters from decimal-place precision (conservative). | epi_taxo: acceptedName(match1); authorship_epig(match1); genus_from_scientificName; family_WFO; order_majorGroup_WCVP [2026-03-11] | CoordinateCleaner QA applied without sea test (validity, equal, zeros, capitals, centroids, gbif, institutions) [2026-03-29]","standardized authors names in recordedBy","Colección","M.M.M. & N.M.M. & R.J.R.V. & E.C.N.","N.M.M."
"3625","HEM2025_3625","PreservedSpecimen","Coleccion",NA,"UNICACH","GENUS","HEM","M.M.M. | D.A.J.L. | R.J.R.V.","5586","N.M.M.","E","HEM2025",NA,"",15.0997777777778,-92.1679444444444,"2015-03-27","change1: Genus placeholder (sp./spp.): moved to 'genus', set taxonRank=GENUS, cleared scientificName; kept original in verbatim. | change2: Filled coordinateUncertaintyInMeters from decimal-place precision (conservative). | epi_taxo: acceptedName(match1); authorship_epig(match1); genus_from_scientificName; family_WFO; order_majorGroup_WCVP [2026-03-11] | CoordinateCleaner QA applied without sea test (validity, equal, zeros, capitals, centroids, gbif, institutions) [2026-03-29]","standardized authors names in recordedBy","Colección","M.M.M. & D.A.J.L. & R.J.R.V.","N.M.M."
"3626","HEM2025_3626","PreservedSpecimen","Coleccion",NA,"UNICACH","SPECIES","HEM","N.D.","22","A.R.S.","E","HEM2025",1,"Pleopeltis alansmithii",16.8222222222222,-92.5866666666667,"1986-06-08","change1: Filled coordinateUncertaintyInMeters from decimal-place precision (conservative). | epi_taxo: acceptedName(match1); authorship_epig(match1); genus_from_scientificName; family_WFO; order_majorGroup_WCVP [2026-03-11] | CoordinateCleaner QA applied without sea test (validity, equal, zeros, capitals, centroids, gbif, institutions) [2026-03-29]","standardized authors names in recordedBy","Colección","ND","A.R.S."
"3627","HEM2025_3627","PreservedSpecimen","Coleccion",NA,"UNICACH","SPECIES","HEM","J.P.V.H.","134","Perez-Farrera, M.A.","E","HEM2025",1,"Pleopeltis alansmithii",15.9172222222222,-93.2505555555556,"2002-10-25","change1: Filled coordinateUncertaintyInMeters from decimal-place precision (conservative). | epi_taxo: acceptedName(match1); authorship_epig(match1); genus_from_scientificName; family_WFO; order_majorGroup_WCVP [2026-03-11] | CoordinateCleaner QA applied without sea test (validity, equal, zeros, capitals, centroids, gbif, institutions) [2026-03-29]","standardized authors names in identifiedBy","Colección","J.P.V.H.","M.A. Pérez-Farrera"
"3628","HEM2025_3628","PreservedSpecimen","Coleccion",NA,"UNICACH","SPECIES","HEM","M.E.L.M.","196","M.E.L.M.","E","HEM2025",1,"Pleopeltis alansmithii",15.8244444444444,-93.0630555555556,"1999-02-11","change1: Filled coordinateUncertaintyInMeters from decimal-place precision (conservative). | epi_taxo: acceptedName(match1); authorship_epig(match1); genus_from_scientificName; family_WFO; order_majorGroup_WCVP [2026-03-11] | CoordinateCleaner QA applied without sea test (validity, equal, zeros, capitals, centroids, gbif, institutions) [2026-03-29]","","Colección","M.E.L.M.","M.E.L.M."
"3629","HEM2025_3629","PreservedSpecimen","Coleccion",NA,"UNICACH","SPECIES","HEM","N.M.M.","1814","Perez-Farrera, M.A.","E","HEM2025",1,"Pleopeltis alansmithii",15.7441416666667,-93.0340888888889,"2006-10-13","change1: Filled coordinateUncertaintyInMeters from decimal-place precision (conservative). | epi_taxo: acceptedName(match1); authorship_epig(match1); genus_from_scientificName; family_WFO; order_majorGroup_WCVP [2026-03-11] | CoordinateCleaner QA applied without sea test (validity, equal, zeros, capitals, centroids, gbif, institutions) [2026-03-29]","standardized authors names in identifiedBy","Colección","N.M.M.","M.A. Pérez-Farrera"
"3630","HEM2025_3630","PreservedSpecimen","Coleccion",NA,"UNICACH","SPECIES","HEM","N.M.M.","1816","Perez-Farrera, M.A.","E","HEM2025",1,"Pleopeltis alansmithii",15.7230555555556,-93.0013888888889,"2006-10-13","change1: Filled coordinateUncertaintyInMeters from decimal-place precision (conservative). | epi_taxo: acceptedName(match1); authorship_epig(match1); genus_from_scientificName; family_WFO; order_majorGroup_WCVP [2026-03-11] | CoordinateCleaner QA applied without sea test (validity, equal, zeros, capitals, centroids, gbif, institutions) [2026-03-29]","standardized authors names in identifiedBy","Colección","N.M.M.","M.A. Pérez-Farrera"
"3631","HEM2025_3631","PreservedSpecimen","Coleccion",NA,"UNICACH","SPECIES","HEM","M.E.L.M.","263","A.R.S.","E","HEM2025",1,"Pleopeltis alansmithii",15.8172222222222,-93.095,"1999-03-17","change1: Filled coordinateUncertaintyInMeters from decimal-place precision (conservative). | epi_taxo: acceptedName(match1); authorship_epig(match1); genus_from_scientificName; family_WFO; order_majorGroup_WCVP [2026-03-11] | CoordinateCleaner QA applied without sea test (validity, equal, zeros, capitals, centroids, gbif, institutions) [2026-03-29]","","Colección","M.E.L.M.","A.R.S."
"3632","HEM2025_3632","PreservedSpecimen","Coleccion",NA,"UNICACH","SPECIES","HEM","G.C.G.","10","Perez-Farrera, M.A.","E","HEM2025",1,"Pleopeltis alansmithii",16.0791666666667,-91.6708333333333,"2000-11-27","change1: Filled coordinateUncertaintyInMeters from decimal-place precision (conservative). | epi_taxo: acceptedName(match1); authorship_epig(match1); genus_from_scientificName; family_WFO; order_majorGroup_WCVP [2026-03-11] | CoordinateCleaner QA applied without sea test (validity, equal, zeros, capitals, centroids, gbif, institutions) [2026-03-29]","standardized authors names in identifiedBy","Colección","G.C.G.","M.A. Pérez-Farrera"
"3633","HEM2025_3633","PreservedSpecimen","Coleccion",NA,"UNICACH","SPECIES","HEM","E.I.S.","22","Perez-Farrera, M.A.","E","HEM2025",1,"Pleopeltis alansmithii",17.18,-92.905,"1990-09-24","change1: Filled coordinateUncertaintyInMeters from decimal-place precision (conservative). | epi_taxo: acceptedName(match1); authorship_epig(match1); genus_from_scientificName; family_WFO; order_majorGroup_WCVP [2026-03-11] | CoordinateCleaner QA applied without sea test (validity, equal, zeros, capitals, centroids, gbif, institutions) [2026-03-29]","standardized authors names in identifiedBy","Colección","E.I.S.","M.A. Pérez-Farrera"
"3634","HEM2025_3634","PreservedSpecimen","Coleccion",NA,"UNICACH","SPECIES","HEM","N.J.B.R.","22","Perez-Farrera, M.A.","E","HEM2025",1,"Pleopeltis alansmithii",17.18,-92.905,"1990-09-24","change1: Filled coordinateUncertaintyInMeters from decimal-place precision (conservative). | epi_taxo: acceptedName(match1); authorship_epig(match1); genus_from_scientificName; family_WFO; order_majorGroup_WCVP [2026-03-11] | CoordinateCleaner QA applied without sea test (validity, equal, zeros, capitals, centroids, gbif, institutions) [2026-03-29]","standardized authors names in identifiedBy","Colección","N.J.B.R.","M.A. Pérez-Farrera"
"3635","HEM2025_3635","PreservedSpecimen","Coleccion",NA,"UNICACH","SPECIES","HEM","B.G.G.G.","1","Perez-Farrera, M.A.","E","HEM2025",1,"Pleopeltis alansmithii",17.18,-92.905,"1990-09-24","change1: Filled coordinateUncertaintyInMeters from decimal-place precision (conservative). | epi_taxo: acceptedName(match1); authorship_epig(match1); genus_from_scientificName; family_WFO; order_majorGroup_WCVP [2026-03-11] | CoordinateCleaner QA applied without sea test (validity, equal, zeros, capitals, centroids, gbif, institutions) [2026-03-29]","standardized authors names in identifiedBy","Colección","B.G.G.G.","M.A. Pérez-Farrera"
"3636","HEM2025_3636","PreservedSpecimen","Coleccion",NA,"UNICACH","SPECIES","HEM","R.O.M.","1","Perez-Farrera, M.A.","E","HEM2025",1,"Pleopeltis alansmithii",16.0791666666667,-91.6708333333333,"2000-11-27","change1: Filled coordinateUncertaintyInMeters from decimal-place precision (conservative). | epi_taxo: acceptedName(match1); authorship_epig(match1); genus_from_scientificName; family_WFO; order_majorGroup_WCVP [2026-03-11] | CoordinateCleaner QA applied without sea test (validity, equal, zeros, capitals, centroids, gbif, institutions) [2026-03-29]","standardized authors names in identifiedBy","Colección","R.O.M.","M.A. Pérez-Farrera"
"3637","HEM2025_3637","PreservedSpecimen","Coleccion",NA,"UNICACH","SPECIES","HEM","R.T.S.","13","Perez-Farrera, M.A.","E","HEM2025",1,"Pleopeltis alansmithii",16.7775,-92.6608333333333,"2003-04-12","change1: Filled coordinateUncertaintyInMeters from decimal-place precision (conservative). | epi_taxo: acceptedName(match1); authorship_epig(match1); genus_from_scientificName; family_WFO; order_majorGroup_WCVP [2026-03-11] | CoordinateCleaner QA applied without sea test (validity, equal, zeros, capitals, centroids, gbif, institutions) [2026-03-29]","standardized authors names in identifiedBy","Colección","R.T.S.","M.A. Pérez-Farrera"
"3638","HEM2025_3638","PreservedSpecimen","Coleccion",NA,"UNICACH","SPECIES","HEM","R.T.S.","13","Perez-Farrera, M.A.","E","HEM2025",1,"Pleopeltis alansmithii",16.7775,-92.6608333333333,"2003-04-12","change1: Filled coordinateUncertaintyInMeters from decimal-place precision (conservative). | epi_taxo: acceptedName(match1); authorship_epig(match1); genus_from_scientificName; family_WFO; order_majorGroup_WCVP [2026-03-11] | CoordinateCleaner QA applied without sea test (validity, equal, zeros, capitals, centroids, gbif, institutions) [2026-03-29]","standardized authors names in identifiedBy","Colección","R.T.S.","M.A. Pérez-Farrera"
"3639","HEM2025_3639","PreservedSpecimen","Coleccion",NA,"UNICACH","SPECIES","HEM","M.M.M. | M.D.E.M.","508","N.M.M. | J.M.M.","E","HEM2025",1,"Pleopeltis alansmithii",15.2567777777778,-92.2239722222222,"2013-02-04","change1: Filled coordinateUncertaintyInMeters from decimal-place precision (conservative). | epi_taxo: acceptedName(match1); authorship_epig(match1); genus_from_scientificName; family_WFO; order_majorGroup_WCVP [2026-03-11] | CoordinateCleaner QA applied without sea test (validity, equal, zeros, capitals, centroids, gbif, institutions) [2026-03-29]","standardized authors names in recordedBy / standardized authors names in identifiedBy","Colección","M.M.M. & M.D.E.M.","N.M.M. & J.M.M."
"3640","HEM2025_3640","PreservedSpecimen","Coleccion",NA,"UNICACH","SPECIES","HEM","M.M.M. | Camilo, R.M.","1131","N.M.M. | J.M.M.","E","HEM2025",1,"Pleopeltis alansmithii",15.1126388888889,-92.0980555555555,"2013-04-04","change1: Filled coordinateUncertaintyInMeters from decimal-place precision (conservative). | epi_taxo: acceptedName(match1); authorship_epig(match1); genus_from_scientificName; family_WFO; order_majorGroup_WCVP [2026-03-11] | CoordinateCleaner QA applied without sea test (validity, equal, zeros, capitals, centroids, gbif, institutions) [2026-03-29]","standardized authors names in recordedBy / standardized authors names in identifiedBy","Colección","M.M.M. & R.M. Camilo","N.M.M. & J.M.M."
"3641","HEM2025_3641","PreservedSpecimen","Coleccion",NA,"UNICACH","SPECIES","HEM","N.M.M. | M.M.M. | R.V.H.","3501","Perez-Farrera, M.A.","E","HEM2025",1,"Pleopeltis alansmithii",15.1057222222222,-92.0960277777778,"2014-09-24","change1: Filled coordinateUncertaintyInMeters from decimal-place precision (conservative). | epi_taxo: acceptedName(match1); authorship_epig(match1); genus_from_scientificName; family_WFO; order_majorGroup_WCVP [2026-03-11] | CoordinateCleaner QA applied without sea test (validity, equal, zeros, capitals, centroids, gbif, institutions) [2026-03-29]","standardized authors names in recordedBy / standardized authors names in identifiedBy","Colección","N.M.M. & M.M.M. & R.V.H.","M.A. Pérez-Farrera"
"3642","HEM2025_3642","PreservedSpecimen","Coleccion",NA,"UNICACH","SPECIES","HEM","N.M.M. | M.M.M. | R.V.H.","3625","Perez-Farrera, M.A.","E","HEM2025",1,"Pleopeltis alansmithii",15.1259444444444,-92.18,"2014-09-24","change1: Filled coordinateUncertaintyInMeters from decimal-place precision (conservative). | epi_taxo: acceptedName(match1); authorship_epig(match1); genus_from_scientificName; family_WFO; order_majorGroup_WCVP [2026-03-11] | CoordinateCleaner QA applied without sea test (validity, equal, zeros, capitals, centroids, gbif, institutions) [2026-03-29]","standardized authors names in recordedBy / standardized authors names in identifiedBy","Colección","N.M.M. & M.M.M. & R.V.H.","M.A. Pérez-Farrera"
"3643","HEM2025_3643","PreservedSpecimen","Coleccion",NA,"UNICACH","SPECIES","HEM","Camilo, R.M. | M.I.L.R. | N.A.F.R.","2309","N.M.M.","E","HEM2025",1,"Pleopeltis alansmithii",15.0928888888889,-92.1475,"2014-07-06","change1: Filled coordinateUncertaintyInMeters from decimal-place precision (conservative). | epi_taxo: acceptedName(match1); authorship_epig(match1); genus_from_scientificName; family_WFO; order_majorGroup_WCVP [2026-03-11] | CoordinateCleaner QA applied without sea test (validity, equal, zeros, capitals, centroids, gbif, institutions) [2026-03-29]","standardized authors names in recordedBy","Colección","R.M. Camilo & M.I.L.R. & N.A.F.R.","N.M.M."
"3644","HEM2025_3644","PreservedSpecimen","Coleccion",NA,"UNICACH","SPECIES","HEM","Camilo, R.M. | R.V.H. | M.M.M.","3006","Camilo, R.M.","E","HEM2025",1,"Pleopeltis alansmithii",15.1299722222222,-92.17475,"2015-03-27","change1: Filled coordinateUncertaintyInMeters from decimal-place precision (conservative). | epi_taxo: acceptedName(match1); authorship_epig(match1); genus_from_scientificName; family_WFO; order_majorGroup_WCVP [2026-03-11] | CoordinateCleaner QA applied without sea test (validity, equal, zeros, capitals, centroids, gbif, institutions) [2026-03-29]","standardized authors names in recordedBy / standardized authors names in identifiedBy","Colección","R.M. Camilo & R.V.H. & M.M.M.","R.M. Camilo"
"3645","HEM2025_3645","PreservedSpecimen","Coleccion",NA,"UNICACH","SPECIES","HEM","N.M.M. | M.M.M. | R.V.H.","4393","N.M.M. | M.M.M.","E","HEM2025",1,"Pleopeltis alansmithii",15.1062777777778,-92.1102222222222,"2015-05-05","change1: Filled coordinateUncertaintyInMeters from decimal-place precision (conservative). | epi_taxo: acceptedName(match1); authorship_epig(match1); genus_from_scientificName; family_WFO; order_majorGroup_WCVP [2026-03-11] | CoordinateCleaner QA applied without sea test (validity, equal, zeros, capitals, centroids, gbif, institutions) [2026-03-29]","standardized authors names in recordedBy / standardized authors names in identifiedBy","Colección","N.M.M. & M.M.M. & R.V.H.","N.M.M. & M.M.M."
"3646","HEM2025_3646","PreservedSpecimen","Coleccion",NA,"UNICACH","SPECIES","HEM","M.M.M. | M.D.E.M.","585","N.M.M.","E","HEM2025",1,"Polypodium arcanum",15.2561111111111,-92.2083888888889,"2013-02-06","change1: Filled coordinateUncertaintyInMeters from decimal-place precision (conservative). | epi_taxo: acceptedName(match1); authorship_epig(match1); genus_from_scientificName; family_WFO; order_majorGroup_WCVP [2026-03-11] | CoordinateCleaner QA applied without sea test (validity, equal, zeros, capitals, centroids, gbif, institutions) [2026-03-29]","standardized authors names in recordedBy","Colección","M.M.M. & M.D.E.M.","N.M.M."
"3647","HEM2025_3647","PreservedSpecimen","Coleccion",NA,"UNICACH","SPECIES","HEM","M.M.M. | M.D.E.M.","632","N.M.M.","E","HEM2025",1,"Polypodium arcanum",15.2559166666667,-92.2205,"2013-02-07","change1: Filled coordinateUncertaintyInMeters from decimal-place precision (conservative). | epi_taxo: acceptedName(match1); authorship_epig(match1); genus_from_scientificName; family_WFO; order_majorGroup_WCVP [2026-03-11] | CoordinateCleaner QA applied without sea test (validity, equal, zeros, capitals, centroids, gbif, institutions) [2026-03-29]","standardized authors names in recordedBy","Colección","M.M.M. & M.D.E.M.","N.M.M."
"3648","HEM2025_3648","PreservedSpecimen","Coleccion",NA,"UNICACH","SPECIES","HEM","M.M.M. | M.D.E.M.","1494","Perez-Farrera, M.A.","E","HEM2025",1,"Polypodium christensenii",15.0858333333333,-92.0996111111111,"2013-04-30","change1: Filled coordinateUncertaintyInMeters from decimal-place precision (conservative). | epi_taxo: acceptedName(match1); authorship_epig(match1); genus_from_scientificName; family_WFO; order_majorGroup_WCVP [2026-03-11] | CoordinateCleaner QA applied without sea test (validity, equal, zeros, capitals, centroids, gbif, institutions) [2026-03-29]","standardized authors names in recordedBy / standardized authors names in identifiedBy","Colección","M.M.M. & M.D.E.M.","M.A. Pérez-Farrera"
"3649","HEM2025_3649","PreservedSpecimen","Coleccion",NA,"UNICACH","SPECIES","HEM","Perez-Farrera, M.A.","1179","J.A.E.J.","E","HEM2025",1,"Polypodium colpodes",15.425,-92.6333333333333,"1996-08-21","change1: Filled coordinateUncertaintyInMeters from decimal-place precision (conservative). | epi_taxo: acceptedName(match1); authorship_epig(match1); genus_from_scientificName; family_WFO; order_majorGroup_WCVP [2026-03-11] | CoordinateCleaner QA applied without sea test (validity, equal, zeros, capitals, centroids, gbif, institutions) [2026-03-29]","standardized authors names in recordedBy","Colección","M.A. Pérez-Farrera","J.A.E.J."
"3650","HEM2025_3650","PreservedSpecimen","Coleccion",NA,"UNICACH","SPECIES","HEM","J.M.M.","1416","M.E.L.M.","E","HEM2025",1,"Polypodium colpodes",15.5750277777778,-92.7436944444444,"2006-08-09","change1: Filled coordinateUncertaintyInMeters from decimal-place precision (conservative). | epi_taxo: acceptedName(match1); authorship_epig(match1); genus_from_scientificName; family_WFO; order_majorGroup_WCVP [2026-03-11] | CoordinateCleaner QA applied without sea test (validity, equal, zeros, capitals, centroids, gbif, institutions) [2026-03-29]","","Colección","J.M.M.","M.E.L.M."
"3651","HEM2025_3651","PreservedSpecimen","Coleccion",NA,"UNICACH","SPECIES","HEM","Perez-Farrera, M.A.","525","J.A.E.J.","E","HEM2025",1,"Polypodium colpodes",15.9416666666667,-93.2916666666667,"1995-07-11","change1: Filled coordinateUncertaintyInMeters from decimal-place precision (conservative). | epi_taxo: acceptedName(match1); authorship_epig(match1); genus_from_scientificName; family_WFO; order_majorGroup_WCVP [2026-03-11] | CoordinateCleaner QA applied without sea test (validity, equal, zeros, capitals, centroids, gbif, institutions) [2026-03-29]","standardized authors names in recordedBy","Colección","M.A. Pérez-Farrera","J.A.E.J."
"3652","HEM2025_3652","PreservedSpecimen","Coleccion",NA,"UNICACH","SPECIES","HEM","M.M.O.","ND","J.A.E.J.","E","HEM2025",1,"Polypodium colpodes",16.7944444444444,-93.1008333333333,"1998-11-23","change1: Filled coordinateUncertaintyInMeters from decimal-place precision (conservative). | epi_taxo: acceptedName(match1); authorship_epig(match1); genus_from_scientificName; family_WFO; order_majorGroup_WCVP [2026-03-11] | CoordinateCleaner QA applied without sea test (validity, equal, zeros, capitals, centroids, gbif, institutions) [2026-03-29]","","Colección","M.M.O.","J.A.E.J."
"3653","HEM2025_3653","PreservedSpecimen","Coleccion",NA,"UNICACH","SPECIES","HEM","M.M.O.","ND","J.A.E.J.","E","HEM2025",1,"Polypodium colpodes",16.7944444444444,-93.1008333333333,"1998-11-23","change1: Filled coordinateUncertaintyInMeters from decimal-place precision (conservative). | epi_taxo: acceptedName(match1); authorship_epig(match1); genus_from_scientificName; family_WFO; order_majorGroup_WCVP [2026-03-11] | CoordinateCleaner QA applied without sea test (validity, equal, zeros, capitals, centroids, gbif, institutions) [2026-03-29]","","Colección","M.M.O.","J.A.E.J."
"3654","HEM2025_3654","PreservedSpecimen","Coleccion",NA,"UNICACH","SPECIES","HEM","Perez-Farrera, M.A.","1937-bis","J.A.E.J.","E","HEM2025",1,"Polypodium colpodes",16.5108333333333,-94.1275,"1999-05-20","change1: Filled coordinateUncertaintyInMeters from decimal-place precision (conservative). | epi_taxo: acceptedName(match1); authorship_epig(match1); genus_from_scientificName; family_WFO; order_majorGroup_WCVP [2026-03-11] | CoordinateCleaner QA applied without sea test (validity, equal, zeros, capitals, centroids, gbif, institutions) [2026-03-29]","standardized authors names in recordedBy","Colección","M.A. Pérez-Farrera","J.A.E.J."
"3655","HEM2025_3655","PreservedSpecimen","Coleccion",NA,"UNICACH","SPECIES","HEM","Perez-Farrera, M.A.","1937","J.A.E.J.","E","HEM2025",1,"Polypodium colpodes",16.5108333333333,-94.1275,"1999-05-20","change1: Filled coordinateUncertaintyInMeters from decimal-place precision (conservative). | epi_taxo: acceptedName(match1); authorship_epig(match1); genus_from_scientificName; family_WFO; order_majorGroup_WCVP [2026-03-11] | CoordinateCleaner QA applied without sea test (validity, equal, zeros, capitals, centroids, gbif, institutions) [2026-03-29]","standardized authors names in recordedBy","Colección","M.A. Pérez-Farrera","J.A.E.J."
"3656","HEM2025_3656","PreservedSpecimen","Coleccion",NA,"UNICACH","SPECIES","HEM","M.E.L.M.","102","J.A.E.J.","E","HEM2025",1,"Polypodium colpodes",15.6638888888889,-92.8202777777778,"1998-02-25","change1: Filled coordinateUncertaintyInMeters from decimal-place precision (conservative). | epi_taxo: acceptedName(match1); authorship_epig(match1); genus_from_scientificName; family_WFO; order_majorGroup_WCVP [2026-03-11] | CoordinateCleaner QA applied without sea test (validity, equal, zeros, capitals, centroids, gbif, institutions) [2026-03-29]","","Colección","M.E.L.M.","J.A.E.J."
"3657","HEM2025_3657","PreservedSpecimen","Coleccion",NA,"UNICACH","SPECIES","HEM","Perez-Farrera, M.A.","1013","M.E.L.M.","E","HEM2025",1,"Polypodium conterminans",15.6641666666667,-92.8136111111111,"1996-08-09","change1: Filled coordinateUncertaintyInMeters from decimal-place precision (conservative). | epi_taxo: acceptedName(match1); authorship_epig(match1); genus_from_scientificName; family_WFO; order_majorGroup_WCVP [2026-03-11] | CoordinateCleaner QA applied without sea test (validity, equal, zeros, capitals, centroids, gbif, institutions) [2026-03-29]","standardized authors names in recordedBy","Colección","M.A. Pérez-Farrera","M.E.L.M."
"3658","HEM2025_3658","PreservedSpecimen","Coleccion",NA,"UNICACH","SPECIES","HEM","M.E.L.M.","108","M.E.L.M.","E","HEM2025",1,"Polypodium conterminans",15.6638888888889,-92.8202777777778,"1998-02-25","change1: Filled coordinateUncertaintyInMeters from decimal-place precision (conservative). | epi_taxo: acceptedName(match1); authorship_epig(match1); genus_from_scientificName; family_WFO; order_majorGroup_WCVP [2026-03-11] | CoordinateCleaner QA applied without sea test (validity, equal, zeros, capitals, centroids, gbif, institutions) [2026-03-29]","","Colección","M.E.L.M.","M.E.L.M."
"3659","HEM2025_3659","PreservedSpecimen","Coleccion",NA,"UNICACH","SPECIES","HEM","Perez-Farrera, M.A.","1182","A.R.S.","E","HEM2025",1,"Pleopeltis cryptocarpos",15.425,-92.6333333333333,"1996-08-21","change1: Filled coordinateUncertaintyInMeters from decimal-place precision (conservative). | epi_taxo: acceptedName(match1); authorship_epig(match1); genus_from_scientificName; family_WFO; order_majorGroup_WCVP [2026-03-11] | CoordinateCleaner QA applied without sea test (validity, equal, zeros, capitals, centroids, gbif, institutions) [2026-03-29]","standardized authors names in recordedBy","Colección","M.A. Pérez-Farrera","A.R.S."
"3660","HEM2025_3660","PreservedSpecimen","Coleccion",NA,"UNICACH","SPECIES","HEM","Perez-Farrera, M.A.","1131","Perez-Farrera, M.A.","E","HEM2025",1,"Pleopeltis cryptocarpos",15.6638888888889,-92.8202777777778,"1996-08-11","change1: Filled coordinateUncertaintyInMeters from decimal-place precision (conservative). | epi_taxo: acceptedName(match1); authorship_epig(match1); genus_from_scientificName; family_WFO; order_majorGroup_WCVP [2026-03-11] | CoordinateCleaner QA applied without sea test (validity, equal, zeros, capitals, centroids, gbif, institutions) [2026-03-29]","standardized authors names in recordedBy / standardized authors names in identifiedBy","Colección","M.A. Pérez-Farrera","M.A. Pérez-Farrera"
"3661","HEM2025_3661","PreservedSpecimen","Coleccion",NA,"UNICACH","SPECIES","HEM","M.L.M.J.","9","E.V.M.","E","HEM2025",1,"Pleopeltis cryptocarpos",16.8736111111111,-93.2127777777778,"2002-09-07","change1: Filled coordinateUncertaintyInMeters from decimal-place precision (conservative). | epi_taxo: acceptedName(match1); authorship_epig(match1); genus_from_scientificName; family_WFO; order_majorGroup_WCVP [2026-03-11] | CoordinateCleaner QA applied without sea test (validity, equal, zeros, capitals, centroids, gbif, institutions) [2026-03-29]","","Colección","M.L.M.J.","E.V.M."
"3662","HEM2025_3662","PreservedSpecimen","Coleccion",NA,"UNICACH","SPECIES","HEM","M.J.P.","13","M.E.L.M.","E","HEM2025",1,"Pleopeltis cryptocarpos",16.8736111111111,-93.2127777777778,"2002-09-07","change1: Filled coordinateUncertaintyInMeters from decimal-place precision (conservative). | epi_taxo: acceptedName(match1); authorship_epig(match1); genus_from_scientificName; family_WFO; order_majorGroup_WCVP [2026-03-11] | CoordinateCleaner QA applied without sea test (validity, equal, zeros, capitals, centroids, gbif, institutions) [2026-03-29]","","Colección","M.J.P.","M.E.L.M."
"3663","HEM2025_3663","PreservedSpecimen","Coleccion",NA,"UNICACH","SPECIES","HEM","K.G.D.","7","M.E.L.M.","E","HEM2025",1,"Pleopeltis cryptocarpos",16.8736111111111,-93.2127777777778,"2002-09-08","change1: Filled coordinateUncertaintyInMeters from decimal-place precision (conservative). | epi_taxo: acceptedName(match1); authorship_epig(match1); genus_from_scientificName; family_WFO; order_majorGroup_WCVP [2026-03-11] | CoordinateCleaner QA applied without sea test (validity, equal, zeros, capitals, centroids, gbif, institutions) [2026-03-29]","","Colección","K.G.D.","M.E.L.M."
"3664","HEM2025_3664","PreservedSpecimen","Coleccion",NA,"UNICACH","SPECIES","HEM","Utrilla, E.","ND","Perez-Farrera, M.A.","E","HEM2025",1,"Pleopeltis cryptocarpos",16.8777777777778,-93.4558333333333,"2000-12-05","change1: Filled coordinateUncertaintyInMeters from decimal-place precision (conservative). | epi_taxo: acceptedName(match1); authorship_epig(match1); genus_from_scientificName; family_WFO; order_majorGroup_WCVP [2026-03-11] | CoordinateCleaner QA applied without sea test (validity, equal, zeros, capitals, centroids, gbif, institutions) [2026-03-29]","standardized authors names in recordedBy / standardized authors names in identifiedBy","Colección","E.Utrilla","M.A. Pérez-Farrera"
"3665","HEM2025_3665","PreservedSpecimen","Coleccion",NA,"UNICACH","SPECIES","HEM","Utrilla, E.","ND","Perez-Farrera, M.A.","E","HEM2025",1,"Pleopeltis cryptocarpos",16.8777777777778,-93.4558333333333,"2000-12-05","change1: Filled coordinateUncertaintyInMeters from decimal-place precision (conservative). | epi_taxo: acceptedName(match1); authorship_epig(match1); genus_from_scientificName; family_WFO; order_majorGroup_WCVP [2026-03-11] | CoordinateCleaner QA applied without sea test (validity, equal, zeros, capitals, centroids, gbif, institutions) [2026-03-29]","standardized authors names in recordedBy / standardized authors names in identifiedBy","Colección","E.Utrilla","M.A. Pérez-Farrera"
"3666","HEM2025_3666","PreservedSpecimen","Coleccion",NA,"UNICACH","SPECIES","HEM","M.M.M. | D.A.J.L. | R.J.R.V.","5657","N.M.M.","E","HEM2025",1,"Pleopeltis cryptocarpos",15.0619444444444,-92.1101111111111,"2015-03-28","change1: Filled coordinateUncertaintyInMeters from decimal-place precision (conservative). | epi_taxo: acceptedName(match1); authorship_epig(match1); genus_from_scientificName; family_WFO; order_majorGroup_WCVP [2026-03-11] | CoordinateCleaner QA applied without sea test (validity, equal, zeros, capitals, centroids, gbif, institutions) [2026-03-29]","standardized authors names in recordedBy","Colección","M.M.M. & D.A.J.L. & R.J.R.V.","N.M.M."
"3667","HEM2025_3667","PreservedSpecimen","Coleccion",NA,"UNICACH","SPECIES","HEM","A.M.G.","24","A.R.S.","E","HEM2025",1,"Pleopeltis cryptocarpos",14.9747222222222,-92.1538888888889,"1986-10-06","change1: Filled coordinateUncertaintyInMeters from decimal-place precision (conservative). | epi_taxo: acceptedName(match1); authorship_epig(match1); genus_from_scientificName; family_WFO; order_majorGroup_WCVP [2026-03-11] | CoordinateCleaner QA applied without sea test (validity, equal, zeros, capitals, centroids, gbif, institutions) [2026-03-29]","","Colección","A.M.G.","A.R.S."
"3668","HEM2025_3668","PreservedSpecimen","Coleccion",NA,"UNICACH","SPECIES","HEM","N.G.A.","5","Perez-Farrera, M.A.","E","HEM2025",1,"Pleopeltis cryptocarpos",16.7775,-92.6608333333333,"2003-05-18","change1: Filled coordinateUncertaintyInMeters from decimal-place precision (conservative). | epi_taxo: acceptedName(match1); authorship_epig(match1); genus_from_scientificName; family_WFO; order_majorGroup_WCVP [2026-03-11] | CoordinateCleaner QA applied without sea test (validity, equal, zeros, capitals, centroids, gbif, institutions) [2026-03-29]","standardized authors names in identifiedBy","Colección","N.G.A.","M.A. Pérez-Farrera"
"3669","HEM2025_3669","PreservedSpecimen","Coleccion",NA,"UNICACH","SPECIES","HEM","N.G.A.","5","Perez-Farrera, M.A.","E","HEM2025",1,"Pleopeltis cryptocarpos",16.7775,-92.6608333333333,"2003-05-18","change1: Filled coordinateUncertaintyInMeters from decimal-place precision (conservative). | epi_taxo: acceptedName(match1); authorship_epig(match1); genus_from_scientificName; family_WFO; order_majorGroup_WCVP [2026-03-11] | CoordinateCleaner QA applied without sea test (validity, equal, zeros, capitals, centroids, gbif, institutions) [2026-03-29]","standardized authors names in identifiedBy","Colección","N.G.A.","M.A. Pérez-Farrera"
"3670","HEM2025_3670","PreservedSpecimen","Coleccion",NA,"UNICACH","SPECIES","HEM","M.G.P.M.","4","Perez-Farrera, M.A.","E","HEM2025",1,"Pleopeltis cryptocarpos",17.0663888888889,-92.8630555555555,"2003-05-05","change1: Filled coordinateUncertaintyInMeters from decimal-place precision (conservative). | epi_taxo: acceptedName(match1); authorship_epig(match1); genus_from_scientificName; family_WFO; order_majorGroup_WCVP [2026-03-11] | CoordinateCleaner QA applied without sea test (validity, equal, zeros, capitals, centroids, gbif, institutions) [2026-03-29]","standardized authors names in identifiedBy","Colección","M.G.P.M.","M.A. Pérez-Farrera"
"3671","HEM2025_3671","PreservedSpecimen","Coleccion",NA,"UNICACH","SPECIES","HEM","M.G.P.M.","6","Perez-Farrera, M.A.","E","HEM2025",1,"Pleopeltis cryptocarpos",17.0663888888889,-92.8630555555555,"2003-05-06","change1: Filled coordinateUncertaintyInMeters from decimal-place precision (conservative). | epi_taxo: acceptedName(match1); authorship_epig(match1); genus_from_scientificName; family_WFO; order_majorGroup_WCVP [2026-03-11] | CoordinateCleaner QA applied without sea test (validity, equal, zeros, capitals, centroids, gbif, institutions) [2026-03-29]","standardized authors names in identifiedBy","Colección","M.G.P.M.","M.A. Pérez-Farrera"
"3672","HEM2025_3672","PreservedSpecimen","Coleccion",NA,"UNICACH","SPECIES","HEM","H.R.","8","Perez-Farrera, M.A.","E","HEM2025",1,"Pleopeltis cryptocarpos",16.9986111111111,-93.31,"2003-03-03","change1: Filled coordinateUncertaintyInMeters from decimal-place precision (conservative). | epi_taxo: acceptedName(match1); authorship_epig(match1); genus_from_scientificName; family_WFO; order_majorGroup_WCVP [2026-03-11] | CoordinateCleaner QA applied without sea test (validity, equal, zeros, capitals, centroids, gbif, institutions) [2026-03-29]","standardized authors names in identifiedBy","Colección","H.R.","M.A. Pérez-Farrera"
"3673","HEM2025_3673","PreservedSpecimen","Coleccion",NA,"UNICACH","SPECIES","HEM","H.R.","8","Perez-Farrera, M.A.","E","HEM2025",1,"Pleopeltis cryptocarpos",16.9986111111111,-93.31,"2003-03-03","change1: Filled coordinateUncertaintyInMeters from decimal-place precision (conservative). | epi_taxo: acceptedName(match1); authorship_epig(match1); genus_from_scientificName; family_WFO; order_majorGroup_WCVP [2026-03-11] | CoordinateCleaner QA applied without sea test (validity, equal, zeros, capitals, centroids, gbif, institutions) [2026-03-29]","standardized authors names in identifiedBy","Colección","H.R.","M.A. Pérez-Farrera"
"3674","HEM2025_3674","PreservedSpecimen","Coleccion",NA,"UNICACH","SPECIES","HEM","H.R.","10","Perez-Farrera, M.A.","E","HEM2025",1,"Pleopeltis cryptocarpos",16.9986111111111,-93.31,"2003-03-03","change1: Filled coordinateUncertaintyInMeters from decimal-place precision (conservative). | epi_taxo: acceptedName(match1); authorship_epig(match1); genus_from_scientificName; family_WFO; order_majorGroup_WCVP [2026-03-11] | CoordinateCleaner QA applied without sea test (validity, equal, zeros, capitals, centroids, gbif, institutions) [2026-03-29]","standardized authors names in identifiedBy","Colección","H.R.","M.A. Pérez-Farrera"
"3675","HEM2025_3675","PreservedSpecimen","Coleccion",NA,"UNICACH","SPECIES","HEM","H.R.","10","Perez-Farrera, M.A.","E","HEM2025",1,"Pleopeltis cryptocarpos",16.9986111111111,-93.31,"2003-03-03","change1: Filled coordinateUncertaintyInMeters from decimal-place precision (conservative). | epi_taxo: acceptedName(match1); authorship_epig(match1); genus_from_scientificName; family_WFO; order_majorGroup_WCVP [2026-03-11] | CoordinateCleaner QA applied without sea test (validity, equal, zeros, capitals, centroids, gbif, institutions) [2026-03-29]","standardized authors names in identifiedBy","Colección","H.R.","M.A. Pérez-Farrera"
"3676","HEM2025_3676","PreservedSpecimen","Coleccion",NA,"UNICACH","SPECIES","HEM","R.J.C.T.","1","M.E.L.M.","E","HEM2025",1,"Pleopeltis cryptocarpos",16.8169444444444,-93.2969444444444,"2003-02-24","change1: Filled coordinateUncertaintyInMeters from decimal-place precision (conservative). | epi_taxo: acceptedName(match1); authorship_epig(match1); genus_from_scientificName; family_WFO; order_majorGroup_WCVP [2026-03-11] | CoordinateCleaner QA applied without sea test (validity, equal, zeros, capitals, centroids, gbif, institutions) [2026-03-29]","","Colección","R.J.C.T.","M.E.L.M."
"3677","HEM2025_3677","PreservedSpecimen","Coleccion",NA,"UNICACH","SPECIES","HEM","R.J.C.T.","1","M.E.L.M.","E","HEM2025",1,"Pleopeltis cryptocarpos",16.8169444444444,-93.2969444444444,"2003-02-24","change1: Filled coordinateUncertaintyInMeters from decimal-place precision (conservative). | epi_taxo: acceptedName(match1); authorship_epig(match1); genus_from_scientificName; family_WFO; order_majorGroup_WCVP [2026-03-11] | CoordinateCleaner QA applied without sea test (validity, equal, zeros, capitals, centroids, gbif, institutions) [2026-03-29]","","Colección","R.J.C.T.","M.E.L.M."
"3678","HEM2025_3678","PreservedSpecimen","Coleccion",NA,"UNICACH","SPECIES","HEM","J.G.L.M.","16","E.V.M.","E","HEM2025",1,"Pleopeltis cryptocarpos",16.8838888888889,-93.3308333333333,"2003-05-05","change1: Filled coordinateUncertaintyInMeters from decimal-place precision (conservative). | epi_taxo: acceptedName(match1); authorship_epig(match1); genus_from_scientificName; family_WFO; order_majorGroup_WCVP [2026-03-11] | CoordinateCleaner QA applied without sea test (validity, equal, zeros, capitals, centroids, gbif, institutions) [2026-03-29]","","Colección","J.G.L.M.","E.V.M."
"3679","HEM2025_3679","PreservedSpecimen","Coleccion",NA,"UNICACH","SPECIES","HEM","M.E.P.N.","1","M.E.L.M.","E","HEM2025",1,"Polypodium echinolepis",16.0791666666667,-91.6708333333333,"2003-08-04","change1: Filled coordinateUncertaintyInMeters from decimal-place precision (conservative). | epi_taxo: acceptedName(match1); authorship_epig(match1); genus_from_scientificName; family_WFO; order_majorGroup_WCVP [2026-03-11] | CoordinateCleaner QA applied without sea test (validity, equal, zeros, capitals, centroids, gbif, institutions) [2026-03-29]","","Colección","M.E.P.N.","M.E.L.M."
"3680","HEM2025_3680","PreservedSpecimen","Coleccion",NA,"UNICACH","SPECIES","HEM","M.E.P.N.","10","M.E.L.M.","E","HEM2025",1,"Polypodium echinolepis",16.0791666666667,-91.6708333333333,"2003-08-04","change1: Filled coordinateUncertaintyInMeters from decimal-place precision (conservative). | epi_taxo: acceptedName(match1); authorship_epig(match1); genus_from_scientificName; family_WFO; order_majorGroup_WCVP [2026-03-11] | CoordinateCleaner QA applied without sea test (validity, equal, zeros, capitals, centroids, gbif, institutions) [2026-03-29]","","Colección","M.E.P.N.","M.E.L.M."
"3681","HEM2025_3681","PreservedSpecimen","Coleccion",NA,"UNICACH","SPECIES","HEM","C.M.V.","4","M.E.L.M.","E","HEM2025",1,"Polypodium echinolepis",16.0791666666667,-91.6708333333333,"2003-08-04","change1: Filled coordinateUncertaintyInMeters from decimal-place precision (conservative). | epi_taxo: acceptedName(match1); authorship_epig(match1); genus_from_scientificName; family_WFO; order_majorGroup_WCVP [2026-03-11] | CoordinateCleaner QA applied without sea test (validity, equal, zeros, capitals, centroids, gbif, institutions) [2026-03-29]","","Colección","C.M.V.","M.E.L.M."
"3682","HEM2025_3682","PreservedSpecimen","Coleccion",NA,"UNICACH","SPECIES","HEM","N.V.A.","15","E.V.M.","E","HEM2025",1,"Pleopeltis fallax",17.2144444444444,-93.0816666666667,"2002-10-12","change1: Filled coordinateUncertaintyInMeters from decimal-place precision (conservative). | epi_taxo: acceptedName(match1); authorship_epig(match1); genus_from_scientificName; family_WFO; order_majorGroup_WCVP [2026-03-11] | CoordinateCleaner QA applied without sea test (validity, equal, zeros, capitals, centroids, gbif, institutions) [2026-03-29]","","Colección","N.V.A.","E.V.M."
"3683","HEM2025_3683","PreservedSpecimen","Coleccion",NA,"UNICACH","SPECIES","HEM","Perez-Farrera, M.A.","2967","Perez-Farrera, M.A.","E","HEM2025",1,"Pleopeltis fallax",17.2038888888889,-94.7625,"2002-05-18","change1: Filled coordinateUncertaintyInMeters from decimal-place precision (conservative). | epi_taxo: acceptedName(match1); authorship_epig(match1); genus_from_scientificName; family_WFO; order_majorGroup_WCVP [2026-03-11] | CoordinateCleaner QA applied without sea test (validity, equal, zeros, capitals, centroids, gbif, institutions) [2026-03-29]","standardized authors names in recordedBy / standardized authors names in identifiedBy","Colección","M.A. Pérez-Farrera","M.A. Pérez-Farrera"
"3684","HEM2025_3684","PreservedSpecimen","Coleccion",NA,"UNICACH","SPECIES","HEM","Perez-Farrera, M.A.","2967","Perez-Farrera, M.A.","E","HEM2025",1,"Pleopeltis fallax",17.2038888888889,-94.7625,"2002-05-18","change1: Filled coordinateUncertaintyInMeters from decimal-place precision (conservative). | epi_taxo: acceptedName(match1); authorship_epig(match1); genus_from_scientificName; family_WFO; order_majorGroup_WCVP [2026-03-11] | CoordinateCleaner QA applied without sea test (validity, equal, zeros, capitals, centroids, gbif, institutions) [2026-03-29]","standardized authors names in recordedBy / standardized authors names in identifiedBy","Colección","M.A. Pérez-Farrera","M.A. Pérez-Farrera"
"3685","HEM2025_3685","PreservedSpecimen","Coleccion",NA,"UNICACH","SPECIES","HEM","Najarro, F.H.","148","E.V.M.","E","HEM2025",1,"Pleopeltis fallax",16.8702777777778,-93.2052777777778,"1999-02-10","change1: Filled coordinateUncertaintyInMeters from decimal-place precision (conservative). | epi_taxo: acceptedName(match1); authorship_epig(match1); genus_from_scientificName; family_WFO; order_majorGroup_WCVP [2026-03-11] | CoordinateCleaner QA applied without sea test (validity, equal, zeros, capitals, centroids, gbif, institutions) [2026-03-29]","standardized authors names in recordedBy","Colección","F.H. Najarro","E.V.M."
"3686","HEM2025_3686","PreservedSpecimen","Coleccion",NA,"UNICACH","SPECIES","HEM","N.V.A.","15","M.E.L.M.","E","HEM2025",1,"Pleopeltis fallax",17.2144444444444,-93.0816666666667,"2002-10-12","change1: Filled coordinateUncertaintyInMeters from decimal-place precision (conservative). | epi_taxo: acceptedName(match1); authorship_epig(match1); genus_from_scientificName; family_WFO; order_majorGroup_WCVP [2026-03-11] | CoordinateCleaner QA applied without sea test (validity, equal, zeros, capitals, centroids, gbif, institutions) [2026-03-29]","","Colección","N.V.A.","M.E.L.M."
"3687","HEM2025_3687","PreservedSpecimen","Coleccion",NA,"UNICACH","SPECIES","HEM","M.L.M.J.","11","E.V.M.","E","HEM2025",1,"Pleopeltis fallax",16.8791666666667,-93.4566666666667,"2002-09-14","change1: Filled coordinateUncertaintyInMeters from decimal-place precision (conservative). | epi_taxo: acceptedName(match1); authorship_epig(match1); genus_from_scientificName; family_WFO; order_majorGroup_WCVP [2026-03-11] | CoordinateCleaner QA applied without sea test (validity, equal, zeros, capitals, centroids, gbif, institutions) [2026-03-29]","","Colección","M.L.M.J.","E.V.M."
"3688","HEM2025_3688","PreservedSpecimen","Coleccion",NA,"UNICACH","SPECIES","HEM","M.L.M.J.","11","E.V.M.","E","HEM2025",1,"Pleopeltis fallax",16.8791666666667,-93.4566666666667,"2002-09-14","change1: Filled coordinateUncertaintyInMeters from decimal-place precision (conservative). | epi_taxo: acceptedName(match1); authorship_epig(match1); genus_from_scientificName; family_WFO; order_majorGroup_WCVP [2026-03-11] | CoordinateCleaner QA applied without sea test (validity, equal, zeros, capitals, centroids, gbif, institutions) [2026-03-29]","","Colección","M.L.M.J.","E.V.M."
"3689","HEM2025_3689","PreservedSpecimen","Coleccion",NA,"UNICACH","SPECIES","HEM","N.D.","4","M.E.L.M.","E","HEM2025",1,"Pleopeltis fallax",16.8791666666667,-93.4566666666667,"2001-09-04","change1: Filled coordinateUncertaintyInMeters from decimal-place precision (conservative). | epi_taxo: acceptedName(match1); authorship_epig(match1); genus_from_scientificName; family_WFO; order_majorGroup_WCVP [2026-03-11] | CoordinateCleaner QA applied without sea test (validity, equal, zeros, capitals, centroids, gbif, institutions) [2026-03-29]","standardized authors names in recordedBy","Colección","ND","M.E.L.M."
"3690","HEM2025_3690","PreservedSpecimen","Coleccion",NA,"UNICACH","SPECIES","HEM","N.D.","4","M.E.L.M.","E","HEM2025",1,"Pleopeltis fallax",16.8791666666667,-93.4566666666667,"2001-09-04","change1: Filled coordinateUncertaintyInMeters from decimal-place precision (conservative). | epi_taxo: acceptedName(match1); authorship_epig(match1); genus_from_scientificName; family_WFO; order_majorGroup_WCVP [2026-03-11] | CoordinateCleaner QA applied without sea test (validity, equal, zeros, capitals, centroids, gbif, institutions) [2026-03-29]","standardized authors names in recordedBy","Colección","ND","M.E.L.M."
"3691","HEM2025_3691","PreservedSpecimen","Coleccion",NA,"UNICACH","SPECIES","HEM","M.J.P.","20","M.E.L.M.","E","HEM2025",1,"Pleopeltis fallax",16.8105555555556,-92.6341666666667,"2002-10-14","change1: Filled coordinateUncertaintyInMeters from decimal-place precision (conservative). | epi_taxo: acceptedName(match1); authorship_epig(match1); genus_from_scientificName; family_WFO; order_majorGroup_WCVP [2026-03-11] | CoordinateCleaner QA applied without sea test (validity, equal, zeros, capitals, centroids, gbif, institutions) [2026-03-29]","","Colección","M.J.P.","M.E.L.M."
"3692","HEM2025_3692","PreservedSpecimen","Coleccion",NA,"UNICACH","SPECIES","HEM","H.R.","6","Perez-Farrera, M.A.","E","HEM2025",1,"Pleopeltis fallax",16.9986111111111,-93.31,"2003-05-20","change1: Filled coordinateUncertaintyInMeters from decimal-place precision (conservative). | epi_taxo: acceptedName(match1); authorship_epig(match1); genus_from_scientificName; family_WFO; order_majorGroup_WCVP [2026-03-11] | CoordinateCleaner QA applied without sea test (validity, equal, zeros, capitals, centroids, gbif, institutions) [2026-03-29]","standardized authors names in identifiedBy","Colección","H.R.","M.A. Pérez-Farrera"
"3693","HEM2025_3693","PreservedSpecimen","Coleccion",NA,"UNICACH","SPECIES","HEM","H.R.","6","Perez-Farrera, M.A.","E","HEM2025",1,"Pleopeltis fallax",16.9986111111111,-93.31,"2003-05-20","change1: Filled coordinateUncertaintyInMeters from decimal-place precision (conservative). | epi_taxo: acceptedName(match1); authorship_epig(match1); genus_from_scientificName; family_WFO; order_majorGroup_WCVP [2026-03-11] | CoordinateCleaner QA applied without sea test (validity, equal, zeros, capitals, centroids, gbif, institutions) [2026-03-29]","standardized authors names in identifiedBy","Colección","H.R.","M.A. Pérez-Farrera"
"3694","HEM2025_3694","PreservedSpecimen","Coleccion",NA,"UNICACH","SPECIES","HEM","N.M.M. | M.M.M. | R.V.H.","3410","N.M.M.","E","HEM2025",1,"Polypodium fissidens",15.1057222222222,-92.0960277777778,"2014-09-24","change1: Filled coordinateUncertaintyInMeters from decimal-place precision (conservative). | epi_taxo: acceptedName(match1); authorship_epig(match1); genus_from_scientificName; family_WFO; order_majorGroup_WCVP [2026-03-11] | CoordinateCleaner QA applied without sea test (validity, equal, zeros, capitals, centroids, gbif, institutions) [2026-03-29]","standardized authors names in recordedBy","Colección","N.M.M. & M.M.M. & R.V.H.","N.M.M."
"3695","HEM2025_3695","PreservedSpecimen","Coleccion",NA,"UNICACH","SPECIES","HEM","Perez-Farrera, M.A.","786","Perez-Farrera, M.A.","E","HEM2025",1,"Polypodium fraternum",17.1388888888889,-93.1366666666667,"1995-10-28","change1: Filled coordinateUncertaintyInMeters from decimal-place precision (conservative). | epi_taxo: acceptedName(match1); authorship_epig(match1); genus_from_scientificName; family_WFO; order_majorGroup_WCVP [2026-03-11] | CoordinateCleaner QA applied without sea test (validity, equal, zeros, capitals, centroids, gbif, institutions) [2026-03-29]","standardized authors names in recordedBy / standardized authors names in identifiedBy","Colección","M.A. Pérez-Farrera","M.A. Pérez-Farrera"
"3696","HEM2025_3696","PreservedSpecimen","Coleccion",NA,"UNICACH","SPECIES","HEM","E.M.L.","254","Perez-Farrera, M.A.","E","HEM2025",1,"Polypodium fraternum",16.0130555555556,-93.4713888888889,"2002-08-22","change1: Filled coordinateUncertaintyInMeters from decimal-place precision (conservative). | epi_taxo: acceptedName(match1); authorship_epig(match1); genus_from_scientificName; family_WFO; order_majorGroup_WCVP [2026-03-11] | CoordinateCleaner QA applied without sea test (validity, equal, zeros, capitals, centroids, gbif, institutions) [2026-03-29]","standardized authors names in identifiedBy","Colección","E.M.L.","M.A. Pérez-Farrera"
"3697","HEM2025_3697","PreservedSpecimen","Coleccion",NA,"UNICACH","SPECIES","HEM","H.G.D.","1143","H.G.D.","E","HEM2025",1,"Polypodium fraternum",15.5490833333333,-92.6077222222222,"2005-08-06","change1: Filled coordinateUncertaintyInMeters from decimal-place precision (conservative). | epi_taxo: acceptedName(match1); authorship_epig(match1); genus_from_scientificName; family_WFO; order_majorGroup_WCVP [2026-03-11] | CoordinateCleaner QA applied without sea test (validity, equal, zeros, capitals, centroids, gbif, institutions) [2026-03-29]","","Colección","H.G.D.","H.G.D."
"3698","HEM2025_3698","PreservedSpecimen","Coleccion",NA,"UNICACH","SPECIES","HEM","H.G.D.","1154","H.G.D.","E","HEM2025",1,"Polypodium fraternum",15.5490833333333,-92.6077222222222,"2005-08-06","change1: Filled coordinateUncertaintyInMeters from decimal-place precision (conservative). | epi_taxo: acceptedName(match1); authorship_epig(match1); genus_from_scientificName; family_WFO; order_majorGroup_WCVP [2026-03-11] | CoordinateCleaner QA applied without sea test (validity, equal, zeros, capitals, centroids, gbif, institutions) [2026-03-29]","","Colección","H.G.D.","H.G.D."
"3699","HEM2025_3699","PreservedSpecimen","Coleccion",NA,"UNICACH","SPECIES","HEM","N.M.M. | M.M.M. | R.V.H.","3500","N.M.M.","E","HEM2025",1,"Polypodium fraternum",15.1057222222222,-92.0960277777778,"2014-09-24","change1: Filled coordinateUncertaintyInMeters from decimal-place precision (conservative). | epi_taxo: acceptedName(match1); authorship_epig(match1); genus_from_scientificName; family_WFO; order_majorGroup_WCVP [2026-03-11] | CoordinateCleaner QA applied without sea test (validity, equal, zeros, capitals, centroids, gbif, institutions) [2026-03-29]","standardized authors names in recordedBy","Colección","N.M.M. & M.M.M. & R.V.H.","N.M.M."
"3700","HEM2025_3700","PreservedSpecimen","Coleccion",NA,"UNICACH","SPECIES","HEM","H.P.U.","40","Perez-Farrera, M.A.","E","HEM2025",1,"Polypodium fraternum",17.0241666666667,-92.3055555555556,"1987-04-09","change1: Filled coordinateUncertaintyInMeters from decimal-place precision (conservative). | epi_taxo: acceptedName(match1); authorship_epig(match1); genus_from_scientificName; family_WFO; order_majorGroup_WCVP [2026-03-11] | CoordinateCleaner QA applied without sea test (validity, equal, zeros, capitals, centroids, gbif, institutions) [2026-03-29]","standardized authors names in identifiedBy","Colección","H.P.U.","M.A. Pérez-Farrera"
"3701","HEM2025_3701","PreservedSpecimen","Coleccion",NA,"UNICACH","SPECIES","HEM","Najarro, F.H.","1851","Najarro, F.H.","E","HEM2025",1,"Pleopeltis furfuracea",15.0891666666667,-92.0961111111111,"2005-07-28","change1: Filled coordinateUncertaintyInMeters from decimal-place precision (conservative). | epi_taxo: acceptedName(match1); authorship_epig(match1); genus_from_scientificName; family_WFO; order_majorGroup_WCVP [2026-03-11] | CoordinateCleaner QA applied without sea test (validity, equal, zeros, capitals, centroids, gbif, institutions) [2026-03-29]","standardized authors names in recordedBy / standardized authors names in identifiedBy","Colección","F.H. Najarro","F.H. Najarro"
"3702","HEM2025_3702","PreservedSpecimen","Coleccion",NA,"UNICACH","SPECIES","HEM","Perez-Farrera, M.A.","784","Perez-Farrera, M.A.","E","HEM2025",1,"Pleopeltis furfuracea",17.1388888888889,-93.1366666666667,"1995-10-28","change1: Filled coordinateUncertaintyInMeters from decimal-place precision (conservative). | epi_taxo: acceptedName(match1); authorship_epig(match1); genus_from_scientificName; family_WFO; order_majorGroup_WCVP [2026-03-11] | CoordinateCleaner QA applied without sea test (validity, equal, zeros, capitals, centroids, gbif, institutions) [2026-03-29]","standardized authors names in recordedBy / standardized authors names in identifiedBy","Colección","M.A. Pérez-Farrera","M.A. Pérez-Farrera"
"3703","HEM2025_3703","PreservedSpecimen","Coleccion",NA,"UNICACH","SPECIES","HEM","M.E.L.M.","544","A.R.S.","E","HEM2025",1,"Pleopeltis furfuracea",15.8275,-93.0441666666667,"1999-11-18","change1: Filled coordinateUncertaintyInMeters from decimal-place precision (conservative). | epi_taxo: acceptedName(match1); authorship_epig(match1); genus_from_scientificName; family_WFO; order_majorGroup_WCVP [2026-03-11] | CoordinateCleaner QA applied without sea test (validity, equal, zeros, capitals, centroids, gbif, institutions) [2026-03-29]","","Colección","M.E.L.M.","A.R.S."
"3704","HEM2025_3704","PreservedSpecimen","Coleccion",NA,"UNICACH","SPECIES","HEM","Perez-Farrera, M.A.","782-bis","Perez-Farrera, M.A.","E","HEM2025",1,"Pleopeltis furfuracea",17.1388888888889,-93.1366666666667,"1995-10-28","change1: Filled coordinateUncertaintyInMeters from decimal-place precision (conservative). | epi_taxo: acceptedName(match1); authorship_epig(match1); genus_from_scientificName; family_WFO; order_majorGroup_WCVP [2026-03-11] | CoordinateCleaner QA applied without sea test (validity, equal, zeros, capitals, centroids, gbif, institutions) [2026-03-29]","standardized authors names in recordedBy / standardized authors names in identifiedBy","Colección","M.A. Pérez-Farrera","M.A. Pérez-Farrera"
"3705","HEM2025_3705","PreservedSpecimen","Coleccion",NA,"UNICACH","SPECIES","HEM","M.D.R.S.","273","R.R.S.","E","HEM2025",1,"Pleopeltis furfuracea",15.5977222222222,-92.6570277777778,"2005-07-21","change1: Filled coordinateUncertaintyInMeters from decimal-place precision (conservative). | epi_taxo: acceptedName(match1); authorship_epig(match1); genus_from_scientificName; family_WFO; order_majorGroup_WCVP [2026-03-11] | CoordinateCleaner QA applied without sea test (validity, equal, zeros, capitals, centroids, gbif, institutions) [2026-03-29]","","Colección","M.D.R.S.","R.R.S."
"3706","HEM2025_3706","PreservedSpecimen","Coleccion",NA,"UNICACH","SPECIES","HEM","M.D.R.S.","337","R.R.S.","E","HEM2025",1,"Pleopeltis furfuracea",15.5976388888889,-92.6570277777778,"2005-11-07","change1: Filled coordinateUncertaintyInMeters from decimal-place precision (conservative). | epi_taxo: acceptedName(match1); authorship_epig(match1); genus_from_scientificName; family_WFO; order_majorGroup_WCVP [2026-03-11] | CoordinateCleaner QA applied without sea test (validity, equal, zeros, capitals, centroids, gbif, institutions) [2026-03-29]","","Colección","M.D.R.S.","R.R.S."
"3707","HEM2025_3707","PreservedSpecimen","Coleccion",NA,"UNICACH","SPECIES","HEM","B.C.L.","39","B.C.L.","E","HEM2025",1,"Pleopeltis furfuracea",15.5566666666667,-92.6038888888889,"2005-08-05","change1: Filled coordinateUncertaintyInMeters from decimal-place precision (conservative). | epi_taxo: acceptedName(match1); authorship_epig(match1); genus_from_scientificName; family_WFO; order_majorGroup_WCVP [2026-03-11] | CoordinateCleaner QA applied without sea test (validity, equal, zeros, capitals, centroids, gbif, institutions) [2026-03-29]","","Colección","B.C.L.","B.C.L."
"3708","HEM2025_3708","PreservedSpecimen","Coleccion",NA,"UNICACH","SPECIES","HEM","H.G.D.","1070","H.G.D.","E","HEM2025",1,"Pleopeltis furfuracea",15.6212222222222,-92.6844166666667,"2005-06-14","change1: Filled coordinateUncertaintyInMeters from decimal-place precision (conservative). | epi_taxo: acceptedName(match1); authorship_epig(match1); genus_from_scientificName; family_WFO; order_majorGroup_WCVP [2026-03-11] | CoordinateCleaner QA applied without sea test (validity, equal, zeros, capitals, centroids, gbif, institutions) [2026-03-29]","","Colección","H.G.D.","H.G.D."
"3709","HEM2025_3709","PreservedSpecimen","Coleccion",NA,"UNICACH","SPECIES","HEM","J.M.M.","1132","J.M.M.","E","HEM2025",1,"Pleopeltis furfuracea",15.7960277777778,-93.05475,"2005-08-25","change1: Filled coordinateUncertaintyInMeters from decimal-place precision (conservative). | epi_taxo: acceptedName(match1); authorship_epig(match1); genus_from_scientificName; family_WFO; order_majorGroup_WCVP [2026-03-11] | CoordinateCleaner QA applied without sea test (validity, equal, zeros, capitals, centroids, gbif, institutions) [2026-03-29]","","Colección","J.M.M.","J.M.M."
"3710","HEM2025_3710","PreservedSpecimen","Coleccion",NA,"UNICACH","SPECIES","HEM","J.M.M.","903","Perez-Farrera, M.A.","E","HEM2025",1,"Pleopeltis furfuracea",15.8105555555556,-93.0543611111111,"2005-06-07","change1: Filled coordinateUncertaintyInMeters from decimal-place precision (conservative). | epi_taxo: acceptedName(match1); authorship_epig(match1); genus_from_scientificName; family_WFO; order_majorGroup_WCVP [2026-03-11] | CoordinateCleaner QA applied without sea test (validity, equal, zeros, capitals, centroids, gbif, institutions) [2026-03-29]","standardized authors names in identifiedBy","Colección","J.M.M.","M.A. Pérez-Farrera"
"3711","HEM2025_3711","PreservedSpecimen","Coleccion",NA,"UNICACH","SPECIES","HEM","J.M.M.","549","Perez-Farrera, M.A.","E","HEM2025",1,"Pleopeltis furfuracea",15.8137222222222,-93.0535555555555,"2004-11-04","change1: Filled coordinateUncertaintyInMeters from decimal-place precision (conservative). | epi_taxo: acceptedName(match1); authorship_epig(match1); genus_from_scientificName; family_WFO; order_majorGroup_WCVP [2026-03-11] | CoordinateCleaner QA applied without sea test (validity, equal, zeros, capitals, centroids, gbif, institutions) [2026-03-29]","standardized authors names in identifiedBy","Colección","J.M.M.","M.A. Pérez-Farrera"
"3712","HEM2025_3712","PreservedSpecimen","Coleccion",NA,"UNICACH","SPECIES","HEM","Perez-Farrera, M.A.","1216","M.E.L.M.","E","HEM2025",1,"Pleopeltis furfuracea",17.0138888888889,-92.8855555555556,"1996-08-21","change1: Filled coordinateUncertaintyInMeters from decimal-place precision (conservative). | epi_taxo: acceptedName(match1); authorship_epig(match1); genus_from_scientificName; family_WFO; order_majorGroup_WCVP [2026-03-11] | CoordinateCleaner QA applied without sea test (validity, equal, zeros, capitals, centroids, gbif, institutions) [2026-03-29]","standardized authors names in recordedBy","Colección","M.A. Pérez-Farrera","M.E.L.M."
"3713","HEM2025_3713","PreservedSpecimen","Coleccion",NA,"UNICACH","SPECIES","HEM","Perez-Farrera, M.A.","1216","M.E.L.M.","E","HEM2025",1,"Pleopeltis furfuracea",17.0138888888889,-92.8855555555556,"1996-08-21","change1: Filled coordinateUncertaintyInMeters from decimal-place precision (conservative). | epi_taxo: acceptedName(match1); authorship_epig(match1); genus_from_scientificName; family_WFO; order_majorGroup_WCVP [2026-03-11] | CoordinateCleaner QA applied without sea test (validity, equal, zeros, capitals, centroids, gbif, institutions) [2026-03-29]","standardized authors names in recordedBy","Colección","M.A. Pérez-Farrera","M.E.L.M."
"3714","HEM2025_3714","PreservedSpecimen","Coleccion",NA,"UNICACH","SPECIES","HEM","R.G.O.","1","M.E.L.M.","E","HEM2025",1,"Pleopeltis furfuracea",16.8583333333333,-93.1441666666667,"1998-11-23","change1: Filled coordinateUncertaintyInMeters from decimal-place precision (conservative). | epi_taxo: acceptedName(match1); authorship_epig(match1); genus_from_scientificName; family_WFO; order_majorGroup_WCVP [2026-03-11] | CoordinateCleaner QA applied without sea test (validity, equal, zeros, capitals, centroids, gbif, institutions) [2026-03-29]","","Colección","R.G.O.","M.E.L.M."
"3715","HEM2025_3715","PreservedSpecimen","Coleccion",NA,"UNICACH","SPECIES","HEM","E.M.L.","372","Perez-Farrera, M.A. | O.F.S.","E","HEM2025",1,"Pleopeltis furfuracea",15.9172222222222,-93.2505555555556,"2002-10-25","change1: Filled coordinateUncertaintyInMeters from decimal-place precision (conservative). | epi_taxo: acceptedName(match1); authorship_epig(match1); genus_from_scientificName; family_WFO; order_majorGroup_WCVP [2026-03-11] | CoordinateCleaner QA applied without sea test (validity, equal, zeros, capitals, centroids, gbif, institutions) [2026-03-29]","standardized authors names in identifiedBy","Colección","E.M.L.","M.A. Pérez-Farrera & O.F.S."
"3716","HEM2025_3716","PreservedSpecimen","Coleccion",NA,"UNICACH","SPECIES","HEM","E.M.L.","252","Perez-Farrera, M.A.","E","HEM2025",1,"Pleopeltis furfuracea",16.0130555555556,-93.4713888888889,"2002-08-22","change1: Filled coordinateUncertaintyInMeters from decimal-place precision (conservative). | epi_taxo: acceptedName(match1); authorship_epig(match1); genus_from_scientificName; family_WFO; order_majorGroup_WCVP [2026-03-11] | CoordinateCleaner QA applied without sea test (validity, equal, zeros, capitals, centroids, gbif, institutions) [2026-03-29]","standardized authors names in identifiedBy","Colección","E.M.L.","M.A. Pérez-Farrera"
"3717","HEM2025_3717","PreservedSpecimen","Coleccion",NA,"UNICACH","SPECIES","HEM","E.M.L.","1121","Perez-Farrera, M.A.","E","HEM2025",1,"Pleopeltis furfuracea",15.9891666666667,-93.4827777777778,"2003-10-02","change1: Filled coordinateUncertaintyInMeters from decimal-place precision (conservative). | epi_taxo: acceptedName(match1); authorship_epig(match1); genus_from_scientificName; family_WFO; order_majorGroup_WCVP [2026-03-11] | CoordinateCleaner QA applied without sea test (validity, equal, zeros, capitals, centroids, gbif, institutions) [2026-03-29]","standardized authors names in identifiedBy","Colección","E.M.L.","M.A. Pérez-Farrera"
"3718","HEM2025_3718","PreservedSpecimen","Coleccion",NA,"UNICACH","SPECIES","HEM","J.M.M.","1328","J.M.M.","E","HEM2025",1,"Pleopeltis furfuracea",15.7304444444444,-92.9659722222222,"2006-06-14","change1: Filled coordinateUncertaintyInMeters from decimal-place precision (conservative). | epi_taxo: acceptedName(match1); authorship_epig(match1); genus_from_scientificName; family_WFO; order_majorGroup_WCVP [2026-03-11] | CoordinateCleaner QA applied without sea test (validity, equal, zeros, capitals, centroids, gbif, institutions) [2026-03-29]","","Colección","J.M.M.","J.M.M."
"3719","HEM2025_3719","PreservedSpecimen","Coleccion",NA,"UNICACH","SPECIES","HEM","J.M.M.","1239","J.M.M.","E","HEM2025",1,"Pleopeltis furfuracea",15.5648611111111,-92.6209722222222,"2006-03-25","change1: Filled coordinateUncertaintyInMeters from decimal-place precision (conservative). | epi_taxo: acceptedName(match1); authorship_epig(match1); genus_from_scientificName; family_WFO; order_majorGroup_WCVP [2026-03-11] | CoordinateCleaner QA applied without sea test (validity, equal, zeros, capitals, centroids, gbif, institutions) [2026-03-29]","","Colección","J.M.M.","J.M.M."
"3720","HEM2025_3720","PreservedSpecimen","Coleccion",NA,"UNICACH","SPECIES","HEM","J.M.M.","1342","M.E.L.M.","E","HEM2025",1,"Pleopeltis furfuracea",15.7106944444444,-92.9684166666667,"2006-06-15","change1: Filled coordinateUncertaintyInMeters from decimal-place precision (conservative). | epi_taxo: acceptedName(match1); authorship_epig(match1); genus_from_scientificName; family_WFO; order_majorGroup_WCVP [2026-03-11] | CoordinateCleaner QA applied without sea test (validity, equal, zeros, capitals, centroids, gbif, institutions) [2026-03-29]","","Colección","J.M.M.","M.E.L.M."
"3721","HEM2025_3721","PreservedSpecimen","Coleccion",NA,"UNICACH","SPECIES","HEM","H.G.D.","1081","H.G.D.","E","HEM2025",1,"Pleopeltis furfuracea",15.5977222222222,-92.6570277777778,"2005-07-21","change1: Filled coordinateUncertaintyInMeters from decimal-place precision (conservative). | epi_taxo: acceptedName(match1); authorship_epig(match1); genus_from_scientificName; family_WFO; order_majorGroup_WCVP [2026-03-11] | CoordinateCleaner QA applied without sea test (validity, equal, zeros, capitals, centroids, gbif, institutions) [2026-03-29]","","Colección","H.G.D.","H.G.D."
"3722","HEM2025_3722","PreservedSpecimen","Coleccion",NA,"UNICACH","SPECIES","HEM","N.M.M.","1474","N.M.M.","E","HEM2025",1,"Pleopeltis furfuracea",15.5516666666667,-92.6333333333333,"2006-03-25","change1: Filled coordinateUncertaintyInMeters from decimal-place precision (conservative). | epi_taxo: acceptedName(match1); authorship_epig(match1); genus_from_scientificName; family_WFO; order_majorGroup_WCVP [2026-03-11] | CoordinateCleaner QA applied without sea test (validity, equal, zeros, capitals, centroids, gbif, institutions) [2026-03-29]","","Colección","N.M.M.","N.M.M."
"3723","HEM2025_3723","PreservedSpecimen","Coleccion",NA,"UNICACH","SPECIES","HEM","K.G.D.","11","M.E.L.M.","E","HEM2025",1,"Pleopeltis furfuracea",16.8105555555556,-93.4166666666667,"2002-08-03","change1: Filled coordinateUncertaintyInMeters from decimal-place precision (conservative). | epi_taxo: acceptedName(match1); authorship_epig(match1); genus_from_scientificName; family_WFO; order_majorGroup_WCVP [2026-03-11] | CoordinateCleaner QA applied without sea test (validity, equal, zeros, capitals, centroids, gbif, institutions) [2026-03-29]","","Colección","K.G.D.","M.E.L.M."
"3724","HEM2025_3724","PreservedSpecimen","Coleccion",NA,"UNICACH","SPECIES","HEM","J.M.M.","1540","J.M.M.","E","HEM2025",1,"Pleopeltis furfuracea",15.7572222222222,-93.0236111111111,"2006-10-15","change1: Filled coordinateUncertaintyInMeters from decimal-place precision (conservative). | epi_taxo: acceptedName(match1); authorship_epig(match1); genus_from_scientificName; family_WFO; order_majorGroup_WCVP [2026-03-11] | CoordinateCleaner QA applied without sea test (validity, equal, zeros, capitals, centroids, gbif, institutions) [2026-03-29]","","Colección","J.M.M.","J.M.M."
"3725","HEM2025_3725","PreservedSpecimen","Coleccion",NA,"UNICACH","SPECIES","HEM","H.G.D.","1527","H.G.D.","E","HEM2025",1,"Pleopeltis furfuracea",15.4261388888889,-92.629,"2006-11-15","change1: Filled coordinateUncertaintyInMeters from decimal-place precision (conservative). | epi_taxo: acceptedName(match1); authorship_epig(match1); genus_from_scientificName; family_WFO; order_majorGroup_WCVP [2026-03-11] | CoordinateCleaner QA applied without sea test (validity, equal, zeros, capitals, centroids, gbif, institutions) [2026-03-29]","","Colección","H.G.D.","H.G.D."
"3726","HEM2025_3726","PreservedSpecimen","Coleccion",NA,"UNICACH","SPECIES","HEM","J.M.M.","1778","J.M.M.","E","HEM2025",1,"Pleopeltis furfuracea",15.7610555555556,-93.0720277777778,"2007-03-11","change1: Filled coordinateUncertaintyInMeters from decimal-place precision (conservative). | epi_taxo: acceptedName(match1); authorship_epig(match1); genus_from_scientificName; family_WFO; order_majorGroup_WCVP [2026-03-11] | CoordinateCleaner QA applied without sea test (validity, equal, zeros, capitals, centroids, gbif, institutions) [2026-03-29]","","Colección","J.M.M.","J.M.M."
"3727","HEM2025_3727","PreservedSpecimen","Coleccion",NA,"UNICACH","SPECIES","HEM","N.M.M.","1045","N.M.M.","E","HEM2025",1,"Pleopeltis furfuracea",15.4593333333333,-92.6576111111111,"2005-07-23","change1: Filled coordinateUncertaintyInMeters from decimal-place precision (conservative). | epi_taxo: acceptedName(match1); authorship_epig(match1); genus_from_scientificName; family_WFO; order_majorGroup_WCVP [2026-03-11] | CoordinateCleaner QA applied without sea test (validity, equal, zeros, capitals, centroids, gbif, institutions) [2026-03-29]","","Colección","N.M.M.","N.M.M."
"3728","HEM2025_3728","PreservedSpecimen","Coleccion",NA,"UNICACH","SPECIES","HEM","Camilo, R.M.","257","Perez-Farrera, M.A.","E","HEM2025",1,"Pleopeltis furfuracea",15.7,-92.9805555555556,"2001-12-21","change1: Filled coordinateUncertaintyInMeters from decimal-place precision (conservative). | epi_taxo: acceptedName(match1); authorship_epig(match1); genus_from_scientificName; family_WFO; order_majorGroup_WCVP [2026-03-11] | CoordinateCleaner QA applied without sea test (validity, equal, zeros, capitals, centroids, gbif, institutions) [2026-03-29]","standardized authors names in recordedBy / standardized authors names in identifiedBy","Colección","R.M. Camilo","M.A. Pérez-Farrera"
"3729","HEM2025_3729","PreservedSpecimen","Coleccion",NA,"UNICACH","SPECIES","HEM","M.E.L.M.","231","A.R.S.","E","HEM2025",1,"Pleopeltis furfuracea",15.7227777777778,-92.9436111111111,"1999-03-12","change1: Filled coordinateUncertaintyInMeters from decimal-place precision (conservative). | epi_taxo: acceptedName(match1); authorship_epig(match1); genus_from_scientificName; family_WFO; order_majorGroup_WCVP [2026-03-11] | CoordinateCleaner QA applied without sea test (validity, equal, zeros, capitals, centroids, gbif, institutions) [2026-03-29]","","Colección","M.E.L.M.","A.R.S."
"3730","HEM2025_3730","PreservedSpecimen","Coleccion",NA,"UNICACH","SPECIES","HEM","J.A.E.J.","839","J.A.E.J.","E","HEM2025",1,"Pleopeltis furfuracea",16.9297694444444,-93.0053138888889,"2009-05-22","change1: Filled coordinateUncertaintyInMeters from decimal-place precision (conservative). | epi_taxo: acceptedName(match1); authorship_epig(match1); genus_from_scientificName; family_WFO; order_majorGroup_WCVP [2026-03-11] | CoordinateCleaner QA applied without sea test (validity, equal, zeros, capitals, centroids, gbif, institutions) [2026-03-29]","","Colección","J.A.E.J.","J.A.E.J."
"3731","HEM2025_3731","PreservedSpecimen","Coleccion",NA,"UNICACH","SPECIES","HEM","M.A.B.R.","134","N.M.M.","E","HEM2025",1,"Pleopeltis furfuracea",17.0168333333333,-93.1320944444444,"2009-09-15","change1: Filled coordinateUncertaintyInMeters from decimal-place precision (conservative). | epi_taxo: acceptedName(match1); authorship_epig(match1); genus_from_scientificName; family_WFO; order_majorGroup_WCVP [2026-03-11] | CoordinateCleaner QA applied without sea test (validity, equal, zeros, capitals, centroids, gbif, institutions) [2026-03-29]","","Colección","M.A.B.R.","N.M.M."
"3732","HEM2025_3732","PreservedSpecimen","Coleccion",NA,"UNICACH","SPECIES","HEM","Najarro, F.H.","918","Perez-Farrera, M.A.","E","HEM2025",1,"Pleopeltis furfuracea",16.0063888888889,-93.4205555555556,"2002-06-29","change1: Filled coordinateUncertaintyInMeters from decimal-place precision (conservative). | epi_taxo: acceptedName(match1); authorship_epig(match1); genus_from_scientificName; family_WFO; order_majorGroup_WCVP [2026-03-11] | CoordinateCleaner QA applied without sea test (validity, equal, zeros, capitals, centroids, gbif, institutions) [2026-03-29]","standardized authors names in recordedBy / standardized authors names in identifiedBy","Colección","F.H. Najarro","M.A. Pérez-Farrera"
"3733","HEM2025_3733","PreservedSpecimen","Coleccion",NA,"UNICACH","SPECIES","HEM","J.A.E.J.","1000","Perez-Farrera, M.A.","E","HEM2025",1,"Pleopeltis furfuracea",16.9336916666667,-93.1304777777778,"2009-09-25","change1: Filled coordinateUncertaintyInMeters from decimal-place precision (conservative). | epi_taxo: acceptedName(match1); authorship_epig(match1); genus_from_scientificName; family_WFO; order_majorGroup_WCVP [2026-03-11] | CoordinateCleaner QA applied without sea test (validity, equal, zeros, capitals, centroids, gbif, institutions) [2026-03-29]","standardized authors names in identifiedBy","Colección","J.A.E.J.","M.A. Pérez-Farrera"
"3734","HEM2025_3734","PreservedSpecimen","Coleccion",NA,"UNICACH","SPECIES","HEM","Perez-Farrera, M.A.","396","Perez-Farrera, M.A.","E","HEM2025",1,"Pleopeltis furfuracea",16.1972222222222,-93.7083333333333,"1995-05-24","change1: Filled coordinateUncertaintyInMeters from decimal-place precision (conservative). | epi_taxo: acceptedName(match1); authorship_epig(match1); genus_from_scientificName; family_WFO; order_majorGroup_WCVP [2026-03-11] | CoordinateCleaner QA applied without sea test (validity, equal, zeros, capitals, centroids, gbif, institutions) [2026-03-29]","standardized authors names in recordedBy / standardized authors names in identifiedBy","Colección","M.A. Pérez-Farrera","M.A. Pérez-Farrera"
"3735","HEM2025_3735","PreservedSpecimen","Coleccion",NA,"UNICACH","SPECIES","HEM","Najarro, F.H. | M N.M.G. | U.G.M.","918","Perez-Farrera, M.A.","E","HEM2025",1,"Pleopeltis furfuracea",16.0063888888889,-93.4205555555556,"2002-06-29","change1: Filled coordinateUncertaintyInMeters from decimal-place precision (conservative). | epi_taxo: acceptedName(match1); authorship_epig(match1); genus_from_scientificName; family_WFO; order_majorGroup_WCVP [2026-03-11] | CoordinateCleaner QA applied without sea test (validity, equal, zeros, capitals, centroids, gbif, institutions) [2026-03-29]","standardized authors names in recordedBy / standardized authors names in identifiedBy","Colección","F.H. Najarro & M N.M.G. & U.G.M.","M.A. Pérez-Farrera"
"3736","HEM2025_3736","PreservedSpecimen","Coleccion",NA,"UNICACH","SPECIES","HEM","V.M.","8","Perez-Farrera, M.A.","E","HEM2025",1,"Pleopeltis furfuracea",15.6805555555556,-92.5958333333333,"1998-06-23","change1: Filled coordinateUncertaintyInMeters from decimal-place precision (conservative). | epi_taxo: acceptedName(match1); authorship_epig(match1); genus_from_scientificName; family_WFO; order_majorGroup_WCVP [2026-03-11] | CoordinateCleaner QA applied without sea test (validity, equal, zeros, capitals, centroids, gbif, institutions) [2026-03-29]","standardized authors names in identifiedBy","Colección","V.M.","M.A. Pérez-Farrera"
"3737","HEM2025_3737","PreservedSpecimen","Coleccion",NA,"UNICACH","SPECIES","HEM","R.O.","22","Perez-Farrera, M.A.","E","HEM2025",1,"Pleopeltis furfuracea",15.5708333333333,-92.5347222222222,"1998-10-10","change1: Filled coordinateUncertaintyInMeters from decimal-place precision (conservative). | epi_taxo: acceptedName(match1); authorship_epig(match1); genus_from_scientificName; family_WFO; order_majorGroup_WCVP [2026-03-11] | CoordinateCleaner QA applied without sea test (validity, equal, zeros, capitals, centroids, gbif, institutions) [2026-03-29]","standardized authors names in identifiedBy","Colección","R.O.","M.A. Pérez-Farrera"
"3738","HEM2025_3738","PreservedSpecimen","Coleccion",NA,"UNICACH","SPECIES","HEM","R.O.","22","Perez-Farrera, M.A.","E","HEM2025",1,"Pleopeltis furfuracea",15.5708333333333,-92.5347222222222,"1998-10-10","change1: Filled coordinateUncertaintyInMeters from decimal-place precision (conservative). | epi_taxo: acceptedName(match1); authorship_epig(match1); genus_from_scientificName; family_WFO; order_majorGroup_WCVP [2026-03-11] | CoordinateCleaner QA applied without sea test (validity, equal, zeros, capitals, centroids, gbif, institutions) [2026-03-29]","standardized authors names in identifiedBy","Colección","R.O.","M.A. Pérez-Farrera"
"3739","HEM2025_3739","PreservedSpecimen","Coleccion",NA,"UNICACH","SPECIES","HEM","Perez-Farrera, M.A.","2718","Camilo, R.M.","E","HEM2025",1,"Pleopeltis furfuracea",15.7011111111111,-92.9816666666667,"2002-04-12","change1: Filled coordinateUncertaintyInMeters from decimal-place precision (conservative). | epi_taxo: acceptedName(match1); authorship_epig(match1); genus_from_scientificName; family_WFO; order_majorGroup_WCVP [2026-03-11] | CoordinateCleaner QA applied without sea test (validity, equal, zeros, capitals, centroids, gbif, institutions) [2026-03-29]","standardized authors names in recordedBy / standardized authors names in identifiedBy","Colección","M.A. Pérez-Farrera","R.M. Camilo"
"3740","HEM2025_3740","PreservedSpecimen","Coleccion",NA,"UNICACH","SPECIES","HEM","Perez-Farrera, M.A.","1958a","Perez-Farrera, M.A.","E","HEM2025",1,"Pleopeltis furfuracea",16.5108333333333,-94.1275,"1999-05-20","change1: Filled coordinateUncertaintyInMeters from decimal-place precision (conservative). | epi_taxo: acceptedName(match1); authorship_epig(match1); genus_from_scientificName; family_WFO; order_majorGroup_WCVP [2026-03-11] | CoordinateCleaner QA applied without sea test (validity, equal, zeros, capitals, centroids, gbif, institutions) [2026-03-29]","standardized authors names in recordedBy / standardized authors names in identifiedBy","Colección","M.A. Pérez-Farrera","M.A. Pérez-Farrera"
"3741","HEM2025_3741","PreservedSpecimen","Coleccion",NA,"UNICACH","SPECIES","HEM","Perez-Farrera, M.A.","431","Perez-Farrera, M.A.","E","HEM2025",1,"Pleopeltis furfuracea",16.3416666666667,-93.7083333333333,"2002-05-25","change1: Filled coordinateUncertaintyInMeters from decimal-place precision (conservative). | epi_taxo: acceptedName(match1); authorship_epig(match1); genus_from_scientificName; family_WFO; order_majorGroup_WCVP [2026-03-11] | CoordinateCleaner QA applied without sea test (validity, equal, zeros, capitals, centroids, gbif, institutions) [2026-03-29]","standardized authors names in recordedBy / standardized authors names in identifiedBy","Colección","M.A. Pérez-Farrera","M.A. Pérez-Farrera"
"3742","HEM2025_3742","PreservedSpecimen","Coleccion",NA,"UNICACH","SPECIES","HEM","Perez-Farrera, M.A.","699","Perez-Farrera, M.A.","E","HEM2025",1,"Pleopeltis furfuracea",16.1472222222222,-93.375,"1995-08-11","change1: Filled coordinateUncertaintyInMeters from decimal-place precision (conservative). | epi_taxo: acceptedName(match1); authorship_epig(match1); genus_from_scientificName; family_WFO; order_majorGroup_WCVP [2026-03-11] | CoordinateCleaner QA applied without sea test (validity, equal, zeros, capitals, centroids, gbif, institutions) [2026-03-29]","standardized authors names in recordedBy / standardized authors names in identifiedBy","Colección","M.A. Pérez-Farrera","M.A. Pérez-Farrera"
"3743","HEM2025_3743","PreservedSpecimen","Coleccion",NA,"UNICACH","SPECIES","HEM","Perez-Farrera, M.A.","699","Perez-Farrera, M.A.","E","HEM2025",1,"Pleopeltis furfuracea",16.1472222222222,-93.375,"1995-08-11","change1: Filled coordinateUncertaintyInMeters from decimal-place precision (conservative). | epi_taxo: acceptedName(match1); authorship_epig(match1); genus_from_scientificName; family_WFO; order_majorGroup_WCVP [2026-03-11] | CoordinateCleaner QA applied without sea test (validity, equal, zeros, capitals, centroids, gbif, institutions) [2026-03-29]","standardized authors names in recordedBy / standardized authors names in identifiedBy","Colección","M.A. Pérez-Farrera","M.A. Pérez-Farrera"
"3744","HEM2025_3744","PreservedSpecimen","Coleccion",NA,"UNICACH","SPECIES","HEM","Perez-Farrera, M.A.","273-bis","J.C.R.","E","HEM2025",1,"Polypodium colpodes",16.325,-92.6194444444444,"1995-04-27","change1: Filled coordinateUncertaintyInMeters from decimal-place precision (conservative). | epi_taxo: acceptedName(match1); authorship_epig(match1); genus_from_scientificName; family_WFO; order_majorGroup_WCVP [2026-03-11] | CoordinateCleaner QA applied without sea test (validity, equal, zeros, capitals, centroids, gbif, institutions) [2026-03-29]","standardized authors names in recordedBy","Colección","M.A. Pérez-Farrera","J.C.R."
"3745","HEM2025_3745","PreservedSpecimen","Coleccion",NA,"UNICACH","SPECIES","HEM","Perez-Farrera, M.A.","273-bis","J.C.R.","E","HEM2025",1,"Polypodium colpodes",16.325,-92.6194444444444,"1995-04-27","change1: Filled coordinateUncertaintyInMeters from decimal-place precision (conservative). | epi_taxo: acceptedName(match1); authorship_epig(match1); genus_from_scientificName; family_WFO; order_majorGroup_WCVP [2026-03-11] | CoordinateCleaner QA applied without sea test (validity, equal, zeros, capitals, centroids, gbif, institutions) [2026-03-29]","standardized authors names in recordedBy","Colección","M.A. Pérez-Farrera","J.C.R."
"3746","HEM2025_3746","PreservedSpecimen","Coleccion",NA,"UNICACH","SPECIES","HEM","M.M.M. | Camilo, R.M. | E.A.M.A. | M.I.L.R. | N.A.F.R.","4755-BIS","N.M.M.","E","HEM2025",1,"Polypodium hispidulum",15.0926111111111,-92.1466944444444,"2014-07-07","change1: Filled coordinateUncertaintyInMeters from decimal-place precision (conservative). | epi_taxo: acceptedName(match1); authorship_epig(match1); genus_from_scientificName; family_WFO; order_majorGroup_WCVP [2026-03-11] | CoordinateCleaner QA applied without sea test (validity, equal, zeros, capitals, centroids, gbif, institutions) [2026-03-29]","standardized authors names in recordedBy","Colección","M.M.M. & R.M. Camilo & E.A.M.A. & M.I.L.R. & N.A.F.R.","N.M.M."
"3747","HEM2025_3747","PreservedSpecimen","Coleccion",NA,"UNICACH","SPECIES","HEM","M.M.M. | M.C.R.M.","5061","N.M.M.","E","HEM2025",1,"Polypodium hispidulum",15.0993611111111,-92.1659722222222,"2014-09-16","change1: Filled coordinateUncertaintyInMeters from decimal-place precision (conservative). | epi_taxo: acceptedName(match1); authorship_epig(match1); genus_from_scientificName; family_WFO; order_majorGroup_WCVP [2026-03-11] | CoordinateCleaner QA applied without sea test (validity, equal, zeros, capitals, centroids, gbif, institutions) [2026-03-29]","standardized authors names in recordedBy","Colección","M.M.M. & M.C.R.M.","N.M.M."
"3748","HEM2025_3748","PreservedSpecimen","Coleccion",NA,"UNICACH","SPECIES","HEM","M.M.M. | E.A.M.A.","4725","N.M.M.","E","HEM2025",1,"Polypodium hispidulum",15.0869166666667,-92.1446111111111,"2014-07-06","change1: Filled coordinateUncertaintyInMeters from decimal-place precision (conservative). | epi_taxo: acceptedName(match1); authorship_epig(match1); genus_from_scientificName; family_WFO; order_majorGroup_WCVP [2026-03-11] | CoordinateCleaner QA applied without sea test (validity, equal, zeros, capitals, centroids, gbif, institutions) [2026-03-29]","standardized authors names in recordedBy","Colección","M.M.M. & E.A.M.A.","N.M.M."
"3749","HEM2025_3749","PreservedSpecimen","Coleccion",NA,"UNICACH","SPECIES","HEM","H.G.D.","888","Perez-Farrera, M.A.","E","HEM2025",1,"Pleopeltis lindeniana",15.6358611111111,-92.6445,"2005-01-15","change1: Filled coordinateUncertaintyInMeters from decimal-place precision (conservative). | epi_taxo: acceptedName(match1); authorship_epig(match1); genus_from_scientificName; family_WFO; order_majorGroup_WCVP [2026-03-11] | CoordinateCleaner QA applied without sea test (validity, equal, zeros, capitals, centroids, gbif, institutions) [2026-03-29]","standardized authors names in identifiedBy","Colección","H.G.D.","M.A. Pérez-Farrera"
"3750","HEM2025_3750","PreservedSpecimen","Coleccion",NA,"UNICACH","SPECIES","HEM","Perez-Farrera, M.A.","1134","Perez-Farrera, M.A.","E","HEM2025",1,"Pleopeltis lindeniana",15.6641666666667,-92.8136111111111,"1996-08-11","change1: Filled coordinateUncertaintyInMeters from decimal-place precision (conservative). | epi_taxo: acceptedName(match1); authorship_epig(match1); genus_from_scientificName; family_WFO; order_majorGroup_WCVP [2026-03-11] | CoordinateCleaner QA applied without sea test (validity, equal, zeros, capitals, centroids, gbif, institutions) [2026-03-29]","standardized authors names in recordedBy / standardized authors names in identifiedBy","Colección","M.A. Pérez-Farrera","M.A. Pérez-Farrera"
"3751","HEM2025_3751","PreservedSpecimen","Coleccion",NA,"UNICACH","SPECIES","HEM","M.E.L.M.","275","M.E.L.M.","E","HEM2025",1,"Pleopeltis lindeniana",15.8172222222222,-93.095,"1999-03-17","change1: Filled coordinateUncertaintyInMeters from decimal-place precision (conservative). | epi_taxo: acceptedName(match1); authorship_epig(match1); genus_from_scientificName; family_WFO; order_majorGroup_WCVP [2026-03-11] | CoordinateCleaner QA applied without sea test (validity, equal, zeros, capitals, centroids, gbif, institutions) [2026-03-29]","","Colección","M.E.L.M.","M.E.L.M."
"3752","HEM2025_3752","PreservedSpecimen","Coleccion",NA,"UNICACH","SPECIES","HEM","J.M.M.","933","J.M.M.","E","HEM2025",1,"Pleopeltis lindeniana",15.8143055555556,-93.05725,"2005-06-08","change1: Filled coordinateUncertaintyInMeters from decimal-place precision (conservative). | epi_taxo: acceptedName(match1); authorship_epig(match1); genus_from_scientificName; family_WFO; order_majorGroup_WCVP [2026-03-11] | CoordinateCleaner QA applied without sea test (validity, equal, zeros, capitals, centroids, gbif, institutions) [2026-03-29]","","Colección","J.M.M.","J.M.M."
"3753","HEM2025_3753","PreservedSpecimen","Coleccion",NA,"UNICACH","SPECIES","HEM","S.T.M.","19","M.E.L.M.","E","HEM2025",1,"Pleopeltis lindeniana",17.1741666666667,-93.1308333333333,"2000-03-23","change1: Filled coordinateUncertaintyInMeters from decimal-place precision (conservative). | epi_taxo: acceptedName(match1); authorship_epig(match1); genus_from_scientificName; family_WFO; order_majorGroup_WCVP [2026-03-11] | CoordinateCleaner QA applied without sea test (validity, equal, zeros, capitals, centroids, gbif, institutions) [2026-03-29]","","Colección","S.T.M.","M.E.L.M."
"3754","HEM2025_3754","PreservedSpecimen","Coleccion",NA,"UNICACH","SPECIES","HEM","J.M.M.","1235","M.E.L.M.","E","HEM2025",1,"Pleopeltis lindeniana",15.5648611111111,-92.6209722222222,"2006-03-25","change1: Filled coordinateUncertaintyInMeters from decimal-place precision (conservative). | epi_taxo: acceptedName(match1); authorship_epig(match1); genus_from_scientificName; family_WFO; order_majorGroup_WCVP [2026-03-11] | CoordinateCleaner QA applied without sea test (validity, equal, zeros, capitals, centroids, gbif, institutions) [2026-03-29]","","Colección","J.M.M.","M.E.L.M."
"3755","HEM2025_3755","PreservedSpecimen","Coleccion",NA,"UNICACH","SPECIES","HEM","H.G.D.","1096","M.E.L.M.","E","HEM2025",1,"Pleopeltis lindeniana",15.5976388888889,-92.6570277777778,"2005-07-21","change1: Filled coordinateUncertaintyInMeters from decimal-place precision (conservative). | epi_taxo: acceptedName(match1); authorship_epig(match1); genus_from_scientificName; family_WFO; order_majorGroup_WCVP [2026-03-11] | CoordinateCleaner QA applied without sea test (validity, equal, zeros, capitals, centroids, gbif, institutions) [2026-03-29]","","Colección","H.G.D.","M.E.L.M."
"3756","HEM2025_3756","PreservedSpecimen","Coleccion",NA,"UNICACH","SPECIES","HEM","H.G.D.","1332","H.G.D.","E","HEM2025",1,"Pleopeltis lindeniana",15.7084444444444,-92.7269166666667,"2006-07-21","change1: Filled coordinateUncertaintyInMeters from decimal-place precision (conservative). | epi_taxo: acceptedName(match1); authorship_epig(match1); genus_from_scientificName; family_WFO; order_majorGroup_WCVP [2026-03-11] | CoordinateCleaner QA applied without sea test (validity, equal, zeros, capitals, centroids, gbif, institutions) [2026-03-29]","","Colección","H.G.D.","H.G.D."
"3757","HEM2025_3757","PreservedSpecimen","Coleccion",NA,"UNICACH","SPECIES","HEM","J.M.M.","1635","J.M.M.","E","HEM2025",1,"Pleopeltis lindeniana",15.6641666666667,-92.8136111111111,"2006-12-13","change1: Filled coordinateUncertaintyInMeters from decimal-place precision (conservative). | epi_taxo: acceptedName(match1); authorship_epig(match1); genus_from_scientificName; family_WFO; order_majorGroup_WCVP [2026-03-11] | CoordinateCleaner QA applied without sea test (validity, equal, zeros, capitals, centroids, gbif, institutions) [2026-03-29]","","Colección","J.M.M.","J.M.M."
"3758","HEM2025_3758","PreservedSpecimen","Coleccion",NA,"UNICACH","SPECIES","HEM","J.B.Z.","1","Perez-Farrera, M.A.","E","HEM2025",1,"Pleopeltis lindeniana",16.0791666666667,-91.6708333333333,"2003-08-04","change1: Filled coordinateUncertaintyInMeters from decimal-place precision (conservative). | epi_taxo: acceptedName(match1); authorship_epig(match1); genus_from_scientificName; family_WFO; order_majorGroup_WCVP [2026-03-11] | CoordinateCleaner QA applied without sea test (validity, equal, zeros, capitals, centroids, gbif, institutions) [2026-03-29]","standardized authors names in identifiedBy","Colección","J.B.Z.","M.A. Pérez-Farrera"
"3759","HEM2025_3759","PreservedSpecimen","Coleccion",NA,"UNICACH","SPECIES","HEM","M.M.M. | M.A.D.V.","2015","Perez-Farrera, M.A.","E","HEM2025",1,"Pleopeltis lindeniana",15.101,-92.0952222222222,"2013-06-27","change1: Filled coordinateUncertaintyInMeters from decimal-place precision (conservative). | epi_taxo: acceptedName(match1); authorship_epig(match1); genus_from_scientificName; family_WFO; order_majorGroup_WCVP [2026-03-11] | CoordinateCleaner QA applied without sea test (validity, equal, zeros, capitals, centroids, gbif, institutions) [2026-03-29]","standardized authors names in recordedBy / standardized authors names in identifiedBy","Colección","M.M.M. & M.A.D.V.","M.A. Pérez-Farrera"
"3760","HEM2025_3760","PreservedSpecimen","Coleccion",NA,"UNICACH","SPECIES","HEM","M.M.M. | A.L.C.","5032","N.M.M.","E","HEM2025",1,"Pleopeltis lindeniana",15.1135833333333,-92.1829444444444,"2014-08-19","change1: Filled coordinateUncertaintyInMeters from decimal-place precision (conservative). | epi_taxo: acceptedName(match1); authorship_epig(match1); genus_from_scientificName; family_WFO; order_majorGroup_WCVP [2026-03-11] | CoordinateCleaner QA applied without sea test (validity, equal, zeros, capitals, centroids, gbif, institutions) [2026-03-29]","standardized authors names in recordedBy","Colección","M.M.M. & A.L.C.","N.M.M."
"3761","HEM2025_3761","PreservedSpecimen","Coleccion",NA,"UNICACH","SPECIES","HEM","M.M.M. | A.L.C.","5036","N.M.M.","E","HEM2025",1,"Pleopeltis lindeniana",15.1135833333333,-92.1829444444444,"2014-08-19","change1: Filled coordinateUncertaintyInMeters from decimal-place precision (conservative). | epi_taxo: acceptedName(match1); authorship_epig(match1); genus_from_scientificName; family_WFO; order_majorGroup_WCVP [2026-03-11] | CoordinateCleaner QA applied without sea test (validity, equal, zeros, capitals, centroids, gbif, institutions) [2026-03-29]","standardized authors names in recordedBy","Colección","M.M.M. & A.L.C.","N.M.M."
"3762","HEM2025_3762","PreservedSpecimen","Coleccion",NA,"UNICACH","SPECIES","HEM","N.M.M. | M.M.M. | R.V.H.","3838","Perez-Farrera, M.A.","E","HEM2025",1,"Pleopeltis lindeniana",15.1259444444444,-92.18,"2014-09-24","change1: Filled coordinateUncertaintyInMeters from decimal-place precision (conservative). | epi_taxo: acceptedName(match1); authorship_epig(match1); genus_from_scientificName; family_WFO; order_majorGroup_WCVP [2026-03-11] | CoordinateCleaner QA applied without sea test (validity, equal, zeros, capitals, centroids, gbif, institutions) [2026-03-29]","standardized authors names in recordedBy / standardized authors names in identifiedBy","Colección","N.M.M. & M.M.M. & R.V.H.","M.A. Pérez-Farrera"
"3763","HEM2025_3763","PreservedSpecimen","Coleccion",NA,"UNICACH","SPECIES","HEM","N.M.M. | M.M.M. | R.V.H.","3840","Perez-Farrera, M.A.","E","HEM2025",1,"Pleopeltis lindeniana",15.1259444444444,-92.18,"2014-09-24","change1: Filled coordinateUncertaintyInMeters from decimal-place precision (conservative). | epi_taxo: acceptedName(match1); authorship_epig(match1); genus_from_scientificName; family_WFO; order_majorGroup_WCVP [2026-03-11] | CoordinateCleaner QA applied without sea test (validity, equal, zeros, capitals, centroids, gbif, institutions) [2026-03-29]","standardized authors names in recordedBy / standardized authors names in identifiedBy","Colección","N.M.M. & M.M.M. & R.V.H.","M.A. Pérez-Farrera"
"3764","HEM2025_3764","PreservedSpecimen","Coleccion",NA,"UNICACH","SPECIES","HEM","M.M.M. | M.C.R.M.","5159","N.M.M.","E","HEM2025",1,"Pleopeltis lindeniana",15.1046944444444,-92.1807222222222,"2014-09-17","change1: Filled coordinateUncertaintyInMeters from decimal-place precision (conservative). | epi_taxo: acceptedName(match1); authorship_epig(match1); genus_from_scientificName; family_WFO; order_majorGroup_WCVP [2026-03-11] | CoordinateCleaner QA applied without sea test (validity, equal, zeros, capitals, centroids, gbif, institutions) [2026-03-29]","standardized authors names in recordedBy","Colección","M.M.M. & M.C.R.M.","N.M.M."
"3765","HEM2025_3765","PreservedSpecimen","Coleccion",NA,"UNICACH","SPECIES","HEM","M.M.M. | M.C.R.M.","5194","N.M.M.","E","HEM2025",1,"Pleopeltis lindeniana",15.1063611111111,-92.1741944444445,"2014-09-18","change1: Filled coordinateUncertaintyInMeters from decimal-place precision (conservative). | epi_taxo: acceptedName(match1); authorship_epig(match1); genus_from_scientificName; family_WFO; order_majorGroup_WCVP [2026-03-11] | CoordinateCleaner QA applied without sea test (validity, equal, zeros, capitals, centroids, gbif, institutions) [2026-03-29]","standardized authors names in recordedBy","Colección","M.M.M. & M.C.R.M.","N.M.M."
"3766","HEM2025_3766","PreservedSpecimen","Coleccion",NA,"UNICACH","SPECIES","HEM","M.M.M. | D.A.J.L. | R.J.R.V.","5488","N.M.M.","E","HEM2025",1,"Pleopeltis lindeniana",15.1071944444444,-92.1756666666667,"2015-03-25","change1: Filled coordinateUncertaintyInMeters from decimal-place precision (conservative). | epi_taxo: acceptedName(match1); authorship_epig(match1); genus_from_scientificName; family_WFO; order_majorGroup_WCVP [2026-03-11] | CoordinateCleaner QA applied without sea test (validity, equal, zeros, capitals, centroids, gbif, institutions) [2026-03-29]","standardized authors names in recordedBy","Colección","M.M.M. & D.A.J.L. & R.J.R.V.","N.M.M."
"3767","HEM2025_3767","PreservedSpecimen","Coleccion",NA,"UNICACH","SPECIES","HEM","Perez-Farrera, M.A.","1055-bis","M.E.L.M.","E","HEM2025",1,"Pecluma longepinnulata",15.6166666666667,-92.8,"1996-08-10","change1: Filled coordinateUncertaintyInMeters from decimal-place precision (conservative). | epi_taxo: acceptedName(match1); authorship_epig(match1); genus_from_scientificName; family_WFO; order_majorGroup_WCVP [2026-03-11] | CoordinateCleaner QA applied without sea test (validity, equal, zeros, capitals, centroids, gbif, institutions) [2026-03-29]","standardized authors names in recordedBy","Colección","M.A. Pérez-Farrera","M.E.L.M."
"3768","HEM2025_3768","PreservedSpecimen","Coleccion",NA,"UNICACH","SPECIES","HEM","Chagala, J.L.","34","Perez-Farrera, M.A.","E","HEM2025",1,"Pecluma longepinnulata",15.8220555555556,-93.0455555555556,"2005-07-17","change1: Filled coordinateUncertaintyInMeters from decimal-place precision (conservative). | epi_taxo: acceptedName(match1); authorship_epig(match1); genus_from_scientificName; family_WFO; order_majorGroup_WCVP [2026-03-11] | CoordinateCleaner QA applied without sea test (validity, equal, zeros, capitals, centroids, gbif, institutions) [2026-03-29]","standardized authors names in recordedBy / standardized authors names in identifiedBy","Colección","J.L. Chagala","M.A. Pérez-Farrera"
"3769","HEM2025_3769","PreservedSpecimen","Coleccion",NA,"UNICACH","SPECIES","HEM","J.M.M.","1167","Perez-Farrera, M.A.","E","HEM2025",1,"Pecluma longepinnulata",15.8213888888889,-93.0488888888889,"2005-08-27","change1: Filled coordinateUncertaintyInMeters from decimal-place precision (conservative). | epi_taxo: acceptedName(match1); authorship_epig(match1); genus_from_scientificName; family_WFO; order_majorGroup_WCVP [2026-03-11] | CoordinateCleaner QA applied without sea test (validity, equal, zeros, capitals, centroids, gbif, institutions) [2026-03-29]","standardized authors names in identifiedBy","Colección","J.M.M.","M.A. Pérez-Farrera"
"3770","HEM2025_3770","PreservedSpecimen","Coleccion",NA,"UNICACH","SPECIES","HEM","M.E.L.M.","181-bis","M.E.L.M.","E","HEM2025",1,"Pecluma longepinnulata",15.8244444444444,-93.0630555555556,"1999-02-11","change1: Filled coordinateUncertaintyInMeters from decimal-place precision (conservative). | epi_taxo: acceptedName(match1); authorship_epig(match1); genus_from_scientificName; family_WFO; order_majorGroup_WCVP [2026-03-11] | CoordinateCleaner QA applied without sea test (validity, equal, zeros, capitals, centroids, gbif, institutions) [2026-03-29]","","Colección","M.E.L.M.","M.E.L.M."
"3771","HEM2025_3771","PreservedSpecimen","Coleccion",NA,"UNICACH","SPECIES","HEM","M.M.M. | M.C.R.M.","2622","Perez-Farrera, M.A.","E","HEM2025",1,"Pecluma longepinnulata",15.1495833333333,-92.1474166666667,"2013-11-15","change1: Filled coordinateUncertaintyInMeters from decimal-place precision (conservative). | epi_taxo: acceptedName(match1); authorship_epig(match1); genus_from_scientificName; family_WFO; order_majorGroup_WCVP [2026-03-11] | CoordinateCleaner QA applied without sea test (validity, equal, zeros, capitals, centroids, gbif, institutions) [2026-03-29]","standardized authors names in recordedBy / standardized authors names in identifiedBy","Colección","M.M.M. & M.C.R.M.","M.A. Pérez-Farrera"
"3772","HEM2025_3772","PreservedSpecimen","Coleccion",NA,"UNICACH","SPECIES","HEM","M.E.L.M.","137","M.E.L.M.","E","HEM2025",1,"Pecluma longepinnulata",15.6941666666667,-92.7941666666667,"1998-02-28","change1: Filled coordinateUncertaintyInMeters from decimal-place precision (conservative). | epi_taxo: acceptedName(match1); authorship_epig(match1); genus_from_scientificName; family_WFO; order_majorGroup_WCVP [2026-03-11] | CoordinateCleaner QA applied without sea test (validity, equal, zeros, capitals, centroids, gbif, institutions) [2026-03-29]","","Colección","M.E.L.M.","M.E.L.M."
"3773","HEM2025_3773","PreservedSpecimen","Coleccion",NA,"UNICACH","SPECIES","HEM","M.E.L.M.","154","M.E.L.M.","E","HEM2025",1,"Pecluma longepinnulata",15.6441666666667,-92.8275,"1998-03-02","change1: Filled coordinateUncertaintyInMeters from decimal-place precision (conservative). | epi_taxo: acceptedName(match1); authorship_epig(match1); genus_from_scientificName; family_WFO; order_majorGroup_WCVP [2026-03-11] | CoordinateCleaner QA applied without sea test (validity, equal, zeros, capitals, centroids, gbif, institutions) [2026-03-29]","","Colección","M.E.L.M.","M.E.L.M."
"3774","HEM2025_3774","PreservedSpecimen","Coleccion",NA,"UNICACH","SPECIES","HEM","N.M.M.","560","Perez-Farrera, M.A.","E","HEM2025",1,"Serpocaulon catharinae",15.6608333333333,-92.8275,"2004-11-11","change1: Filled coordinateUncertaintyInMeters from decimal-place precision (conservative). | epi_taxo: acceptedName(match1); authorship_epig(match1); genus_from_scientificName; family_WFO; order_majorGroup_WCVP [2026-03-11] | CoordinateCleaner QA applied without sea test (validity, equal, zeros, capitals, centroids, gbif, institutions) [2026-03-29]","standardized authors names in identifiedBy","Colección","N.M.M.","M.A. Pérez-Farrera"
"3775","HEM2025_3775","PreservedSpecimen","Coleccion",NA,"UNICACH","SPECIES","HEM","J.M.M.","698","J.M.M.","E","HEM2025",1,"Serpocaulon catharinae",15.8213333333333,-93.0480277777778,"2004-12-16","change1: Filled coordinateUncertaintyInMeters from decimal-place precision (conservative). | epi_taxo: acceptedName(match1); authorship_epig(match1); genus_from_scientificName; family_WFO; order_majorGroup_WCVP [2026-03-11] | CoordinateCleaner QA applied without sea test (validity, equal, zeros, capitals, centroids, gbif, institutions) [2026-03-29]","","Colección","J.M.M.","J.M.M."
"3776","HEM2025_3776","PreservedSpecimen","Coleccion",NA,"UNICACH","SPECIES","HEM","J.M.M.","1156","Perez-Farrera, M.A.","E","HEM2025",1,"Serpocaulon catharinae",15.8220555555556,-93.0455555555556,"2005-08-27","change1: Filled coordinateUncertaintyInMeters from decimal-place precision (conservative). | epi_taxo: acceptedName(match1); authorship_epig(match1); genus_from_scientificName; family_WFO; order_majorGroup_WCVP [2026-03-11] | CoordinateCleaner QA applied without sea test (validity, equal, zeros, capitals, centroids, gbif, institutions) [2026-03-29]","standardized authors names in identifiedBy","Colección","J.M.M.","M.A. Pérez-Farrera"
"3777","HEM2025_3777","PreservedSpecimen","Coleccion",NA,"UNICACH","SPECIES","HEM","J.A.V.V.","17","E.V.M.","E","HEM2025",1,"Serpocaulon catharinae",16.7608333333333,-92.6775,"2002-10-18","change1: Filled coordinateUncertaintyInMeters from decimal-place precision (conservative). | epi_taxo: acceptedName(match1); authorship_epig(match1); genus_from_scientificName; family_WFO; order_majorGroup_WCVP [2026-03-11] | CoordinateCleaner QA applied without sea test (validity, equal, zeros, capitals, centroids, gbif, institutions) [2026-03-29]","","Colección","J.A.V.V.","E.V.M."
"3778","HEM2025_3778","PreservedSpecimen","Coleccion",NA,"UNICACH","SPECIES","HEM","J.A.V.V.","17","E.V.M.","E","HEM2025",1,"Serpocaulon catharinae",16.7608333333333,-92.6775,"2002-10-18","change1: Filled coordinateUncertaintyInMeters from decimal-place precision (conservative). | epi_taxo: acceptedName(match1); authorship_epig(match1); genus_from_scientificName; family_WFO; order_majorGroup_WCVP [2026-03-11] | CoordinateCleaner QA applied without sea test (validity, equal, zeros, capitals, centroids, gbif, institutions) [2026-03-29]","","Colección","J.A.V.V.","E.V.M."
"3779","HEM2025_3779","PreservedSpecimen","Coleccion",NA,"UNICACH","SPECIES","HEM","E.M.L.","1122","O.F.S.","E","HEM2025",1,"Serpocaulon catharinae",15.9891666666667,-93.4827777777778,"2003-10-02","change1: Filled coordinateUncertaintyInMeters from decimal-place precision (conservative). | epi_taxo: acceptedName(match1); authorship_epig(match1); genus_from_scientificName; family_WFO; order_majorGroup_WCVP [2026-03-11] | CoordinateCleaner QA applied without sea test (validity, equal, zeros, capitals, centroids, gbif, institutions) [2026-03-29]","","Colección","E.M.L.","O.F.S."
"3780","HEM2025_3780","PreservedSpecimen","Coleccion",NA,"UNICACH","SPECIES","HEM","M.E.L.M.","64-BIS","M.E.L.M.","E","HEM2025",1,"Serpocaulon catharinae",15.425,-92.6333333333333,"1998-01-26","change1: Filled coordinateUncertaintyInMeters from decimal-place precision (conservative). | epi_taxo: acceptedName(match1); authorship_epig(match1); genus_from_scientificName; family_WFO; order_majorGroup_WCVP [2026-03-11] | CoordinateCleaner QA applied without sea test (validity, equal, zeros, capitals, centroids, gbif, institutions) [2026-03-29]","","Colección","M.E.L.M.","M.E.L.M."
"3781","HEM2025_3781","PreservedSpecimen","Coleccion",NA,"UNICACH","SPECIES","HEM","E.M.S. | A.M.G. | G.U. | M.R.","19444","M.E.L.M.","E","HEM2025",1,"Serpocaulon catharinae",15.1113888888889,-92.1286111111111,"1987-02-04","change1: Filled coordinateUncertaintyInMeters from decimal-place precision (conservative). | epi_taxo: acceptedName(match1); authorship_epig(match1); genus_from_scientificName; family_WFO; order_majorGroup_WCVP [2026-03-11] | CoordinateCleaner QA applied without sea test (validity, equal, zeros, capitals, centroids, gbif, institutions) [2026-03-29]","standardized authors names in recordedBy","Colección","E.M.S. & A.M.G. & G.U. & M.R.","M.E.L.M."
"3782","HEM2025_3782","PreservedSpecimen","Coleccion",NA,"UNICACH","SPECIES","HEM","N.M.M.","1765","N.M.M.","E","HEM2025",1,"Serpocaulon catharinae",15.7230555555556,-93.0013888888889,"2006-10-13","change1: Filled coordinateUncertaintyInMeters from decimal-place precision (conservative). | epi_taxo: acceptedName(match1); authorship_epig(match1); genus_from_scientificName; family_WFO; order_majorGroup_WCVP [2026-03-11] | CoordinateCleaner QA applied without sea test (validity, equal, zeros, capitals, centroids, gbif, institutions) [2026-03-29]","","Colección","N.M.M.","N.M.M."
"3783","HEM2025_3783","PreservedSpecimen","Coleccion",NA,"UNICACH","SPECIES","HEM","N.M.M.","1762","N.M.M.","E","HEM2025",1,"Serpocaulon catharinae",15.7230555555556,-93.0013888888889,"2006-10-13","change1: Filled coordinateUncertaintyInMeters from decimal-place precision (conservative). | epi_taxo: acceptedName(match1); authorship_epig(match1); genus_from_scientificName; family_WFO; order_majorGroup_WCVP [2026-03-11] | CoordinateCleaner QA applied without sea test (validity, equal, zeros, capitals, centroids, gbif, institutions) [2026-03-29]","","Colección","N.M.M.","N.M.M."
"3784","HEM2025_3784","PreservedSpecimen","Coleccion",NA,"UNICACH","SPECIES","HEM","N.M.M.","1820","N.M.M.","E","HEM2025",1,"Serpocaulon catharinae",15.7230555555556,-93.0013888888889,"2006-10-13","change1: Filled coordinateUncertaintyInMeters from decimal-place precision (conservative). | epi_taxo: acceptedName(match1); authorship_epig(match1); genus_from_scientificName; family_WFO; order_majorGroup_WCVP [2026-03-11] | CoordinateCleaner QA applied without sea test (validity, equal, zeros, capitals, centroids, gbif, institutions) [2026-03-29]","","Colección","N.M.M.","N.M.M."
"3785","HEM2025_3785","PreservedSpecimen","Coleccion",NA,"UNICACH","SPECIES","HEM","S.M.V.M.","26","B.B. | Perez-Farrera, M.A.","E","HEM2025",1,"Serpocaulon catharinae",15.6166666666667,-92.8,"2000-03-16","change1: Filled coordinateUncertaintyInMeters from decimal-place precision (conservative). | epi_taxo: acceptedName(match1); authorship_epig(match1); genus_from_scientificName; family_WFO; order_majorGroup_WCVP [2026-03-11] | CoordinateCleaner QA applied without sea test (validity, equal, zeros, capitals, centroids, gbif, institutions) [2026-03-29]","standardized authors names in identifiedBy","Colección","S.M.V.M.","B.B. & M.A. Pérez-Farrera"
"3786","HEM2025_3786","PreservedSpecimen","Coleccion",NA,"UNICACH","SPECIES","HEM","Camilo, R.M.","471","Perez-Farrera, M.A.","E","HEM2025",1,"Serpocaulon catharinae",15.7727777777778,-93.09,"2002-02-24","change1: Filled coordinateUncertaintyInMeters from decimal-place precision (conservative). | epi_taxo: acceptedName(match1); authorship_epig(match1); genus_from_scientificName; family_WFO; order_majorGroup_WCVP [2026-03-11] | CoordinateCleaner QA applied without sea test (validity, equal, zeros, capitals, centroids, gbif, institutions) [2026-03-29]","standardized authors names in recordedBy / standardized authors names in identifiedBy","Colección","R.M. Camilo","M.A. Pérez-Farrera"
"3787","HEM2025_3787","PreservedSpecimen","Coleccion",NA,"UNICACH","SPECIES","HEM","Perez-Farrera, M.A.","260","Perez-Farrera, M.A.","E","HEM2025",1,"Serpocaulon catharinae",16.1944444444444,-93.6083333333333,"1995-04-04","change1: Filled coordinateUncertaintyInMeters from decimal-place precision (conservative). | epi_taxo: acceptedName(match1); authorship_epig(match1); genus_from_scientificName; family_WFO; order_majorGroup_WCVP [2026-03-11] | CoordinateCleaner QA applied without sea test (validity, equal, zeros, capitals, centroids, gbif, institutions) [2026-03-29]","standardized authors names in recordedBy / standardized authors names in identifiedBy","Colección","M.A. Pérez-Farrera","M.A. Pérez-Farrera"
"3788","HEM2025_3788","PreservedSpecimen","Coleccion",NA,"UNICACH","SPECIES","HEM","Perez-Farrera, M.A.","249","Perez-Farrera, M.A.","E","HEM2025",1,"Serpocaulon catharinae",16.1944444444444,-93.6083333333333,"1995-04-04","change1: Filled coordinateUncertaintyInMeters from decimal-place precision (conservative). | epi_taxo: acceptedName(match1); authorship_epig(match1); genus_from_scientificName; family_WFO; order_majorGroup_WCVP [2026-03-11] | CoordinateCleaner QA applied without sea test (validity, equal, zeros, capitals, centroids, gbif, institutions) [2026-03-29]","standardized authors names in recordedBy / standardized authors names in identifiedBy","Colección","M.A. Pérez-Farrera","M.A. Pérez-Farrera"
"3789","HEM2025_3789","PreservedSpecimen","Coleccion",NA,"UNICACH","SPECIES","HEM","J.M.M.","381","Perez-Farrera, M.A.","E","HEM2025",1,"Serpocaulon catharinae",16.0458333333333,-93.4041666666667,"2003-09-14","change1: Filled coordinateUncertaintyInMeters from decimal-place precision (conservative). | epi_taxo: acceptedName(match1); authorship_epig(match1); genus_from_scientificName; family_WFO; order_majorGroup_WCVP [2026-03-11] | CoordinateCleaner QA applied without sea test (validity, equal, zeros, capitals, centroids, gbif, institutions) [2026-03-29]","standardized authors names in identifiedBy","Colección","J.M.M.","M.A. Pérez-Farrera"
"3790","HEM2025_3790","PreservedSpecimen","Coleccion",NA,"UNICACH","SPECIES","HEM","R.O.","90","Perez-Farrera, M.A.","E","HEM2025",1,"Serpocaulon catharinae",15.4805555555556,-92.6055555555556,"1999-01-27","change1: Filled coordinateUncertaintyInMeters from decimal-place precision (conservative). | epi_taxo: acceptedName(match1); authorship_epig(match1); genus_from_scientificName; family_WFO; order_majorGroup_WCVP [2026-03-11] | CoordinateCleaner QA applied without sea test (validity, equal, zeros, capitals, centroids, gbif, institutions) [2026-03-29]","standardized authors names in identifiedBy","Colección","R.O.","M.A. Pérez-Farrera"
"3791","HEM2025_3791","PreservedSpecimen","Coleccion",NA,"UNICACH","SPECIES","HEM","Perez-Farrera, M.A.","394","Perez-Farrera, M.A.","E","HEM2025",1,"Serpocaulon catharinae",16.1972222222222,-93.7083333333333,"1995-05-24","change1: Filled coordinateUncertaintyInMeters from decimal-place precision (conservative). | epi_taxo: acceptedName(match1); authorship_epig(match1); genus_from_scientificName; family_WFO; order_majorGroup_WCVP [2026-03-11] | CoordinateCleaner QA applied without sea test (validity, equal, zeros, capitals, centroids, gbif, institutions) [2026-03-29]","standardized authors names in recordedBy / standardized authors names in identifiedBy","Colección","M.A. Pérez-Farrera","M.A. Pérez-Farrera"
"3792","HEM2025_3792","PreservedSpecimen","Coleccion",NA,"UNICACH","SPECIES","HEM","Perez-Farrera, M.A.","523-bis","Perez-Farrera, M.A.","E","HEM2025",1,"Serpocaulon catharinae",15.9416666666667,-93.2916666666667,"1995-07-11","change1: Filled coordinateUncertaintyInMeters from decimal-place precision (conservative). | epi_taxo: acceptedName(match1); authorship_epig(match1); genus_from_scientificName; family_WFO; order_majorGroup_WCVP [2026-03-11] | CoordinateCleaner QA applied without sea test (validity, equal, zeros, capitals, centroids, gbif, institutions) [2026-03-29]","standardized authors names in recordedBy / standardized authors names in identifiedBy","Colección","M.A. Pérez-Farrera","M.A. Pérez-Farrera"
"3793","HEM2025_3793","PreservedSpecimen","Coleccion",NA,"UNICACH","SPECIES","HEM","Camilo, R.M. | N.M.M.","2626","Camilo, R.M.","E","HEM2025",1,"Serpocaulon catharinae",15.0988611111111,-92.1681388888889,"2014-08-16","change1: Filled coordinateUncertaintyInMeters from decimal-place precision (conservative). | epi_taxo: acceptedName(match1); authorship_epig(match1); genus_from_scientificName; family_WFO; order_majorGroup_WCVP [2026-03-11] | CoordinateCleaner QA applied without sea test (validity, equal, zeros, capitals, centroids, gbif, institutions) [2026-03-29]","standardized authors names in recordedBy / standardized authors names in identifiedBy","Colección","R.M. Camilo & N.M.M.","R.M. Camilo"
"3794","HEM2025_3794","PreservedSpecimen","Coleccion",NA,"UNICACH","SPECIES","HEM","R.M.","ND","M.E.L.M.","E","HEM2025",1,"Serpocaulon catharinae",17.1333333333333,-93.1888888888889,"1993-10-21","change1: Filled coordinateUncertaintyInMeters from decimal-place precision (conservative). | epi_taxo: acceptedName(match1); authorship_epig(match1); genus_from_scientificName; family_WFO; order_majorGroup_WCVP [2026-03-11] | CoordinateCleaner QA applied without sea test (validity, equal, zeros, capitals, centroids, gbif, institutions) [2026-03-29]","","Colección","R.M.","M.E.L.M."
"3795","HEM2025_3795","PreservedSpecimen","Coleccion",NA,"UNICACH","SPECIES","HEM","R.M.","ND","M.E.L.M.","E","HEM2025",1,"Serpocaulon catharinae",17.1333333333333,-93.1888888888889,"1993-10-21","change1: Filled coordinateUncertaintyInMeters from decimal-place precision (conservative). | epi_taxo: acceptedName(match1); authorship_epig(match1); genus_from_scientificName; family_WFO; order_majorGroup_WCVP [2026-03-11] | CoordinateCleaner QA applied without sea test (validity, equal, zeros, capitals, centroids, gbif, institutions) [2026-03-29]","","Colección","R.M.","M.E.L.M."
"3796","HEM2025_3796","PreservedSpecimen","Coleccion",NA,"UNICACH","SPECIES","HEM","N.G.A.","19","Perez-Farrera, M.A.","E","HEM2025",1,"Serpocaulon catharinae",16.7625,-92.7197222222222,"2003-05-18","change1: Filled coordinateUncertaintyInMeters from decimal-place precision (conservative). | epi_taxo: acceptedName(match1); authorship_epig(match1); genus_from_scientificName; family_WFO; order_majorGroup_WCVP [2026-03-11] | CoordinateCleaner QA applied without sea test (validity, equal, zeros, capitals, centroids, gbif, institutions) [2026-03-29]","standardized authors names in identifiedBy","Colección","N.G.A.","M.A. Pérez-Farrera"
"3797","HEM2025_3797","PreservedSpecimen","Coleccion",NA,"UNICACH","SPECIES","HEM","N.G.A.","19","Perez-Farrera, M.A.","E","HEM2025",1,"Serpocaulon catharinae",16.7625,-92.7197222222222,"2003-05-18","change1: Filled coordinateUncertaintyInMeters from decimal-place precision (conservative). | epi_taxo: acceptedName(match1); authorship_epig(match1); genus_from_scientificName; family_WFO; order_majorGroup_WCVP [2026-03-11] | CoordinateCleaner QA applied without sea test (validity, equal, zeros, capitals, centroids, gbif, institutions) [2026-03-29]","standardized authors names in identifiedBy","Colección","N.G.A.","M.A. Pérez-Farrera"
"3798","HEM2025_3798","PreservedSpecimen","Coleccion",NA,"UNICACH","SPECIES","HEM","L.E.G.P.","6","Perez-Farrera, M.A.","E","HEM2025",1,"Serpocaulon catharinae",15.8941666666667,-92.7441666666667,"2003-05-11","change1: Filled coordinateUncertaintyInMeters from decimal-place precision (conservative). | epi_taxo: acceptedName(match1); authorship_epig(match1); genus_from_scientificName; family_WFO; order_majorGroup_WCVP [2026-03-11] | CoordinateCleaner QA applied without sea test (validity, equal, zeros, capitals, centroids, gbif, institutions) [2026-03-29]","standardized authors names in identifiedBy","Colección","L.E.G.P.","M.A. Pérez-Farrera"
"3799","HEM2025_3799","PreservedSpecimen","Coleccion",NA,"UNICACH","SPECIES","HEM","L.E.G.P.","6","Perez-Farrera, M.A.","E","HEM2025",1,"Serpocaulon catharinae",15.8941666666667,-92.7441666666667,"2003-05-11","change1: Filled coordinateUncertaintyInMeters from decimal-place precision (conservative). | epi_taxo: acceptedName(match1); authorship_epig(match1); genus_from_scientificName; family_WFO; order_majorGroup_WCVP [2026-03-11] | CoordinateCleaner QA applied without sea test (validity, equal, zeros, capitals, centroids, gbif, institutions) [2026-03-29]","standardized authors names in identifiedBy","Colección","L.E.G.P.","M.A. Pérez-Farrera"
"3800","HEM2025_3800","PreservedSpecimen","Coleccion",NA,"UNICACH","SPECIES","HEM","M.G.P.M.","8","Perez-Farrera, M.A.","E","HEM2025",1,"Serpocaulon catharinae",17.0663888888889,-92.8630555555555,"2003-05-05","change1: Filled coordinateUncertaintyInMeters from decimal-place precision (conservative). | epi_taxo: acceptedName(match1); authorship_epig(match1); genus_from_scientificName; family_WFO; order_majorGroup_WCVP [2026-03-11] | CoordinateCleaner QA applied without sea test (validity, equal, zeros, capitals, centroids, gbif, institutions) [2026-03-29]","standardized authors names in identifiedBy","Colección","M.G.P.M.","M.A. Pérez-Farrera"
"3801","HEM2025_3801","PreservedSpecimen","Coleccion",NA,"UNICACH","SPECIES","HEM","Perez-Farrera, M.A.","523","Perez-Farrera, M.A.","E","HEM2025",1,"Serpocaulon catharinae",15.9416666666667,-93.2916666666667,"1995-07-11","change1: Filled coordinateUncertaintyInMeters from decimal-place precision (conservative). | epi_taxo: acceptedName(match1); authorship_epig(match1); genus_from_scientificName; family_WFO; order_majorGroup_WCVP [2026-03-11] | CoordinateCleaner QA applied without sea test (validity, equal, zeros, capitals, centroids, gbif, institutions) [2026-03-29]","standardized authors names in recordedBy / standardized authors names in identifiedBy","Colección","M.A. Pérez-Farrera","M.A. Pérez-Farrera"
"3802","HEM2025_3802","PreservedSpecimen","Coleccion",NA,"UNICACH","SPECIES","HEM","Perez-Farrera, M.A.","346","Perez-Farrera, M.A.","E","HEM2025",1,"Polypodium montigenum",16.2094444444444,-93.5922222222222,"1995-05-23","change1: Filled coordinateUncertaintyInMeters from decimal-place precision (conservative). | epi_taxo: acceptedName(match1); authorship_epig(match1); genus_from_scientificName; family_WFO; order_majorGroup_WCVP [2026-03-11] | CoordinateCleaner QA applied without sea test (validity, equal, zeros, capitals, centroids, gbif, institutions) [2026-03-29]","standardized authors names in recordedBy / standardized authors names in identifiedBy","Colección","M.A. Pérez-Farrera","M.A. Pérez-Farrera"
"3803","HEM2025_3803","PreservedSpecimen","Coleccion",NA,"UNICACH","SPECIES","HEM","Perez-Farrera, M.A.","342","Perez-Farrera, M.A.","E","HEM2025",1,"Polypodium montigenum",16.2094444444444,-93.5922222222222,"1995-05-23","change1: Filled coordinateUncertaintyInMeters from decimal-place precision (conservative). | epi_taxo: acceptedName(match1); authorship_epig(match1); genus_from_scientificName; family_WFO; order_majorGroup_WCVP [2026-03-11] | CoordinateCleaner QA applied without sea test (validity, equal, zeros, capitals, centroids, gbif, institutions) [2026-03-29]","standardized authors names in recordedBy / standardized authors names in identifiedBy","Colección","M.A. Pérez-Farrera","M.A. Pérez-Farrera"
"3804","HEM2025_3804","PreservedSpecimen","Coleccion",NA,"UNICACH","SPECIES","HEM","Perez-Farrera, M.A.","430","Perez-Farrera, M.A.","E","HEM2025",1,"Pleopeltis platylepis",16.3416666666667,-93.7083333333333,"1995-05-25","change1: Filled coordinateUncertaintyInMeters from decimal-place precision (conservative). | epi_taxo: acceptedName(match1); authorship_epig(match1); genus_from_scientificName; family_WFO; order_majorGroup_WCVP [2026-03-11] | CoordinateCleaner QA applied without sea test (validity, equal, zeros, capitals, centroids, gbif, institutions) [2026-03-29]","standardized authors names in recordedBy / standardized authors names in identifiedBy","Colección","M.A. Pérez-Farrera","M.A. Pérez-Farrera"
"3805","HEM2025_3805","PreservedSpecimen","Coleccion",NA,"UNICACH","SPECIES","HEM","T.E.C.C.","76","M.E.L.M.","E","HEM2025",1,"Pleopeltis platylepis",16.7866111111111,-94.0265833333333,"2007-01-31","change1: Filled coordinateUncertaintyInMeters from decimal-place precision (conservative). | epi_taxo: acceptedName(match1); authorship_epig(match1); genus_from_scientificName; family_WFO; order_majorGroup_WCVP [2026-03-11] | CoordinateCleaner QA applied without sea test (validity, equal, zeros, capitals, centroids, gbif, institutions) [2026-03-29]","standardized authors names in recordedBy","Colección","T.E.C.C","M.E.L.M."
"3806","HEM2025_3806","PreservedSpecimen","Coleccion",NA,"UNICACH","SPECIES","HEM","M.M.M. | M.C.R.M.","2731","N.M.M.","E","HEM2025",1,"Pleopeltis platylepis",15.1624722222222,-92.1471666666667,"2013-11-18","change1: Filled coordinateUncertaintyInMeters from decimal-place precision (conservative). | epi_taxo: acceptedName(match1); authorship_epig(match1); genus_from_scientificName; family_WFO; order_majorGroup_WCVP [2026-03-11] | CoordinateCleaner QA applied without sea test (validity, equal, zeros, capitals, centroids, gbif, institutions) [2026-03-29]","standardized authors names in recordedBy","Colección","M.M.M. & M.C.R.M.","N.M.M."
"3807","HEM2025_3807","PreservedSpecimen","Coleccion",NA,"UNICACH","SPECIES","HEM","H.R.","9","Perez-Farrera, M.A.","E","HEM2025",1,"Pleopeltis platylepis",16.9986111111111,-93.31,"2003-03-03","change1: Filled coordinateUncertaintyInMeters from decimal-place precision (conservative). | epi_taxo: acceptedName(match1); authorship_epig(match1); genus_from_scientificName; family_WFO; order_majorGroup_WCVP [2026-03-11] | CoordinateCleaner QA applied without sea test (validity, equal, zeros, capitals, centroids, gbif, institutions) [2026-03-29]","standardized authors names in identifiedBy","Colección","H.R.","M.A. Pérez-Farrera"
"3808","HEM2025_3808","PreservedSpecimen","Coleccion",NA,"UNICACH","SPECIES","HEM","H.R.","9","Perez-Farrera, M.A.","E","HEM2025",1,"Pleopeltis platylepis",16.9986111111111,-93.31,"2003-03-03","change1: Filled coordinateUncertaintyInMeters from decimal-place precision (conservative). | epi_taxo: acceptedName(match1); authorship_epig(match1); genus_from_scientificName; family_WFO; order_majorGroup_WCVP [2026-03-11] | CoordinateCleaner QA applied without sea test (validity, equal, zeros, capitals, centroids, gbif, institutions) [2026-03-29]","standardized authors names in identifiedBy","Colección","H.R.","M.A. Pérez-Farrera"
"3809","HEM2025_3809","PreservedSpecimen","Coleccion",NA,"UNICACH","SPECIES","HEM","C.A.A.J.","1","Perez-Farrera, M.A.","E","HEM2025",1,"Pleopeltis platylepis",16.7775,-92.6608333333333,"2003-05-04","change1: Filled coordinateUncertaintyInMeters from decimal-place precision (conservative). | epi_taxo: acceptedName(match1); authorship_epig(match1); genus_from_scientificName; family_WFO; order_majorGroup_WCVP [2026-03-11] | CoordinateCleaner QA applied without sea test (validity, equal, zeros, capitals, centroids, gbif, institutions) [2026-03-29]","standardized authors names in identifiedBy","Colección","C.A.A.J.","M.A. Pérez-Farrera"
"3810","HEM2025_3810","PreservedSpecimen","Coleccion",NA,"UNICACH","SPECIES","HEM","C.A.A.J.","1","Perez-Farrera, M.A.","E","HEM2025",1,"Pleopeltis platylepis",16.7775,-92.6608333333333,"2003-05-04","change1: Filled coordinateUncertaintyInMeters from decimal-place precision (conservative). | epi_taxo: acceptedName(match1); authorship_epig(match1); genus_from_scientificName; family_WFO; order_majorGroup_WCVP [2026-03-11] | CoordinateCleaner QA applied without sea test (validity, equal, zeros, capitals, centroids, gbif, institutions) [2026-03-29]","standardized authors names in identifiedBy","Colección","C.A.A.J.","M.A. Pérez-Farrera"
"3811","HEM2025_3811","PreservedSpecimen","Coleccion",NA,"UNICACH","SPECIES","HEM","N.A.E.A.","3","Perez-Farrera, M.A.","E","HEM2025",1,"Pleopeltis remota",16.0791666666667,-91.6708333333333,"2003-08-04","change1: Filled coordinateUncertaintyInMeters from decimal-place precision (conservative). | epi_taxo: acceptedName(match1); authorship_epig(match1); genus_from_scientificName; family_WFO; order_majorGroup_WCVP [2026-03-11] | CoordinateCleaner QA applied without sea test (validity, equal, zeros, capitals, centroids, gbif, institutions) [2026-03-29]","standardized authors names in identifiedBy","Colección","N.A.E.A.","M.A. Pérez-Farrera"
"3812","HEM2025_3812","PreservedSpecimen","Coleccion",NA,"UNICACH","SPECIES","HEM","J.M.M.","1165","M.E.L.M.","E","HEM2025",1,"Pleopeltis remota",15.8213888888889,-93.0488888888889,"2005-08-27","change1: Filled coordinateUncertaintyInMeters from decimal-place precision (conservative). | epi_taxo: acceptedName(match1); authorship_epig(match1); genus_from_scientificName; family_WFO; order_majorGroup_WCVP [2026-03-11] | CoordinateCleaner QA applied without sea test (validity, equal, zeros, capitals, centroids, gbif, institutions) [2026-03-29]","","Colección","J.M.M.","M.E.L.M."
"3813","HEM2025_3813","PreservedSpecimen","Coleccion",NA,"UNICACH","SPECIES","HEM","Perez-Farrera, M.A.","591","Perez-Farrera, M.A.","E","HEM2025",1,"Pleopeltis remota",16.3166666666667,-93.6166666666667,"1995-07-18","change1: Filled coordinateUncertaintyInMeters from decimal-place precision (conservative). | epi_taxo: acceptedName(match1); authorship_epig(match1); genus_from_scientificName; family_WFO; order_majorGroup_WCVP [2026-03-11] | CoordinateCleaner QA applied without sea test (validity, equal, zeros, capitals, centroids, gbif, institutions) [2026-03-29]","standardized authors names in recordedBy / standardized authors names in identifiedBy","Colección","M.A. Pérez-Farrera","M.A. Pérez-Farrera"
"3814","HEM2025_3814","PreservedSpecimen","Coleccion",NA,"UNICACH","SPECIES","HEM","Perez-Farrera, M.A.","162-a","Riba, R.","E","HEM2025",1,"Pleopeltis remota",16.1944444444444,-93.6083333333333,"1995-02-09","change1: Filled coordinateUncertaintyInMeters from decimal-place precision (conservative). | epi_taxo: acceptedName(match1); authorship_epig(match1); genus_from_scientificName; family_WFO; order_majorGroup_WCVP [2026-03-11] | CoordinateCleaner QA applied without sea test (validity, equal, zeros, capitals, centroids, gbif, institutions) [2026-03-29]","standardized authors names in recordedBy / standardized authors names in identifiedBy","Colección","M.A. Pérez-Farrera","R. Riba"
"3815","HEM2025_3815","PreservedSpecimen","Coleccion",NA,"UNICACH","SPECIES","HEM","C.M.V.","12","M.E.L.M.","E","HEM2025",1,"Pleopeltis remota",16.0791666666667,-91.6708333333333,"2003-09-05","change1: Filled coordinateUncertaintyInMeters from decimal-place precision (conservative). | epi_taxo: acceptedName(match1); authorship_epig(match1); genus_from_scientificName; family_WFO; order_majorGroup_WCVP [2026-03-11] | CoordinateCleaner QA applied without sea test (validity, equal, zeros, capitals, centroids, gbif, institutions) [2026-03-29]","","Colección","C.M.V.","M.E.L.M."
"3816","HEM2025_3816","PreservedSpecimen","Coleccion",NA,"UNICACH","SPECIES","HEM","Perez-Farrera, M.A.","395","Perez-Farrera, M.A.","E","HEM2025",1,"Pleopeltis remota",16.1972222222222,-93.7083333333333,"1995-05-24","change1: Filled coordinateUncertaintyInMeters from decimal-place precision (conservative). | epi_taxo: acceptedName(match1); authorship_epig(match1); genus_from_scientificName; family_WFO; order_majorGroup_WCVP [2026-03-11] | CoordinateCleaner QA applied without sea test (validity, equal, zeros, capitals, centroids, gbif, institutions) [2026-03-29]","standardized authors names in recordedBy / standardized authors names in identifiedBy","Colección","M.A. Pérez-Farrera","M.A. Pérez-Farrera"
"3817","HEM2025_3817","PreservedSpecimen","Coleccion",NA,"UNICACH","SPECIES","HEM","F.D.A.L.","8","A.R.S.","E","HEM2025",1,"Pleopeltis remota",16.0791666666667,-91.6708333333333,"2003-08-04","change1: Filled coordinateUncertaintyInMeters from decimal-place precision (conservative). | epi_taxo: acceptedName(match1); authorship_epig(match1); genus_from_scientificName; family_WFO; order_majorGroup_WCVP [2026-03-11] | CoordinateCleaner QA applied without sea test (validity, equal, zeros, capitals, centroids, gbif, institutions) [2026-03-29]","","Colección","F.D.A.L.","A.R.S."
"3818","HEM2025_3818","PreservedSpecimen","Coleccion",NA,"UNICACH","SPECIES","HEM","J.M.P.P.","3","M.E.L.M.","E","HEM2025",1,"Pleopeltis remota",17.1905555555556,-93.1027777777778,"2002-09-12","change1: Filled coordinateUncertaintyInMeters from decimal-place precision (conservative). | epi_taxo: acceptedName(match1); authorship_epig(match1); genus_from_scientificName; family_WFO; order_majorGroup_WCVP [2026-03-11] | CoordinateCleaner QA applied without sea test (validity, equal, zeros, capitals, centroids, gbif, institutions) [2026-03-29]","","Colección","J.M.P.P.","M.E.L.M."
"3819","HEM2025_3819","PreservedSpecimen","Coleccion",NA,"UNICACH","SPECIES","HEM","M.E.L.M.","408","M.E.L.M.","E","HEM2025",1,"Pleopeltis remota",15.4836111111111,-92.6005555555555,"1999-07-01","change1: Filled coordinateUncertaintyInMeters from decimal-place precision (conservative). | epi_taxo: acceptedName(match1); authorship_epig(match1); genus_from_scientificName; family_WFO; order_majorGroup_WCVP [2026-03-11] | CoordinateCleaner QA applied without sea test (validity, equal, zeros, capitals, centroids, gbif, institutions) [2026-03-29]","","Colección","M.E.L.M.","M.E.L.M."
"3820","HEM2025_3820","PreservedSpecimen","Coleccion",NA,"UNICACH","SPECIES","HEM","P.G.L.V.","8","M.E.L.M.","E","HEM2025",1,"Pleopeltis remota",16.0791666666667,-91.6708333333333,"2000-11-27","change1: Filled coordinateUncertaintyInMeters from decimal-place precision (conservative). | epi_taxo: acceptedName(match1); authorship_epig(match1); genus_from_scientificName; family_WFO; order_majorGroup_WCVP [2026-03-11] | CoordinateCleaner QA applied without sea test (validity, equal, zeros, capitals, centroids, gbif, institutions) [2026-03-29]","","Colección","P.G.L.V.","M.E.L.M."
"3821","HEM2025_3821","PreservedSpecimen","Coleccion",NA,"UNICACH","SPECIES","HEM","M.M.M. | M.A.D.V.","1898","N.M.M. | J.M.M.","E","HEM2025",1,"Pleopeltis remota",15.1025277777778,-92.1054444444444,"2013-05-30","change1: Filled coordinateUncertaintyInMeters from decimal-place precision (conservative). | epi_taxo: acceptedName(match1); authorship_epig(match1); genus_from_scientificName; family_WFO; order_majorGroup_WCVP [2026-03-11] | CoordinateCleaner QA applied without sea test (validity, equal, zeros, capitals, centroids, gbif, institutions) [2026-03-29]","standardized authors names in recordedBy / standardized authors names in identifiedBy","Colección","M.M.M. & M.A.D.V.","N.M.M. & J.M.M."
"3822","HEM2025_3822","PreservedSpecimen","Coleccion",NA,"UNICACH","SPECIES","HEM","A.C.","4","Perez-Farrera, M.A.","E","HEM2025",1,"Pleopeltis remota",16.6675,-93.6497222222222,"1997-10-30","change1: Filled coordinateUncertaintyInMeters from decimal-place precision (conservative). | epi_taxo: acceptedName(match1); authorship_epig(match1); genus_from_scientificName; family_WFO; order_majorGroup_WCVP [2026-03-11] | CoordinateCleaner QA applied without sea test (validity, equal, zeros, capitals, centroids, gbif, institutions) [2026-03-29]","standardized authors names in identifiedBy","Colección","A.C.","M.A. Pérez-Farrera"
"3823","HEM2025_3823","PreservedSpecimen","Coleccion",NA,"UNICACH","SPECIES","HEM","A.C.","4","Perez-Farrera, M.A.","E","HEM2025",1,"Pleopeltis remota",16.6675,-93.6497222222222,"1997-10-30","change1: Filled coordinateUncertaintyInMeters from decimal-place precision (conservative). | epi_taxo: acceptedName(match1); authorship_epig(match1); genus_from_scientificName; family_WFO; order_majorGroup_WCVP [2026-03-11] | CoordinateCleaner QA applied without sea test (validity, equal, zeros, capitals, centroids, gbif, institutions) [2026-03-29]","standardized authors names in identifiedBy","Colección","A.C.","M.A. Pérez-Farrera"
"3824","HEM2025_3824","PreservedSpecimen","Coleccion",NA,"UNICACH","SPECIES","HEM","Perez-Farrera, M.A.","1417","Perez-Farrera, M.A.","E","HEM2025",1,"Pleopeltis remota",16.3386111111111,-93.8702777777778,"1996-11-19","change1: Filled coordinateUncertaintyInMeters from decimal-place precision (conservative). | epi_taxo: acceptedName(match1); authorship_epig(match1); genus_from_scientificName; family_WFO; order_majorGroup_WCVP [2026-03-11] | CoordinateCleaner QA applied without sea test (validity, equal, zeros, capitals, centroids, gbif, institutions) [2026-03-29]","standardized authors names in recordedBy / standardized authors names in identifiedBy","Colección","M.A. Pérez-Farrera","M.A. Pérez-Farrera"
"3825","HEM2025_3825","PreservedSpecimen","Coleccion",NA,"UNICACH","SPECIES","HEM","M.J.G.M.","10","M.E.L.M.","E","HEM2025",1,"Pleopeltis remota",16.0791666666667,-91.6708333333333,"2000-11-27","change1: Filled coordinateUncertaintyInMeters from decimal-place precision (conservative). | epi_taxo: acceptedName(match1); authorship_epig(match1); genus_from_scientificName; family_WFO; order_majorGroup_WCVP [2026-03-11] | CoordinateCleaner QA applied without sea test (validity, equal, zeros, capitals, centroids, gbif, institutions) [2026-03-29]","","Colección","M.J.G.M.","M.E.L.M."
"3826","HEM2025_3826","PreservedSpecimen","Coleccion",NA,"UNICACH","SPECIES","HEM","M.E.L.M.","612","A.R.S.","E","HEM2025",1,"Pleopeltis remota",15.6966666666667,-92.9888888888889,"1999-04-15","change1: Filled coordinateUncertaintyInMeters from decimal-place precision (conservative). | epi_taxo: acceptedName(match1); authorship_epig(match1); genus_from_scientificName; family_WFO; order_majorGroup_WCVP [2026-03-11] | CoordinateCleaner QA applied without sea test (validity, equal, zeros, capitals, centroids, gbif, institutions) [2026-03-29]","","Colección","M.E.L.M.","A.R.S."
"3827","HEM2025_3827","PreservedSpecimen","Coleccion",NA,"UNICACH","SPECIES","HEM","C.A.Z.M.","19","N.J.M.G.","E","HEM2025",1,"Pleopeltis remota",16.8716666666667,-92.4769444444444,"2003-05-17","change1: Filled coordinateUncertaintyInMeters from decimal-place precision (conservative). | epi_taxo: acceptedName(match1); authorship_epig(match1); genus_from_scientificName; family_WFO; order_majorGroup_WCVP [2026-03-11] | CoordinateCleaner QA applied without sea test (validity, equal, zeros, capitals, centroids, gbif, institutions) [2026-03-29]","","Colección","C.A.Z.M.","N.J.M.G."
"3828","HEM2025_3828","PreservedSpecimen","Coleccion",NA,"UNICACH","SPECIES","HEM","C.A.Z.M.","19","N.J.M.G.","E","HEM2025",1,"Pleopeltis remota",16.8716666666667,-92.4769444444444,"2003-05-17","change1: Filled coordinateUncertaintyInMeters from decimal-place precision (conservative). | epi_taxo: acceptedName(match1); authorship_epig(match1); genus_from_scientificName; family_WFO; order_majorGroup_WCVP [2026-03-11] | CoordinateCleaner QA applied without sea test (validity, equal, zeros, capitals, centroids, gbif, institutions) [2026-03-29]","","Colección","C.A.Z.M.","N.J.M.G."
"3829","HEM2025_3829","PreservedSpecimen","Coleccion",NA,"UNICACH","SPECIES","HEM","F.A.A.I.","39","Perez-Farrera, M.A.","E","HEM2025",1,"Pleopeltis remota",17.1666666666667,-92.5833333333333,"2003-05-03","change1: Filled coordinateUncertaintyInMeters from decimal-place precision (conservative). | epi_taxo: acceptedName(match1); authorship_epig(match1); genus_from_scientificName; family_WFO; order_majorGroup_WCVP [2026-03-11] | CoordinateCleaner QA applied without sea test (validity, equal, zeros, capitals, centroids, gbif, institutions) [2026-03-29]","standardized authors names in identifiedBy","Colección","F.A.A.I.","M.A. Pérez-Farrera"
"3830","HEM2025_3830","PreservedSpecimen","Coleccion",NA,"UNICACH","SPECIES","HEM","N.V.A.","2","M.E.L.M.","E","HEM2025",1,"Pleopeltis remota",17.0561111111111,-92.8597222222222,"2002-10-05","change1: Filled coordinateUncertaintyInMeters from decimal-place precision (conservative). | epi_taxo: acceptedName(match1); authorship_epig(match1); genus_from_scientificName; family_WFO; order_majorGroup_WCVP [2026-03-11] | CoordinateCleaner QA applied without sea test (validity, equal, zeros, capitals, centroids, gbif, institutions) [2026-03-29]","","Colección","N.V.A.","M.E.L.M."
"3831","HEM2025_3831","PreservedSpecimen","Coleccion",NA,"UNICACH","SPECIES","HEM","Perez-Farrera, M.A.","966","Camilo, R.M.","E","HEM2025",1,"Polypodium plesiosorum",15.6641666666667,-92.8136111111111,"","change1: Filled coordinateUncertaintyInMeters from decimal-place precision (conservative). | epi_taxo: acceptedName(match1); authorship_epig(match1); genus_from_scientificName; family_WFO; order_majorGroup_WCVP [2026-03-11] | CoordinateCleaner QA applied without sea test (validity, equal, zeros, capitals, centroids, gbif, institutions) [2026-03-29]","standardized authors names in recordedBy / standardized authors names in identifiedBy","Colección","M.A. Pérez-Farrera","R.M. Camilo"
"3832","HEM2025_3832","PreservedSpecimen","Coleccion",NA,"UNICACH","SPECIES","HEM","R.R.S.","335","R.R.S.","E","HEM2025",1,"Polypodium plesiosorum",16.3194444444444,-93.8566666666667,"2003-09-09","change1: Filled coordinateUncertaintyInMeters from decimal-place precision (conservative). | epi_taxo: acceptedName(match1); authorship_epig(match1); genus_from_scientificName; family_WFO; order_majorGroup_WCVP [2026-03-11] | CoordinateCleaner QA applied without sea test (validity, equal, zeros, capitals, centroids, gbif, institutions) [2026-03-29]","","Colección","R.R.S.","R.R.S."
"3833","HEM2025_3833","PreservedSpecimen","Coleccion",NA,"UNICACH","SPECIES","HEM","R.H.H.","5","M.E.L.M.","E","HEM2025",1,"Polypodium plesiosorum",16.0791666666667,-91.6708333333333,"","change1: Filled coordinateUncertaintyInMeters from decimal-place precision (conservative). | epi_taxo: acceptedName(match1); authorship_epig(match1); genus_from_scientificName; family_WFO; order_majorGroup_WCVP [2026-03-11] | CoordinateCleaner QA applied without sea test (validity, equal, zeros, capitals, centroids, gbif, institutions) [2026-03-29]","","Colección","R.H.H.","M.E.L.M."
"3834","HEM2025_3834","PreservedSpecimen","Coleccion",NA,"UNICACH","SPECIES","HEM","F.E.P.C.","100","Perez-Farrera, M.A.","E","HEM2025",1,"Polypodium plesiosorum",15.4805555555556,-92.6055555555556,"1999-01-27","change1: Filled coordinateUncertaintyInMeters from decimal-place precision (conservative). | epi_taxo: acceptedName(match1); authorship_epig(match1); genus_from_scientificName; family_WFO; order_majorGroup_WCVP [2026-03-11] | CoordinateCleaner QA applied without sea test (validity, equal, zeros, capitals, centroids, gbif, institutions) [2026-03-29]","standardized authors names in identifiedBy","Colección","F.E.P.C.","M.A. Pérez-Farrera"
"3835","HEM2025_3835","PreservedSpecimen","Coleccion",NA,"UNICACH","SPECIES","HEM","N.V.A.","12","M.E.L.M.","E","HEM2025",1,"Polypodium plesiosorum",17.2144444444444,-93.0816666666667,"2002-10-12","change1: Filled coordinateUncertaintyInMeters from decimal-place precision (conservative). | epi_taxo: acceptedName(match1); authorship_epig(match1); genus_from_scientificName; family_WFO; order_majorGroup_WCVP [2026-03-11] | CoordinateCleaner QA applied without sea test (validity, equal, zeros, capitals, centroids, gbif, institutions) [2026-03-29]","","Colección","N.V.A.","M.E.L.M."
"3836","HEM2025_3836","PreservedSpecimen","Coleccion",NA,"UNICACH","SPECIES","HEM","J.M.M.","1206","M.E.L.M.","E","HEM2025",1,"Polypodium plesiosorum",15.4841388888889,-92.6805277777778,"2006-03-23","change1: Filled coordinateUncertaintyInMeters from decimal-place precision (conservative). | epi_taxo: acceptedName(match1); authorship_epig(match1); genus_from_scientificName; family_WFO; order_majorGroup_WCVP [2026-03-11] | CoordinateCleaner QA applied without sea test (validity, equal, zeros, capitals, centroids, gbif, institutions) [2026-03-29]","","Colección","J.M.M.","M.E.L.M."
"3837","HEM2025_3837","PreservedSpecimen","Coleccion",NA,"UNICACH","SPECIES","HEM","M.L.M.J.","14","E.V.M.","E","HEM2025",1,"Polypodium plesiosorum",16.7802777777778,-92.5366666666667,"2002-10-06","change1: Filled coordinateUncertaintyInMeters from decimal-place precision (conservative). | epi_taxo: acceptedName(match1); authorship_epig(match1); genus_from_scientificName; family_WFO; order_majorGroup_WCVP [2026-03-11] | CoordinateCleaner QA applied without sea test (validity, equal, zeros, capitals, centroids, gbif, institutions) [2026-03-29]","","Colección","M.L.M.J.","E.V.M."
"3838","HEM2025_3838","PreservedSpecimen","Coleccion",NA,"UNICACH","SPECIES","HEM","M.A.M.G.","18","M.E.L.M.","E","HEM2025",1,"Polypodium plesiosorum",17.2144444444444,-93.0816666666667,"2003-05-17","change1: Filled coordinateUncertaintyInMeters from decimal-place precision (conservative). | epi_taxo: acceptedName(match1); authorship_epig(match1); genus_from_scientificName; family_WFO; order_majorGroup_WCVP [2026-03-11] | CoordinateCleaner QA applied without sea test (validity, equal, zeros, capitals, centroids, gbif, institutions) [2026-03-29]","","Colección","M.A.M.G.","M.E.L.M."
"3839","HEM2025_3839","PreservedSpecimen","Coleccion",NA,"UNICACH","SPECIES","HEM","N.V.A.","12","E.V.M.","E","HEM2025",1,"Polypodium plesiosorum",17.2144444444444,-93.0816666666667,"2002-10-12","change1: Filled coordinateUncertaintyInMeters from decimal-place precision (conservative). | epi_taxo: acceptedName(match1); authorship_epig(match1); genus_from_scientificName; family_WFO; order_majorGroup_WCVP [2026-03-11] | CoordinateCleaner QA applied without sea test (validity, equal, zeros, capitals, centroids, gbif, institutions) [2026-03-29]","","Colección","N.V.A.","E.V.M."
"3840","HEM2025_3840","PreservedSpecimen","Coleccion",NA,"UNICACH","SPECIES","HEM","M.E.L.M.","299","M.E.L.M.","E","HEM2025",1,"Polypodium plesiosorum",15.7013888888889,-92.9838888888889,"1994-04-14","change1: Filled coordinateUncertaintyInMeters from decimal-place precision (conservative). | epi_taxo: acceptedName(match1); authorship_epig(match1); genus_from_scientificName; family_WFO; order_majorGroup_WCVP [2026-03-11] | CoordinateCleaner QA applied without sea test (validity, equal, zeros, capitals, centroids, gbif, institutions) [2026-03-29]","","Colección","M.E.L.M.","M.E.L.M."
"3841","HEM2025_3841","PreservedSpecimen","Coleccion",NA,"UNICACH","SPECIES","HEM","H.M.C.","10","E.V.M.","E","HEM2025",1,"Polypodium plesiosorum",16.8738888888889,-93.2133333333333,"2002-09-08","change1: Filled coordinateUncertaintyInMeters from decimal-place precision (conservative). | epi_taxo: acceptedName(match1); authorship_epig(match1); genus_from_scientificName; family_WFO; order_majorGroup_WCVP [2026-03-11] | CoordinateCleaner QA applied without sea test (validity, equal, zeros, capitals, centroids, gbif, institutions) [2026-03-29]","","Colección","H.M.C.","E.V.M."
"3842","HEM2025_3842","PreservedSpecimen","Coleccion",NA,"UNICACH","SPECIES","HEM","G.L.V.","206","G.L.V.","E","HEM2025",1,"Polypodium plesiosorum",15.1027777777778,-92.0880555555556,"2005-11-23","change1: Filled coordinateUncertaintyInMeters from decimal-place precision (conservative). | epi_taxo: acceptedName(match1); authorship_epig(match1); genus_from_scientificName; family_WFO; order_majorGroup_WCVP [2026-03-11] | CoordinateCleaner QA applied without sea test (validity, equal, zeros, capitals, centroids, gbif, institutions) [2026-03-29]","","Colección","G.L.V.","G.L.V."
"3843","HEM2025_3843","PreservedSpecimen","Coleccion",NA,"UNICACH","SPECIES","HEM","M.M.M. | Camilo, R.M.","1139","Perez-Farrera, M.A.","E","HEM2025",1,"Polypodium plesiosorum",15.1126388888889,-92.0980555555555,"2013-04-04","change1: Filled coordinateUncertaintyInMeters from decimal-place precision (conservative). | epi_taxo: acceptedName(match1); authorship_epig(match1); genus_from_scientificName; family_WFO; order_majorGroup_WCVP [2026-03-11] | CoordinateCleaner QA applied without sea test (validity, equal, zeros, capitals, centroids, gbif, institutions) [2026-03-29]","standardized authors names in recordedBy / standardized authors names in identifiedBy","Colección","M.M.M. & R.M. Camilo","M.A. Pérez-Farrera"
"3844","HEM2025_3844","PreservedSpecimen","Coleccion",NA,"UNICACH","SPECIES","HEM","M.M.M. | N.M.M. | R.J.R.V. | E.C.N.","4195","Perez-Farrera, M.A.","E","HEM2025",1,"Polypodium plesiosorum",15.0893888888889,-92.1465555555556,"2014-06-17","change1: Filled coordinateUncertaintyInMeters from decimal-place precision (conservative). | epi_taxo: acceptedName(match1); authorship_epig(match1); genus_from_scientificName; family_WFO; order_majorGroup_WCVP [2026-03-11] | CoordinateCleaner QA applied without sea test (validity, equal, zeros, capitals, centroids, gbif, institutions) [2026-03-29]","standardized authors names in recordedBy / standardized authors names in identifiedBy","Colección","M.M.M. & N.M.M. & R.J.R.V. & E.C.N.","M.A. Pérez-Farrera"
"3845","HEM2025_3845","PreservedSpecimen","Coleccion",NA,"UNICACH","SPECIES","HEM","M.M.M. | N.M.M. | R.J.R.V. | E.C.N.","4531","N.M.M.","E","HEM2025",1,"Polypodium plesiosorum",15.0923888888889,-92.1485277777778,"2014-06-20","change1: Filled coordinateUncertaintyInMeters from decimal-place precision (conservative). | epi_taxo: acceptedName(match1); authorship_epig(match1); genus_from_scientificName; family_WFO; order_majorGroup_WCVP [2026-03-11] | CoordinateCleaner QA applied without sea test (validity, equal, zeros, capitals, centroids, gbif, institutions) [2026-03-29]","standardized authors names in recordedBy","Colección","M.M.M. & N.M.M. & R.J.R.V. & E.C.N.","N.M.M."
"3846","HEM2025_3846","PreservedSpecimen","Coleccion",NA,"UNICACH","SPECIES","HEM","M.M.M. | N.M.M. | R.J.R.V. | E.C.N.","4543","N.M.M.","E","HEM2025",1,"Polypodium plesiosorum",15.0923888888889,-92.1485277777778,"2014-06-20","change1: Filled coordinateUncertaintyInMeters from decimal-place precision (conservative). | epi_taxo: acceptedName(match1); authorship_epig(match1); genus_from_scientificName; family_WFO; order_majorGroup_WCVP [2026-03-11] | CoordinateCleaner QA applied without sea test (validity, equal, zeros, capitals, centroids, gbif, institutions) [2026-03-29]","standardized authors names in recordedBy","Colección","M.M.M. & N.M.M. & R.J.R.V. & E.C.N.","N.M.M."
"3847","HEM2025_3847","PreservedSpecimen","Coleccion",NA,"UNICACH","SPECIES","HEM","M.M.M. | N.M.M. | R.J.R.V. | E.C.N.","4554","N.M.M.","E","HEM2025",1,"Polypodium plesiosorum",15.0923888888889,-92.1485277777778,"2014-06-20","change1: Filled coordinateUncertaintyInMeters from decimal-place precision (conservative). | epi_taxo: acceptedName(match1); authorship_epig(match1); genus_from_scientificName; family_WFO; order_majorGroup_WCVP [2026-03-11] | CoordinateCleaner QA applied without sea test (validity, equal, zeros, capitals, centroids, gbif, institutions) [2026-03-29]","standardized authors names in recordedBy","Colección","M.M.M. & N.M.M. & R.J.R.V. & E.C.N.","N.M.M."
"3848","HEM2025_3848","PreservedSpecimen","Coleccion",NA,"UNICACH","SPECIES","HEM","M.M.M. | E.A.M.A.","4650","N.M.M.","E","HEM2025",1,"Polypodium plesiosorum",15.0861111111111,-92.1467222222222,"2014-07-05","change1: Filled coordinateUncertaintyInMeters from decimal-place precision (conservative). | epi_taxo: acceptedName(match1); authorship_epig(match1); genus_from_scientificName; family_WFO; order_majorGroup_WCVP [2026-03-11] | CoordinateCleaner QA applied without sea test (validity, equal, zeros, capitals, centroids, gbif, institutions) [2026-03-29]","standardized authors names in recordedBy","Colección","M.M.M. & E.A.M.A.","N.M.M."
"3849","HEM2025_3849","PreservedSpecimen","Coleccion",NA,"UNICACH","SPECIES","HEM","M.M.M. | A.L.C.","4839","N.M.M.","E","HEM2025",1,"Polypodium plesiosorum",15.0942222222222,-92.1718611111111,"2014-08-15","change1: Filled coordinateUncertaintyInMeters from decimal-place precision (conservative). | epi_taxo: acceptedName(match1); authorship_epig(match1); genus_from_scientificName; family_WFO; order_majorGroup_WCVP [2026-03-11] | CoordinateCleaner QA applied without sea test (validity, equal, zeros, capitals, centroids, gbif, institutions) [2026-03-29]","standardized authors names in recordedBy","Colección","M.M.M. & A.L.C.","N.M.M."
"3850","HEM2025_3850","PreservedSpecimen","Coleccion",NA,"UNICACH","SPECIES","HEM","M.M.M. | A.L.C.","5024","N.M.M.","E","HEM2025",1,"Polypodium plesiosorum",15.1135833333333,-92.1829444444444,"2014-08-19","change1: Filled coordinateUncertaintyInMeters from decimal-place precision (conservative). | epi_taxo: acceptedName(match1); authorship_epig(match1); genus_from_scientificName; family_WFO; order_majorGroup_WCVP [2026-03-11] | CoordinateCleaner QA applied without sea test (validity, equal, zeros, capitals, centroids, gbif, institutions) [2026-03-29]","standardized authors names in recordedBy","Colección","M.M.M. & A.L.C.","N.M.M."
"3851","HEM2025_3851","PreservedSpecimen","Coleccion",NA,"UNICACH","SPECIES","HEM","Camilo, R.M. | M.I.L.R. | N.A.F.R.","2321","N.M.M.","E","HEM2025",1,"Polypodium plesiosorum",15.0928888888889,-92.1475,"2014-07-06","change1: Filled coordinateUncertaintyInMeters from decimal-place precision (conservative). | epi_taxo: acceptedName(match1); authorship_epig(match1); genus_from_scientificName; family_WFO; order_majorGroup_WCVP [2026-03-11] | CoordinateCleaner QA applied without sea test (validity, equal, zeros, capitals, centroids, gbif, institutions) [2026-03-29]","standardized authors names in recordedBy","Colección","R.M. Camilo & M.I.L.R. & N.A.F.R.","N.M.M."
"3852","HEM2025_3852","PreservedSpecimen","Coleccion",NA,"UNICACH","SPECIES","HEM","N.M.M. | M.M.M. | R.V.H.","3670","N.M.M.","E","HEM2025",1,"Polypodium plesiosorum",15.1259444444444,-92.18,"2014-09-24","change1: Filled coordinateUncertaintyInMeters from decimal-place precision (conservative). | epi_taxo: acceptedName(match1); authorship_epig(match1); genus_from_scientificName; family_WFO; order_majorGroup_WCVP [2026-03-11] | CoordinateCleaner QA applied without sea test (validity, equal, zeros, capitals, centroids, gbif, institutions) [2026-03-29]","standardized authors names in recordedBy","Colección","N.M.M. & M.M.M. & R.V.H.","N.M.M."
"3853","HEM2025_3853","PreservedSpecimen","Coleccion",NA,"UNICACH","SPECIES","HEM","M.M.M. | M.C.R.M.","5130","N.M.M.","E","HEM2025",1,"Polypodium plesiosorum",15.1046944444444,-92.1807222222222,"2014-09-17","change1: Filled coordinateUncertaintyInMeters from decimal-place precision (conservative). | epi_taxo: acceptedName(match1); authorship_epig(match1); genus_from_scientificName; family_WFO; order_majorGroup_WCVP [2026-03-11] | CoordinateCleaner QA applied without sea test (validity, equal, zeros, capitals, centroids, gbif, institutions) [2026-03-29]","standardized authors names in recordedBy","Colección","M.M.M. & M.C.R.M.","N.M.M."
"3854","HEM2025_3854","PreservedSpecimen","Coleccion",NA,"UNICACH","SPECIES","HEM","M.M.M. | M.C.R.M.","5305","N.M.M.","E","HEM2025",1,"Polypodium plesiosorum",15.0847222222222,-92.175,"2014-09-22","change1: Filled coordinateUncertaintyInMeters from decimal-place precision (conservative). | epi_taxo: acceptedName(match1); authorship_epig(match1); genus_from_scientificName; family_WFO; order_majorGroup_WCVP [2026-03-11] | CoordinateCleaner QA applied without sea test (validity, equal, zeros, capitals, centroids, gbif, institutions) [2026-03-29]","standardized authors names in recordedBy","Colección","M.M.M. & M.C.R.M.","N.M.M."
"3855","HEM2025_3855","PreservedSpecimen","Coleccion",NA,"UNICACH","SPECIES","HEM","N.M.M. | M.M.M. | R.V.H.","3797","N.M.M.","E","HEM2025",1,"Polypodium plesiosorum",15.1259444444444,-92.18,"2014-09-24","change1: Filled coordinateUncertaintyInMeters from decimal-place precision (conservative). | epi_taxo: acceptedName(match1); authorship_epig(match1); genus_from_scientificName; family_WFO; order_majorGroup_WCVP [2026-03-11] | CoordinateCleaner QA applied without sea test (validity, equal, zeros, capitals, centroids, gbif, institutions) [2026-03-29]","standardized authors names in recordedBy","Colección","N.M.M. & M.M.M. & R.V.H.","N.M.M."
"3856","HEM2025_3856","PreservedSpecimen","Coleccion",NA,"UNICACH","SPECIES","HEM","M.M.M. | S.H.J. | V.E.G.J.","5969","N.M.M.","E","HEM2025",1,"Polypodium plesiosorum",15.2297777777778,-92.317,"2015-05-30","change1: Filled coordinateUncertaintyInMeters from decimal-place precision (conservative). | epi_taxo: acceptedName(match1); authorship_epig(match1); genus_from_scientificName; family_WFO; order_majorGroup_WCVP [2026-03-11] | CoordinateCleaner QA applied without sea test (validity, equal, zeros, capitals, centroids, gbif, institutions) [2026-03-29]","standardized authors names in recordedBy","Colección","M.M.M. & S.H.J. & V.E.G.J.","N.M.M."
"3857","HEM2025_3857","PreservedSpecimen","Coleccion",NA,"UNICACH","SPECIES","HEM","N.M.M. | M.M.M. | R.V.H.","4571","N.M.M.","E","HEM2025",1,"Polypodium plesiosorum",15.1133888888889,-92.0948055555556,"2015-06-02","change1: Filled coordinateUncertaintyInMeters from decimal-place precision (conservative). | epi_taxo: acceptedName(match1); authorship_epig(match1); genus_from_scientificName; family_WFO; order_majorGroup_WCVP [2026-03-11] | CoordinateCleaner QA applied without sea test (validity, equal, zeros, capitals, centroids, gbif, institutions) [2026-03-29]","standardized authors names in recordedBy","Colección","N.M.M. & M.M.M. & R.V.H.","N.M.M."
"3858","HEM2025_3858","PreservedSpecimen","Coleccion",NA,"UNICACH","SPECIES","HEM","N.M.M.","1138","Camilo, R.M.","E","HEM2025",1,"Polypodium pleurosorum",15.6641666666667,-92.8136111111111,"2005-08-06","change1: Filled coordinateUncertaintyInMeters from decimal-place precision (conservative). | epi_taxo: acceptedName(match1); authorship_epig(match1); genus_from_scientificName; family_WFO; order_majorGroup_WCVP [2026-03-11] | CoordinateCleaner QA applied without sea test (validity, equal, zeros, capitals, centroids, gbif, institutions) [2026-03-29]","standardized authors names in identifiedBy","Colección","N.M.M.","R.M. Camilo"
"3859","HEM2025_3859","PreservedSpecimen","Coleccion",NA,"UNICACH","SPECIES","HEM","N.M.M.","1048-bis","Perez-Farrera, M.A.","E","HEM2025",1,"Polypodium pleurosorum",15.4593333333333,-92.6576111111111,"2005-07-23","change1: Filled coordinateUncertaintyInMeters from decimal-place precision (conservative). | epi_taxo: acceptedName(match1); authorship_epig(match1); genus_from_scientificName; family_WFO; order_majorGroup_WCVP [2026-03-11] | CoordinateCleaner QA applied without sea test (validity, equal, zeros, capitals, centroids, gbif, institutions) [2026-03-29]","standardized authors names in identifiedBy","Colección","N.M.M.","M.A. Pérez-Farrera"
"3860","HEM2025_3860","PreservedSpecimen","Coleccion",NA,"UNICACH","SPECIES","HEM","Perez-Farrera, M.A.","1023","J.C.R.","E","HEM2025",1,"Polypodium pleurosorum",15.6641666666667,-92.8136111111111,"1996-08-09","change1: Filled coordinateUncertaintyInMeters from decimal-place precision (conservative). | epi_taxo: acceptedName(match1); authorship_epig(match1); genus_from_scientificName; family_WFO; order_majorGroup_WCVP [2026-03-11] | CoordinateCleaner QA applied without sea test (validity, equal, zeros, capitals, centroids, gbif, institutions) [2026-03-29]","standardized authors names in recordedBy","Colección","M.A. Pérez-Farrera","J.C.R."
"3861","HEM2025_3861","PreservedSpecimen","Coleccion",NA,"UNICACH","SPECIES","HEM","R.R.S.","615","R.R.S.","E","HEM2025",1,"Polypodium pleurosorum",15.5490833333333,-92.6077222222222,"2005-08-06","change1: Filled coordinateUncertaintyInMeters from decimal-place precision (conservative). | epi_taxo: acceptedName(match1); authorship_epig(match1); genus_from_scientificName; family_WFO; order_majorGroup_WCVP [2026-03-11] | CoordinateCleaner QA applied without sea test (validity, equal, zeros, capitals, centroids, gbif, institutions) [2026-03-29]","","Colección","R.R.S.","R.R.S."
"3862","HEM2025_3862","PreservedSpecimen","Coleccion",NA,"UNICACH","SPECIES","HEM","J.A.V.V.","14","E.V.M.","E","HEM2025",1,"Polypodium pleurosorum",17.1666666666667,-92.5833333333333,"2002-08-18","change1: Filled coordinateUncertaintyInMeters from decimal-place precision (conservative). | epi_taxo: acceptedName(match1); authorship_epig(match1); genus_from_scientificName; family_WFO; order_majorGroup_WCVP [2026-03-11] | CoordinateCleaner QA applied without sea test (validity, equal, zeros, capitals, centroids, gbif, institutions) [2026-03-29]","","Colección","J.A.V.V.","E.V.M."
"3863","HEM2025_3863","PreservedSpecimen","Coleccion",NA,"UNICACH","SPECIES","HEM","F.E.P.C.","97","Perez-Farrera, M.A.","E","HEM2025",1,"Polypodium pleurosorum",15.4805555555556,-92.6055555555556,"1999-01-27","change1: Filled coordinateUncertaintyInMeters from decimal-place precision (conservative). | epi_taxo: acceptedName(match1); authorship_epig(match1); genus_from_scientificName; family_WFO; order_majorGroup_WCVP [2026-03-11] | CoordinateCleaner QA applied without sea test (validity, equal, zeros, capitals, centroids, gbif, institutions) [2026-03-29]","standardized authors names in identifiedBy","Colección","F.E.P.C.","M.A. Pérez-Farrera"
"3864","HEM2025_3864","PreservedSpecimen","Coleccion",NA,"UNICACH","SPECIES","HEM","N.M.M.","2","G.Y.","E","HEM2025",1,"Polypodium pleurosorum",15.7344444444444,-92.9341666666667,"2001-03-23","change1: Filled coordinateUncertaintyInMeters from decimal-place precision (conservative). | epi_taxo: acceptedName(match1); authorship_epig(match1); genus_from_scientificName; family_WFO; order_majorGroup_WCVP [2026-03-11] | CoordinateCleaner QA applied without sea test (validity, equal, zeros, capitals, centroids, gbif, institutions) [2026-03-29]","","Colección","N.M.M.","G.Y."
"3865","HEM2025_3865","PreservedSpecimen","Coleccion",NA,"UNICACH","SPECIES","HEM","Perez-Farrera, M.A.","1350","M.E.L.M.","E","HEM2025",1,"Polypodium pleurosorum",15.7213888888889,-92.9522222222222,"1996-08-09","change1: Filled coordinateUncertaintyInMeters from decimal-place precision (conservative). | epi_taxo: acceptedName(match1); authorship_epig(match1); genus_from_scientificName; family_WFO; order_majorGroup_WCVP [2026-03-11] | CoordinateCleaner QA applied without sea test (validity, equal, zeros, capitals, centroids, gbif, institutions) [2026-03-29]","standardized authors names in recordedBy","Colección","M.A. Pérez-Farrera","M.E.L.M."
"3866","HEM2025_3866","PreservedSpecimen","Coleccion",NA,"UNICACH","SPECIES","HEM","Perez-Farrera, M.A.","1003","M.E.L.M.","E","HEM2025",1,"Polypodium pleurosorum",15.6641666666667,-92.8136111111111,"1996-08-09","change1: Filled coordinateUncertaintyInMeters from decimal-place precision (conservative). | epi_taxo: acceptedName(match1); authorship_epig(match1); genus_from_scientificName; family_WFO; order_majorGroup_WCVP [2026-03-11] | CoordinateCleaner QA applied without sea test (validity, equal, zeros, capitals, centroids, gbif, institutions) [2026-03-29]","standardized authors names in recordedBy","Colección","M.A. Pérez-Farrera","M.E.L.M."
"3867","HEM2025_3867","PreservedSpecimen","Coleccion",NA,"UNICACH","SPECIES","HEM","H.G.D.","1284","H.G.D.","E","HEM2025",1,"Polypodium pleurosorum",15.8138888888889,-93.0305555555556,"2006-04-20","change1: Filled coordinateUncertaintyInMeters from decimal-place precision (conservative). | epi_taxo: acceptedName(match1); authorship_epig(match1); genus_from_scientificName; family_WFO; order_majorGroup_WCVP [2026-03-11] | CoordinateCleaner QA applied without sea test (validity, equal, zeros, capitals, centroids, gbif, institutions) [2026-03-29]","","Colección","H.G.D.","H.G.D."
"3868","HEM2025_3868","PreservedSpecimen","Coleccion",NA,"UNICACH","SPECIES","HEM","J.M.M.","1205","M.E.L.M.","E","HEM2025",1,"Polypodium pleurosorum",15.4841388888889,-92.6805277777778,"2006-03-23","change1: Filled coordinateUncertaintyInMeters from decimal-place precision (conservative). | epi_taxo: acceptedName(match1); authorship_epig(match1); genus_from_scientificName; family_WFO; order_majorGroup_WCVP [2026-03-11] | CoordinateCleaner QA applied without sea test (validity, equal, zeros, capitals, centroids, gbif, institutions) [2026-03-29]","","Colección","J.M.M.","M.E.L.M."
"3869","HEM2025_3869","PreservedSpecimen","Coleccion",NA,"UNICACH","SPECIES","HEM","A.M.","9365","V.A.G.L.","E","HEM2025",1,"Polypodium pleurosorum",15.6441666666667,-92.8275,"1990-06-14","change1: Filled coordinateUncertaintyInMeters from decimal-place precision (conservative). | epi_taxo: acceptedName(match1); authorship_epig(match1); genus_from_scientificName; family_WFO; order_majorGroup_WCVP [2026-03-11] | CoordinateCleaner QA applied without sea test (validity, equal, zeros, capitals, centroids, gbif, institutions) [2026-03-29]","","Colección","A.M.","V.A.G.L."
"3870","HEM2025_3870","PreservedSpecimen","Coleccion",NA,"UNICACH","SPECIES","HEM","Camilo, R.M.","145","R.R.S.","E","HEM2025",1,"Polypodium pleurosorum",15.7205555555556,-92.9377777777778,"2001-07-30","change1: Filled coordinateUncertaintyInMeters from decimal-place precision (conservative). | epi_taxo: acceptedName(match1); authorship_epig(match1); genus_from_scientificName; family_WFO; order_majorGroup_WCVP [2026-03-11] | CoordinateCleaner QA applied without sea test (validity, equal, zeros, capitals, centroids, gbif, institutions) [2026-03-29]","standardized authors names in recordedBy","Colección","R.M. Camilo","R.R.S."
"3871","HEM2025_3871","PreservedSpecimen","Coleccion",NA,"UNICACH","SPECIES","HEM","M.M.M. | M.D.E.M.","750","Perez-Farrera, M.A.","E","HEM2025",1,"Polypodium pleurosorum",15.2596666666667,-92.2186388888889,"2013-02-10","change1: Filled coordinateUncertaintyInMeters from decimal-place precision (conservative). | epi_taxo: acceptedName(match1); authorship_epig(match1); genus_from_scientificName; family_WFO; order_majorGroup_WCVP [2026-03-11] | CoordinateCleaner QA applied without sea test (validity, equal, zeros, capitals, centroids, gbif, institutions) [2026-03-29]","standardized authors names in recordedBy / standardized authors names in identifiedBy","Colección","M.M.M. & M.D.E.M.","M.A. Pérez-Farrera"
"3872","HEM2025_3872","PreservedSpecimen","Coleccion",NA,"UNICACH","SPECIES","HEM","M.M.M. | Camilo, R.M.","1166","Perez-Farrera, M.A.","E","HEM2025",1,"Polypodium pleurosorum",15.1126388888889,-92.0980555555555,"2013-04-04","change1: Filled coordinateUncertaintyInMeters from decimal-place precision (conservative). | epi_taxo: acceptedName(match1); authorship_epig(match1); genus_from_scientificName; family_WFO; order_majorGroup_WCVP [2026-03-11] | CoordinateCleaner QA applied without sea test (validity, equal, zeros, capitals, centroids, gbif, institutions) [2026-03-29]","standardized authors names in recordedBy / standardized authors names in identifiedBy","Colección","M.M.M. & R.M. Camilo","M.A. Pérez-Farrera"
"3873","HEM2025_3873","PreservedSpecimen","Coleccion",NA,"UNICACH","SPECIES","HEM","M.M.M. | M.D.E.M.","1512","Perez-Farrera, M.A.","E","HEM2025",1,"Polypodium pleurosorum",15.0990833333333,-92.0988333333333,"2013-05-02","change1: Filled coordinateUncertaintyInMeters from decimal-place precision (conservative). | epi_taxo: acceptedName(match1); authorship_epig(match1); genus_from_scientificName; family_WFO; order_majorGroup_WCVP [2026-03-11] | CoordinateCleaner QA applied without sea test (validity, equal, zeros, capitals, centroids, gbif, institutions) [2026-03-29]","standardized authors names in recordedBy / standardized authors names in identifiedBy","Colección","M.M.M. & M.D.E.M.","M.A. Pérez-Farrera"
"3874","HEM2025_3874","PreservedSpecimen","Coleccion",NA,"UNICACH","SPECIES","HEM","N.M.M. | M.M.M. | R.V.H.","3058","N.M.M.","E","HEM2025",1,"Polypodium pleurosorum",15.1036666666667,-92.1015277777778,"2014-09-22","change1: Filled coordinateUncertaintyInMeters from decimal-place precision (conservative). | epi_taxo: acceptedName(match1); authorship_epig(match1); genus_from_scientificName; family_WFO; order_majorGroup_WCVP [2026-03-11] | CoordinateCleaner QA applied without sea test (validity, equal, zeros, capitals, centroids, gbif, institutions) [2026-03-29]","standardized authors names in recordedBy","Colección","N.M.M. & M.M.M. & R.V.H.","N.M.M."
"3875","HEM2025_3875","PreservedSpecimen","Coleccion",NA,"UNICACH","SPECIES","HEM","N.M.M. | M.M.M. | R.V.H.","3486","N.M.M.","E","HEM2025",1,"Polypodium pleurosorum",15.1080277777778,-92.108,"2014-09-24","change1: Filled coordinateUncertaintyInMeters from decimal-place precision (conservative). | epi_taxo: acceptedName(match1); authorship_epig(match1); genus_from_scientificName; family_WFO; order_majorGroup_WCVP [2026-03-11] | CoordinateCleaner QA applied without sea test (validity, equal, zeros, capitals, centroids, gbif, institutions) [2026-03-29]","standardized authors names in recordedBy","Colección","N.M.M. & M.M.M. & R.V.H.","N.M.M."
"3876","HEM2025_3876","PreservedSpecimen","Coleccion",NA,"UNICACH","SPECIES","HEM","N.M.M. | M.M.M. | R.V.H.","3756","N.M.M.","E","HEM2025",1,"Polypodium pleurosorum",15.1259444444444,-92.18,"2014-09-24","change1: Filled coordinateUncertaintyInMeters from decimal-place precision (conservative). | epi_taxo: acceptedName(match1); authorship_epig(match1); genus_from_scientificName; family_WFO; order_majorGroup_WCVP [2026-03-11] | CoordinateCleaner QA applied without sea test (validity, equal, zeros, capitals, centroids, gbif, institutions) [2026-03-29]","standardized authors names in recordedBy","Colección","N.M.M. & M.M.M. & R.V.H.","N.M.M."
"3877","HEM2025_3877","PreservedSpecimen","Coleccion",NA,"UNICACH","SPECIES","HEM","Perez-Farrera, M.A.","977","Perez-Farrera, M.A.","E","HEM2025",1,"Polypodium pleurosorum",15.6641666666667,-92.8136111111111,"1996-08-09","change1: Filled coordinateUncertaintyInMeters from decimal-place precision (conservative). | epi_taxo: acceptedName(match1); authorship_epig(match1); genus_from_scientificName; family_WFO; order_majorGroup_WCVP [2026-03-11] | CoordinateCleaner QA applied without sea test (validity, equal, zeros, capitals, centroids, gbif, institutions) [2026-03-29]","standardized authors names in recordedBy / standardized authors names in identifiedBy","Colección","M.A. Pérez-Farrera","M.A. Pérez-Farrera"
"3878","HEM2025_3878","PreservedSpecimen","Coleccion",NA,"UNICACH","SPECIES","HEM","M.M.M. | S.H.J. | J.A.B.B.","5833","N.M.M.","E","HEM2025",1,"Polypodium pleurosorum",15.2288611111111,-92.3057777777778,"2015-05-02","change1: Filled coordinateUncertaintyInMeters from decimal-place precision (conservative). | epi_taxo: acceptedName(match1); authorship_epig(match1); genus_from_scientificName; family_WFO; order_majorGroup_WCVP [2026-03-11] | CoordinateCleaner QA applied without sea test (validity, equal, zeros, capitals, centroids, gbif, institutions) [2026-03-29]","standardized authors names in recordedBy","Colección","M.M.M. & S.H.J. & J.A.B.B.","N.M.M."
"3879","HEM2025_3879","PreservedSpecimen","Coleccion",NA,"UNICACH","SPECIES","HEM","M.M.M. | S.H.J. | V.E.G.J.","5937","N.M.M.","E","HEM2025",1,"Polypodium pleurosorum",15.2297777777778,-92.317,"2015-05-30","change1: Filled coordinateUncertaintyInMeters from decimal-place precision (conservative). | epi_taxo: acceptedName(match1); authorship_epig(match1); genus_from_scientificName; family_WFO; order_majorGroup_WCVP [2026-03-11] | CoordinateCleaner QA applied without sea test (validity, equal, zeros, capitals, centroids, gbif, institutions) [2026-03-29]","standardized authors names in recordedBy","Colección","M.M.M. & S.H.J. & V.E.G.J.","N.M.M."
"3880","HEM2025_3880","PreservedSpecimen","Coleccion",NA,"UNICACH","SPECIES","HEM","M.M.M. | S.H.J. | V.E.G.J.","6001","N.M.M.","E","HEM2025",1,"Polypodium pleurosorum",15.2405277777778,-92.3088333333333,"2015-05-31","change1: Filled coordinateUncertaintyInMeters from decimal-place precision (conservative). | epi_taxo: acceptedName(match1); authorship_epig(match1); genus_from_scientificName; family_WFO; order_majorGroup_WCVP [2026-03-11] | CoordinateCleaner QA applied without sea test (validity, equal, zeros, capitals, centroids, gbif, institutions) [2026-03-29]","standardized authors names in recordedBy","Colección","M.M.M. & S.H.J. & V.E.G.J.","N.M.M."
"3881","HEM2025_3881","PreservedSpecimen","Coleccion",NA,"UNICACH","SPECIES","HEM","Perez-Farrera, M.A.","1032","J.C.R.","E","HEM2025",1,"Polypodium pleurosorum",15.6641666666667,-92.8136111111111,"1996-08-09","change1: Filled coordinateUncertaintyInMeters from decimal-place precision (conservative). | epi_taxo: acceptedName(match1); authorship_epig(match1); genus_from_scientificName; family_WFO; order_majorGroup_WCVP [2026-03-11] | CoordinateCleaner QA applied without sea test (validity, equal, zeros, capitals, centroids, gbif, institutions) [2026-03-29]","standardized authors names in recordedBy","Colección","M.A. Pérez-Farrera","J.C.R."
"3882","HEM2025_3882","PreservedSpecimen","Coleccion",NA,"UNICACH","SPECIES","HEM","C.M.Z.","1","E.V.M.","E","HEM2025",1,"Polypodium pleurosorum",16.8833333333333,-93.1105555555555,"1998-11-23","change1: Filled coordinateUncertaintyInMeters from decimal-place precision (conservative). | epi_taxo: acceptedName(match1); authorship_epig(match1); genus_from_scientificName; family_WFO; order_majorGroup_WCVP [2026-03-11] | CoordinateCleaner QA applied without sea test (validity, equal, zeros, capitals, centroids, gbif, institutions) [2026-03-29]","","Colección","C.M.Z.","E.V.M."
"3883","HEM2025_3883","PreservedSpecimen","Coleccion",NA,"UNICACH","SPECIES","HEM","Perez-Farrera, M.A.","1023","J.C.R.","E","HEM2025",1,"Polypodium pleurosorum",15.6441666666667,-92.8275,"1996-08-09","change1: Filled coordinateUncertaintyInMeters from decimal-place precision (conservative). | epi_taxo: acceptedName(match1); authorship_epig(match1); genus_from_scientificName; family_WFO; order_majorGroup_WCVP [2026-03-11] | CoordinateCleaner QA applied without sea test (validity, equal, zeros, capitals, centroids, gbif, institutions) [2026-03-29]","standardized authors names in recordedBy","Colección","M.A. Pérez-Farrera","J.C.R."
"3884","HEM2025_3884","PreservedSpecimen","Coleccion",NA,"UNICACH","SPECIES","HEM","M.E.L.M.","115","M.E.L.M.","E","HEM2025",1,"Polypodium pleurosorum",15.6638888888889,-92.8202777777778,"1998-02-25","change1: Filled coordinateUncertaintyInMeters from decimal-place precision (conservative). | epi_taxo: acceptedName(match1); authorship_epig(match1); genus_from_scientificName; family_WFO; order_majorGroup_WCVP [2026-03-11] | CoordinateCleaner QA applied without sea test (validity, equal, zeros, capitals, centroids, gbif, institutions) [2026-03-29]","","Colección","M.E.L.M.","M.E.L.M."
"3885","HEM2025_3885","PreservedSpecimen","Coleccion",NA,"UNICACH","SPECIES","HEM","S.O.G. | N.R.M. | T.J.S.V.","4290","L.M.A.S.","E","HEM2025",1,"Pleopeltis minima",16.8977777777778,-92.7380555555556,"1993-10-28","change1: Filled coordinateUncertaintyInMeters from decimal-place precision (conservative). | epi_taxo: acceptedName(match1); authorship_epig(match1); genus_from_scientificName; family_WFO; order_majorGroup_WCVP [2026-03-11] | CoordinateCleaner QA applied without sea test (validity, equal, zeros, capitals, centroids, gbif, institutions) [2026-03-29]","standardized authors names in recordedBy","Colección","S.O.G. & N.R.M. & T.J.S.V.","L.M.A.S."
"3886","HEM2025_3886","PreservedSpecimen","Coleccion",NA,"UNICACH","SPECIES","HEM","G.G.G.","10","Perez-Farrera, M.A.","E","HEM2025",1,"Pleopeltis minima",16.7152777777778,-92.0922222222222,"2003-04-03","change1: Filled coordinateUncertaintyInMeters from decimal-place precision (conservative). | epi_taxo: acceptedName(match1); authorship_epig(match1); genus_from_scientificName; family_WFO; order_majorGroup_WCVP [2026-03-11] | CoordinateCleaner QA applied without sea test (validity, equal, zeros, capitals, centroids, gbif, institutions) [2026-03-29]","standardized authors names in identifiedBy","Colección","G.G.G.","M.A. Pérez-Farrera"
"3887","HEM2025_3887","PreservedSpecimen","Coleccion",NA,"UNICACH","SPECIES","HEM","G.G.G.","10","Perez-Farrera, M.A.","E","HEM2025",1,"Pleopeltis minima",16.7152777777778,-92.0922222222222,"2003-04-03","change1: Filled coordinateUncertaintyInMeters from decimal-place precision (conservative). | epi_taxo: acceptedName(match1); authorship_epig(match1); genus_from_scientificName; family_WFO; order_majorGroup_WCVP [2026-03-11] | CoordinateCleaner QA applied without sea test (validity, equal, zeros, capitals, centroids, gbif, institutions) [2026-03-29]","standardized authors names in identifiedBy","Colección","G.G.G.","M.A. Pérez-Farrera"
"3888","HEM2025_3888","PreservedSpecimen","Coleccion",NA,"UNICACH","SPECIES","HEM","R.T.S.","3","Perez-Farrera, M.A.","E","HEM2025",1,"Pleopeltis minima",16.7775,-92.9775,"2003-04-19","change1: Filled coordinateUncertaintyInMeters from decimal-place precision (conservative). | epi_taxo: acceptedName(match1); authorship_epig(match1); genus_from_scientificName; family_WFO; order_majorGroup_WCVP [2026-03-11] | CoordinateCleaner QA applied without sea test (validity, equal, zeros, capitals, centroids, gbif, institutions) [2026-03-29]","standardized authors names in identifiedBy","Colección","R.T.S.","M.A. Pérez-Farrera"
"3889","HEM2025_3889","PreservedSpecimen","Coleccion",NA,"UNICACH","SPECIES","HEM","A.E.G.C.","5","Perez-Farrera, M.A.","E","HEM2025",1,"Pleopeltis minima",17.4941666666667,-92.0108333333333,"2003-02-16","change1: Filled coordinateUncertaintyInMeters from decimal-place precision (conservative). | epi_taxo: acceptedName(match1); authorship_epig(match1); genus_from_scientificName; family_WFO; order_majorGroup_WCVP [2026-03-11] | CoordinateCleaner QA applied without sea test (validity, equal, zeros, capitals, centroids, gbif, institutions) [2026-03-29]","standardized authors names in identifiedBy","Colección","A.E.G.C.","M.A. Pérez-Farrera"
"3890","HEM2025_3890","PreservedSpecimen","Coleccion",NA,"UNICACH","SPECIES","HEM","F.A.A.I.","31","Perez-Farrera, M.A.","E","HEM2025",1,"Pleopeltis minima",16.7405555555556,-92.7844444444444,"2003-03-20","change1: Filled coordinateUncertaintyInMeters from decimal-place precision (conservative). | epi_taxo: acceptedName(match1); authorship_epig(match1); genus_from_scientificName; family_WFO; order_majorGroup_WCVP [2026-03-11] | CoordinateCleaner QA applied without sea test (validity, equal, zeros, capitals, centroids, gbif, institutions) [2026-03-29]","standardized authors names in identifiedBy","Colección","F.A.A.I.","M.A. Pérez-Farrera"
"3891","HEM2025_3891","PreservedSpecimen","Coleccion",NA,"UNICACH","SPECIES","HEM","F.A.A.I.","31","Perez-Farrera, M.A.","E","HEM2025",1,"Pleopeltis minima",16.7405555555556,-92.7844444444444,"2003-03-20","change1: Filled coordinateUncertaintyInMeters from decimal-place precision (conservative). | epi_taxo: acceptedName(match1); authorship_epig(match1); genus_from_scientificName; family_WFO; order_majorGroup_WCVP [2026-03-11] | CoordinateCleaner QA applied without sea test (validity, equal, zeros, capitals, centroids, gbif, institutions) [2026-03-29]","standardized authors names in identifiedBy","Colección","F.A.A.I.","M.A. Pérez-Farrera"
"3892","HEM2025_3892","PreservedSpecimen","Coleccion",NA,"UNICACH","SPECIES","HEM","G.B.","ND","Perez-Farrera, M.A.","E","HEM2025",1,"Polypodium puberulum",17.1305555555556,-93.1583333333333,"1993-10-21","change1: Filled coordinateUncertaintyInMeters from decimal-place precision (conservative). | epi_taxo: acceptedName(match1); authorship_epig(match1); genus_from_scientificName; family_WFO; order_majorGroup_WCVP [2026-03-11] | CoordinateCleaner QA applied without sea test (validity, equal, zeros, capitals, centroids, gbif, institutions) [2026-03-29]","standardized authors names in identifiedBy","Colección","G.B.","M.A. Pérez-Farrera"
"3893","HEM2025_3893","PreservedSpecimen","Coleccion",NA,"UNICACH","SPECIES","HEM","M.M.M. | M.C.R.M.","5071","N.M.M.","E","HEM2025",3,"Pecluma plumula",15.0993611111111,-92.1659722222222,"2014-09-16","change1: Filled coordinateUncertaintyInMeters from decimal-place precision (conservative). | epi_taxo: acceptedName(match1); authorship_epig(match1); genus_from_scientificName; family_WFO; order_majorGroup_WCVP [2026-03-11] | CoordinateCleaner QA applied without sea test (validity, equal, zeros, capitals, centroids, gbif, institutions) [2026-03-29]","standardized authors names in recordedBy","Colección","M.M.M. & M.C.R.M.","N.M.M."
"3894","HEM2025_3894","PreservedSpecimen","Coleccion",NA,"UNICACH","SPECIES","HEM","Camilo, R.M.","259","Perez-Farrera, M.A.","E","HEM2025",1,"Polypodium pyrrholepis",15.7,-92.9805555555556,"2001-12-21","change1: Filled coordinateUncertaintyInMeters from decimal-place precision (conservative). | epi_taxo: acceptedName(match1); authorship_epig(match1); genus_from_scientificName; family_WFO; order_majorGroup_WCVP [2026-03-11] | CoordinateCleaner QA applied without sea test (validity, equal, zeros, capitals, centroids, gbif, institutions) [2026-03-29]","standardized authors names in recordedBy / standardized authors names in identifiedBy","Colección","R.M. Camilo","M.A. Pérez-Farrera"
"3895","HEM2025_3895","PreservedSpecimen","Coleccion",NA,"UNICACH","SPECIES","HEM","M.E.L.M.","361","M.E.L.M.","E","HEM2025",1,"Pleopeltis remota",15.9002777777778,-93.2411111111111,"1999-04-30","change1: Filled coordinateUncertaintyInMeters from decimal-place precision (conservative). | epi_taxo: acceptedName(match1); authorship_epig(match1); genus_from_scientificName; family_WFO; order_majorGroup_WCVP [2026-03-11] | CoordinateCleaner QA applied without sea test (validity, equal, zeros, capitals, centroids, gbif, institutions) [2026-03-29]","","Colección","M.E.L.M.","M.E.L.M."
"3896","HEM2025_3896","PreservedSpecimen","Coleccion",NA,"UNICACH","SPECIES","HEM","M.M.M. | M.A.D.V.","1874","N.M.M.","E","HEM2025",1,"Pleopeltis remota",15.0820555555556,-92.1015277777778,"2013-05-30","change1: Filled coordinateUncertaintyInMeters from decimal-place precision (conservative). | epi_taxo: acceptedName(match1); authorship_epig(match1); genus_from_scientificName; family_WFO; order_majorGroup_WCVP [2026-03-11] | CoordinateCleaner QA applied without sea test (validity, equal, zeros, capitals, centroids, gbif, institutions) [2026-03-29]","standardized authors names in recordedBy","Colección","M.M.M. & M.A.D.V.","N.M.M."
"3897","HEM2025_3897","PreservedSpecimen","Coleccion",NA,"UNICACH","SPECIES","HEM","M.M.M. | E.A.M.A.","4673","N.M.M.","E","HEM2025",1,"Pleopeltis remota",15.0861111111111,-92.1467222222222,"2014-07-05","change1: Filled coordinateUncertaintyInMeters from decimal-place precision (conservative). | epi_taxo: acceptedName(match1); authorship_epig(match1); genus_from_scientificName; family_WFO; order_majorGroup_WCVP [2026-03-11] | CoordinateCleaner QA applied without sea test (validity, equal, zeros, capitals, centroids, gbif, institutions) [2026-03-29]","standardized authors names in recordedBy","Colección","M.M.M. & E.A.M.A.","N.M.M."
"3898","HEM2025_3898","PreservedSpecimen","Coleccion",NA,"UNICACH","SPECIES","HEM","M.M.M. | Camilo, R.M. | E.A.M.A. | M.I.L.R. | N.A.F.R.","4755","N.M.M.","E","HEM2025",1,"Pleopeltis remota",15.0926111111111,-92.1466944444444,"2014-07-07","change1: Filled coordinateUncertaintyInMeters from decimal-place precision (conservative). | epi_taxo: acceptedName(match1); authorship_epig(match1); genus_from_scientificName; family_WFO; order_majorGroup_WCVP [2026-03-11] | CoordinateCleaner QA applied without sea test (validity, equal, zeros, capitals, centroids, gbif, institutions) [2026-03-29]","standardized authors names in recordedBy","Colección","M.M.M. & R.M. Camilo & E.A.M.A. & M.I.L.R. & N.A.F.R.","N.M.M."
"3899","HEM2025_3899","PreservedSpecimen","Coleccion",NA,"UNICACH","SPECIES","HEM","M.M.M. | E.A.M.A.","4799","N.M.M.","E","HEM2025",1,"Pleopeltis remota",15.0935,-92.1405,"2014-07-08","change1: Filled coordinateUncertaintyInMeters from decimal-place precision (conservative). | epi_taxo: acceptedName(match1); authorship_epig(match1); genus_from_scientificName; family_WFO; order_majorGroup_WCVP [2026-03-11] | CoordinateCleaner QA applied without sea test (validity, equal, zeros, capitals, centroids, gbif, institutions) [2026-03-29]","standardized authors names in recordedBy","Colección","M.M.M. & E.A.M.A.","N.M.M."
"3900","HEM2025_3900","PreservedSpecimen","Coleccion",NA,"UNICACH","SPECIES","HEM","N.M.M. | M.M.M. | R.V.H.","3134","N.M.M.","E","HEM2025",1,"Pleopeltis remota",15.1036666666667,-92.1015277777778,"2014-09-24","change1: Filled coordinateUncertaintyInMeters from decimal-place precision (conservative). | epi_taxo: acceptedName(match1); authorship_epig(match1); genus_from_scientificName; family_WFO; order_majorGroup_WCVP [2026-03-11] | CoordinateCleaner QA applied without sea test (validity, equal, zeros, capitals, centroids, gbif, institutions) [2026-03-29]","standardized authors names in recordedBy","Colección","N.M.M. & M.M.M. & R.V.H.","N.M.M."
"3901","HEM2025_3901","PreservedSpecimen","Coleccion",NA,"UNICACH","SPECIES","HEM","N.M.M. | M.M.M. | R.V.H.","4269","N.M.M.","E","HEM2025",1,"Pleopeltis remota",15.0956944444444,-92.0981666666667,"2015-05-04","change1: Filled coordinateUncertaintyInMeters from decimal-place precision (conservative). | epi_taxo: acceptedName(match1); authorship_epig(match1); genus_from_scientificName; family_WFO; order_majorGroup_WCVP [2026-03-11] | CoordinateCleaner QA applied without sea test (validity, equal, zeros, capitals, centroids, gbif, institutions) [2026-03-29]","standardized authors names in recordedBy","Colección","N.M.M. & M.M.M. & R.V.H.","N.M.M."
"3902","HEM2025_3902","PreservedSpecimen","Coleccion",NA,"UNICACH","SPECIES","HEM","J.G.L.M.","22","E.V.M.","E","HEM2025",1,"Polypodium rhodopleuron",16.8819444444444,-93.3227777777778,"2003-05-05","change1: Filled coordinateUncertaintyInMeters from decimal-place precision (conservative). | epi_taxo: acceptedName(match1); authorship_epig(match1); genus_from_scientificName; family_WFO; order_majorGroup_WCVP [2026-03-11] | CoordinateCleaner QA applied without sea test (validity, equal, zeros, capitals, centroids, gbif, institutions) [2026-03-29]","","Colección","J.G.L.M.","E.V.M."
"3903","HEM2025_3903","PreservedSpecimen","Coleccion",NA,"UNICACH","SPECIES","HEM","Najarro, F.H.","1857","Najarro, F.H.","E","HEM2025",3,"Polypodium mindense",15.0891666666667,-92.0961111111111,"2005-07-28","change1: Filled coordinateUncertaintyInMeters from decimal-place precision (conservative). | epi_taxo: acceptedName(match1); authorship_epig(match1); genus_from_scientificName; family_WFO; order_majorGroup_WCVP [2026-03-11] | CoordinateCleaner QA applied without sea test (validity, equal, zeros, capitals, centroids, gbif, institutions) [2026-03-29]","standardized authors names in recordedBy / standardized authors names in identifiedBy","Colección","F.H. Najarro","F.H. Najarro"
"3904","HEM2025_3904","PreservedSpecimen","Coleccion",NA,"UNICACH","SPECIES","HEM","M.E.L.M.","250","M.E.L.M.","E","HEM2025",1,"Polypodium sanctae-rosae",15.8166666666667,-93.0744444444444,"1999-03-16","change1: Filled coordinateUncertaintyInMeters from decimal-place precision (conservative). | epi_taxo: acceptedName(match1); authorship_epig(match1); genus_from_scientificName; family_WFO; order_majorGroup_WCVP [2026-03-11] | CoordinateCleaner QA applied without sea test (validity, equal, zeros, capitals, centroids, gbif, institutions) [2026-03-29]","","Colección","M.E.L.M.","M.E.L.M."
"3905","HEM2025_3905","PreservedSpecimen","Coleccion",NA,"UNICACH","SPECIES","HEM","J.M.M.","1140","M.E.L.M.","E","HEM2025",1,"Polypodium sanctae-rosae",15.8213888888889,-93.0488888888889,"2005-08-27","change1: Filled coordinateUncertaintyInMeters from decimal-place precision (conservative). | epi_taxo: acceptedName(match1); authorship_epig(match1); genus_from_scientificName; family_WFO; order_majorGroup_WCVP [2026-03-11] | CoordinateCleaner QA applied without sea test (validity, equal, zeros, capitals, centroids, gbif, institutions) [2026-03-29]","","Colección","J.M.M.","M.E.L.M."
"3906","HEM2025_3906","PreservedSpecimen","Coleccion",NA,"UNICACH","SPECIES","HEM","Perez-Farrera, M.A.","1941","Perez-Farrera, M.A.","E","HEM2025",1,"Polypodium sanctae-rosae",16.5108333333333,-94.1275,"1999-05-20","change1: Filled coordinateUncertaintyInMeters from decimal-place precision (conservative). | epi_taxo: acceptedName(match1); authorship_epig(match1); genus_from_scientificName; family_WFO; order_majorGroup_WCVP [2026-03-11] | CoordinateCleaner QA applied without sea test (validity, equal, zeros, capitals, centroids, gbif, institutions) [2026-03-29]","standardized authors names in recordedBy / standardized authors names in identifiedBy","Colección","M.A. Pérez-Farrera","M.A. Pérez-Farrera"
"3907","HEM2025_3907","PreservedSpecimen","Coleccion",NA,"UNICACH","SPECIES","HEM","Perez-Farrera, M.A.","235","Perez-Farrera, M.A.","E","HEM2025",1,"Polypodium sanctae-rosae",16.1944444444444,-93.6083333333333,"1995-04-03","change1: Filled coordinateUncertaintyInMeters from decimal-place precision (conservative). | epi_taxo: acceptedName(match1); authorship_epig(match1); genus_from_scientificName; family_WFO; order_majorGroup_WCVP [2026-03-11] | CoordinateCleaner QA applied without sea test (validity, equal, zeros, capitals, centroids, gbif, institutions) [2026-03-29]","standardized authors names in recordedBy / standardized authors names in identifiedBy","Colección","M.A. Pérez-Farrera","M.A. Pérez-Farrera"
"3908","HEM2025_3908","PreservedSpecimen","Coleccion",NA,"UNICACH","SPECIES","HEM","Perez-Farrera, M.A.","398","Perez-Farrera, M.A.","E","HEM2025",1,"Polypodium sanctae-rosae",16.1972222222222,-93.7083333333333,"1995-05-24","change1: Filled coordinateUncertaintyInMeters from decimal-place precision (conservative). | epi_taxo: acceptedName(match1); authorship_epig(match1); genus_from_scientificName; family_WFO; order_majorGroup_WCVP [2026-03-11] | CoordinateCleaner QA applied without sea test (validity, equal, zeros, capitals, centroids, gbif, institutions) [2026-03-29]","standardized authors names in recordedBy / standardized authors names in identifiedBy","Colección","M.A. Pérez-Farrera","M.A. Pérez-Farrera"
"3909","HEM2025_3909","PreservedSpecimen","Coleccion",NA,"UNICACH","SPECIES","HEM","M.E.L.M.","364","A.R.S.","E","HEM2025",1,"Polypodium sanctae-rosae",15.8541666666667,-93.2180555555556,"1999-05-25","change1: Filled coordinateUncertaintyInMeters from decimal-place precision (conservative). | epi_taxo: acceptedName(match1); authorship_epig(match1); genus_from_scientificName; family_WFO; order_majorGroup_WCVP [2026-03-11] | CoordinateCleaner QA applied without sea test (validity, equal, zeros, capitals, centroids, gbif, institutions) [2026-03-29]","","Colección","M.E.L.M.","A.R.S."
"3910","HEM2025_3910","PreservedSpecimen","Coleccion",NA,"UNICACH","SPECIES","HEM","J.M.M.","1480","M.E.L.M.","E","HEM2025",1,"Polypodium sanctae-rosae",15.8213888888889,-93.0488888888889,"2006-07-24","change1: Filled coordinateUncertaintyInMeters from decimal-place precision (conservative). | epi_taxo: acceptedName(match1); authorship_epig(match1); genus_from_scientificName; family_WFO; order_majorGroup_WCVP [2026-03-11] | CoordinateCleaner QA applied without sea test (validity, equal, zeros, capitals, centroids, gbif, institutions) [2026-03-29]","","Colección","J.M.M.","M.E.L.M."
"3911","HEM2025_3911","PreservedSpecimen","Coleccion",NA,"UNICACH","SPECIES","HEM","Perez-Farrera, M.A.","1269","Perez-Farrera, M.A.","E","HEM2025",1,"Polypodium sanctae-rosae",16.7290555555556,-93.1013888888889,"1996-10-02","change1: Filled coordinateUncertaintyInMeters from decimal-place precision (conservative). | epi_taxo: acceptedName(match1); authorship_epig(match1); genus_from_scientificName; family_WFO; order_majorGroup_WCVP [2026-03-11] | CoordinateCleaner QA applied without sea test (validity, equal, zeros, capitals, centroids, gbif, institutions) [2026-03-29]","standardized authors names in recordedBy / standardized authors names in identifiedBy","Colección","M.A. Pérez-Farrera","M.A. Pérez-Farrera"
"3912","HEM2025_3912","PreservedSpecimen","Coleccion",NA,"UNICACH","SPECIES","HEM","J.M.M.","1584","J.M.M.","E","HEM2025",1,"Polypodium sanctae-rosae",15.4221944444444,-92.6244166666667,"2006-11-15","change1: Filled coordinateUncertaintyInMeters from decimal-place precision (conservative). | epi_taxo: acceptedName(match1); authorship_epig(match1); genus_from_scientificName; family_WFO; order_majorGroup_WCVP [2026-03-11] | CoordinateCleaner QA applied without sea test (validity, equal, zeros, capitals, centroids, gbif, institutions) [2026-03-29]","","Colección","J.M.M.","J.M.M."
"3913","HEM2025_3913","PreservedSpecimen","Coleccion",NA,"UNICACH","SPECIES","HEM","M.M.M. | M.D.E.M.","1264","N.M.M.","E","HEM2025",1,"Polypodium sanctae-rosae",15.08625,-92.0986944444444,"2013-04-27","change1: Filled coordinateUncertaintyInMeters from decimal-place precision (conservative). | epi_taxo: acceptedName(match1); authorship_epig(match1); genus_from_scientificName; family_WFO; order_majorGroup_WCVP [2026-03-11] | CoordinateCleaner QA applied without sea test (validity, equal, zeros, capitals, centroids, gbif, institutions) [2026-03-29]","standardized authors names in recordedBy","Colección","M.M.M. & M.D.E.M.","N.M.M."
"3914","HEM2025_3914","PreservedSpecimen","Coleccion",NA,"UNICACH","SPECIES","HEM","M.M.M. | M.A.D.V.","1894","Perez-Farrera, M.A.","E","HEM2025",1,"Polypodium sanctae-rosae",15.1025277777778,-92.1054444444444,"2013-05-30","change1: Filled coordinateUncertaintyInMeters from decimal-place precision (conservative). | epi_taxo: acceptedName(match1); authorship_epig(match1); genus_from_scientificName; family_WFO; order_majorGroup_WCVP [2026-03-11] | CoordinateCleaner QA applied without sea test (validity, equal, zeros, capitals, centroids, gbif, institutions) [2026-03-29]","standardized authors names in recordedBy / standardized authors names in identifiedBy","Colección","M.M.M. & M.A.D.V.","M.A. Pérez-Farrera"
"3915","HEM2025_3915","PreservedSpecimen","Coleccion",NA,"UNICACH","SPECIES","HEM","M.E.L.M.","73","M.E.L.M.","E","HEM2025",1,"Polypodium sanctae-rosae",15.425,-92.6333333333333,"1998-01-26","change1: Filled coordinateUncertaintyInMeters from decimal-place precision (conservative). | epi_taxo: acceptedName(match1); authorship_epig(match1); genus_from_scientificName; family_WFO; order_majorGroup_WCVP [2026-03-11] | CoordinateCleaner QA applied without sea test (validity, equal, zeros, capitals, centroids, gbif, institutions) [2026-03-29]","","Colección","M.E.L.M.","M.E.L.M."
"3916","HEM2025_3916","PreservedSpecimen","Coleccion",NA,"UNICACH","SPECIES","HEM","N.M.M. | M.M.M. | R.V.H.","3259","N.M.M.","E","HEM2025",1,"Polypodium sanctae-rosae",15.1049722222222,-92.1001055555555,"2014-09-24","change1: Filled coordinateUncertaintyInMeters from decimal-place precision (conservative). | epi_taxo: acceptedName(match1); authorship_epig(match1); genus_from_scientificName; family_WFO; order_majorGroup_WCVP [2026-03-11] | CoordinateCleaner QA applied without sea test (validity, equal, zeros, capitals, centroids, gbif, institutions) [2026-03-29]","standardized authors names in recordedBy","Colección","N.M.M. & M.M.M. & R.V.H.","N.M.M."
"3917","HEM2025_3917","PreservedSpecimen","Coleccion",NA,"UNICACH","SPECIES","HEM","M.E.L.M.","1690","M.E.L.M.","E","HEM2025",1,"Polypodium sanctae-rosae",15.855,-93.1397222222222,"2000-03-20","change1: Filled coordinateUncertaintyInMeters from decimal-place precision (conservative). | epi_taxo: acceptedName(match1); authorship_epig(match1); genus_from_scientificName; family_WFO; order_majorGroup_WCVP [2026-03-11] | CoordinateCleaner QA applied without sea test (validity, equal, zeros, capitals, centroids, gbif, institutions) [2026-03-29]","","Colección","M.E.L.M.","M.E.L.M."
"3918","HEM2025_3918","PreservedSpecimen","Coleccion",NA,"UNICACH","SPECIES","HEM","R.M.","ND","R.R.S.","E","HEM2025",1,"Polypodium sanctae-rosae",17.1333333333333,-93.1888888888889,"1993-10-21","change1: Filled coordinateUncertaintyInMeters from decimal-place precision (conservative). | epi_taxo: acceptedName(match1); authorship_epig(match1); genus_from_scientificName; family_WFO; order_majorGroup_WCVP [2026-03-11] | CoordinateCleaner QA applied without sea test (validity, equal, zeros, capitals, centroids, gbif, institutions) [2026-03-29]","","Colección","R.M.","R.R.S."
"3919","HEM2025_3919","PreservedSpecimen","Coleccion",NA,"UNICACH","SPECIES","HEM","R.M.","ND","R.R.S.","E","HEM2025",1,"Polypodium sanctae-rosae",17.1333333333333,-93.1888888888889,"1993-10-21","change1: Filled coordinateUncertaintyInMeters from decimal-place precision (conservative). | epi_taxo: acceptedName(match1); authorship_epig(match1); genus_from_scientificName; family_WFO; order_majorGroup_WCVP [2026-03-11] | CoordinateCleaner QA applied without sea test (validity, equal, zeros, capitals, centroids, gbif, institutions) [2026-03-29]","","Colección","R.M.","R.R.S."
"3920","HEM2025_3920","PreservedSpecimen","Coleccion",NA,"UNICACH","SPECIES","HEM","N.G.A.","6","M.E.L.M.","E","HEM2025",1,"Polypodium sanctae-rosae",16.7775,-92.6775,"2003-05-18","change1: Filled coordinateUncertaintyInMeters from decimal-place precision (conservative). | epi_taxo: acceptedName(match1); authorship_epig(match1); genus_from_scientificName; family_WFO; order_majorGroup_WCVP [2026-03-11] | CoordinateCleaner QA applied without sea test (validity, equal, zeros, capitals, centroids, gbif, institutions) [2026-03-29]","","Colección","N.G.A.","M.E.L.M."
"3921","HEM2025_3921","PreservedSpecimen","Coleccion",NA,"UNICACH","GENUS","HEM","Perez-Farrera, M.A.","1937-bis2","Perez-Farrera, M.A.","E","HEM2025",NA,"",16.5108333333333,-94.1275,"1999-05-20","change1: Genus placeholder (sp./spp.): moved to 'genus', set taxonRank=GENUS, cleared scientificName; kept original in verbatim. | change2: Filled coordinateUncertaintyInMeters from decimal-place precision (conservative). | epi_taxo: acceptedName(match1); authorship_epig(match1); genus_from_scientificName; family_WFO; order_majorGroup_WCVP [2026-03-11] | CoordinateCleaner QA applied without sea test (validity, equal, zeros, capitals, centroids, gbif, institutions) [2026-03-29]","standardized authors names in recordedBy / standardized authors names in identifiedBy","Colección","M.A. Pérez-Farrera","M.A. Pérez-Farrera"
"3922","HEM2025_3922","PreservedSpecimen","Coleccion",NA,"UNICACH","GENUS","HEM","Perez-Farrera, M.A.","699-bis","Perez-Farrera, M.A.","E","HEM2025",NA,"",16.1472222222222,-93.375,"1995-08-11","change1: Genus placeholder (sp./spp.): moved to 'genus', set taxonRank=GENUS, cleared scientificName; kept original in verbatim. | change2: Filled coordinateUncertaintyInMeters from decimal-place precision (conservative). | epi_taxo: acceptedName(match1); authorship_epig(match1); genus_from_scientificName; family_WFO; order_majorGroup_WCVP [2026-03-11] | CoordinateCleaner QA applied without sea test (validity, equal, zeros, capitals, centroids, gbif, institutions) [2026-03-29]","standardized authors names in recordedBy / standardized authors names in identifiedBy","Colección","M.A. Pérez-Farrera","M.A. Pérez-Farrera"
"3923","HEM2025_3923","PreservedSpecimen","Coleccion",NA,"UNICACH","GENUS","HEM","Perez-Farrera, M.A.","699-bis","Perez-Farrera, M.A.","E","HEM2025",NA,"",16.1472222222222,-93.375,"1995-08-11","change1: Genus placeholder (sp./spp.): moved to 'genus', set taxonRank=GENUS, cleared scientificName; kept original in verbatim. | change2: Filled coordinateUncertaintyInMeters from decimal-place precision (conservative). | epi_taxo: acceptedName(match1); authorship_epig(match1); genus_from_scientificName; family_WFO; order_majorGroup_WCVP [2026-03-11] | CoordinateCleaner QA applied without sea test (validity, equal, zeros, capitals, centroids, gbif, institutions) [2026-03-29]","standardized authors names in recordedBy / standardized authors names in identifiedBy","Colección","M.A. Pérez-Farrera","M.A. Pérez-Farrera"
"3924","HEM2025_3924","PreservedSpecimen","Coleccion",NA,"UNICACH","GENUS","HEM","Perez-Farrera, M.A.","3018","Perez-Farrera, M.A.","E","HEM2025",NA,"",16.2100555555556,-93.5839166666667,"2006-08-11","change1: Genus placeholder (sp./spp.): moved to 'genus', set taxonRank=GENUS, cleared scientificName; kept original in verbatim. | change2: Filled coordinateUncertaintyInMeters from decimal-place precision (conservative). | epi_taxo: acceptedName(match1); authorship_epig(match1); genus_from_scientificName; family_WFO; order_majorGroup_WCVP [2026-03-11] | CoordinateCleaner QA applied without sea test (validity, equal, zeros, capitals, centroids, gbif, institutions) [2026-03-29]","standardized authors names in recordedBy / standardized authors names in identifiedBy","Colección","M.A. Pérez-Farrera","M.A. Pérez-Farrera"
"3925","HEM2025_3925","PreservedSpecimen","Coleccion",NA,"UNICACH","GENUS","HEM","Perez-Farrera, M.A.","3001-bis","Perez-Farrera, M.A.","E","HEM2025",NA,"",16.2100555555556,-93.5839166666667,"2006-08-11","change1: Genus placeholder (sp./spp.): moved to 'genus', set taxonRank=GENUS, cleared scientificName; kept original in verbatim. | change2: Filled coordinateUncertaintyInMeters from decimal-place precision (conservative). | epi_taxo: acceptedName(match1); authorship_epig(match1); genus_from_scientificName; family_WFO; order_majorGroup_WCVP [2026-03-11] | CoordinateCleaner QA applied without sea test (validity, equal, zeros, capitals, centroids, gbif, institutions) [2026-03-29]","standardized authors names in recordedBy / standardized authors names in identifiedBy","Colección","M.A. Pérez-Farrera","M.A. Pérez-Farrera"
"3926","HEM2025_3926","PreservedSpecimen","Coleccion",NA,"UNICACH","GENUS","HEM","Perez-Farrera, M.A.","3001","Perez-Farrera, M.A.","E","HEM2025",NA,"",16.2100555555556,-93.5839166666667,"2006-08-10","change1: Genus placeholder (sp./spp.): moved to 'genus', set taxonRank=GENUS, cleared scientificName; kept original in verbatim. | change2: Filled coordinateUncertaintyInMeters from decimal-place precision (conservative). | epi_taxo: acceptedName(match1); authorship_epig(match1); genus_from_scientificName; family_WFO; order_majorGroup_WCVP [2026-03-11] | CoordinateCleaner QA applied without sea test (validity, equal, zeros, capitals, centroids, gbif, institutions) [2026-03-29]","standardized authors names in recordedBy / standardized authors names in identifiedBy","Colección","M.A. Pérez-Farrera","M.A. Pérez-Farrera"
"3927","HEM2025_3927","PreservedSpecimen","Coleccion",NA,"UNICACH","GENUS","HEM","Camilo, R.M.","1008","Camilo, R.M.","E","HEM2025",NA,"",15.1058333333333,-92.0944444444444,"2006-08-17","change1: Genus placeholder (sp./spp.): moved to 'genus', set taxonRank=GENUS, cleared scientificName; kept original in verbatim. | change2: Filled coordinateUncertaintyInMeters from decimal-place precision (conservative). | epi_taxo: acceptedName(match1); authorship_epig(match1); genus_from_scientificName; family_WFO; order_majorGroup_WCVP [2026-03-11] | CoordinateCleaner QA applied without sea test (validity, equal, zeros, capitals, centroids, gbif, institutions) [2026-03-29]","standardized authors names in recordedBy / standardized authors names in identifiedBy","Colección","R.M. Camilo","R.M. Camilo"
"3928","HEM2025_3928","PreservedSpecimen","Coleccion",NA,"UNICACH","GENUS","HEM","A.L.C.","137","M.E.L.M.","E","HEM2025",NA,"",16.7758333333333,-93.7155555555556,"2005-11-30","change1: Genus placeholder (sp./spp.): moved to 'genus', set taxonRank=GENUS, cleared scientificName; kept original in verbatim. | change2: Filled coordinateUncertaintyInMeters from decimal-place precision (conservative). | epi_taxo: acceptedName(match1); authorship_epig(match1); genus_from_scientificName; family_WFO; order_majorGroup_WCVP [2026-03-11] | CoordinateCleaner QA applied without sea test (validity, equal, zeros, capitals, centroids, gbif, institutions) [2026-03-29]","","Colección","A.L.C.","M.E.L.M."
"3929","HEM2025_3929","PreservedSpecimen","Coleccion",NA,"UNICACH","GENUS","HEM","J.M.M.","1636","J.M.M.","E","HEM2025",NA,"",15.6641666666667,-92.8136111111111,"2006-12-13","change1: Genus placeholder (sp./spp.): moved to 'genus', set taxonRank=GENUS, cleared scientificName; kept original in verbatim. | change2: Filled coordinateUncertaintyInMeters from decimal-place precision (conservative). | epi_taxo: acceptedName(match1); authorship_epig(match1); genus_from_scientificName; family_WFO; order_majorGroup_WCVP [2026-03-11] | CoordinateCleaner QA applied without sea test (validity, equal, zeros, capitals, centroids, gbif, institutions) [2026-03-29]","","Colección","J.M.M.","J.M.M."
"3930","HEM2025_3930","PreservedSpecimen","Coleccion",NA,"UNICACH","GENUS","HEM","H.G.D.","1851","H.G.D.","E","HEM2025",NA,"",17.1540166666667,-92.3589166666667,"2008-08-16","change1: Genus placeholder (sp./spp.): moved to 'genus', set taxonRank=GENUS, cleared scientificName; kept original in verbatim. | change2: Filled coordinateUncertaintyInMeters from decimal-place precision (conservative). | epi_taxo: acceptedName(match1); authorship_epig(match1); genus_from_scientificName; family_WFO; order_majorGroup_WCVP [2026-03-11] | CoordinateCleaner QA applied without sea test (validity, equal, zeros, capitals, centroids, gbif, institutions) [2026-03-29]","","Colección","H.G.D.","H.G.D."
"3931","HEM2025_3931","PreservedSpecimen","Coleccion",NA,"UNICACH","GENUS","HEM","H.G.D.","1822","H.G.D.","E","HEM2025",NA,"",16.7441666666667,-92.4775,"2007-11-18","change1: Genus placeholder (sp./spp.): moved to 'genus', set taxonRank=GENUS, cleared scientificName; kept original in verbatim. | change2: Filled coordinateUncertaintyInMeters from decimal-place precision (conservative). | epi_taxo: acceptedName(match1); authorship_epig(match1); genus_from_scientificName; family_WFO; order_majorGroup_WCVP [2026-03-11] | CoordinateCleaner QA applied without sea test (validity, equal, zeros, capitals, centroids, gbif, institutions) [2026-03-29]","","Colección","H.G.D.","H.G.D."
"3932","HEM2025_3932","PreservedSpecimen","Coleccion",NA,"UNICACH","GENUS","HEM","Perez-Farrera, M.A.","782-bis2","Perez-Farrera, M.A.","E","HEM2025",NA,"",17.1388888888889,-93.1366666666667,"1995-10-28","change1: Genus placeholder (sp./spp.): moved to 'genus', set taxonRank=GENUS, cleared scientificName; kept original in verbatim. | change2: Filled coordinateUncertaintyInMeters from decimal-place precision (conservative). | epi_taxo: acceptedName(match1); authorship_epig(match1); genus_from_scientificName; family_WFO; order_majorGroup_WCVP [2026-03-11] | CoordinateCleaner QA applied without sea test (validity, equal, zeros, capitals, centroids, gbif, institutions) [2026-03-29]","standardized authors names in recordedBy / standardized authors names in identifiedBy","Colección","M.A. Pérez-Farrera","M.A. Pérez-Farrera"
"3933","HEM2025_3933","PreservedSpecimen","Coleccion",NA,"UNICACH","GENUS","HEM","Perez-Farrera, M.A.","17-BIS","Perez-Farrera, M.A.","E","HEM2025",NA,"",16.9305555555556,-93.2236111111111,"1993-09-16","change1: Genus placeholder (sp./spp.): moved to 'genus', set taxonRank=GENUS, cleared scientificName; kept original in verbatim. | change2: Filled coordinateUncertaintyInMeters from decimal-place precision (conservative). | epi_taxo: acceptedName(match1); authorship_epig(match1); genus_from_scientificName; family_WFO; order_majorGroup_WCVP [2026-03-11] | CoordinateCleaner QA applied without sea test (validity, equal, zeros, capitals, centroids, gbif, institutions) [2026-03-29]","standardized authors names in recordedBy / standardized authors names in identifiedBy","Colección","M.A. Pérez-Farrera","M.A. Pérez-Farrera"
"3934","HEM2025_3934","PreservedSpecimen","Coleccion",NA,"UNICACH","SPECIES","HEM","G.H.C.","10","Perez-Farrera, M.A.","E","HEM2025",1,"Polypodium subpetiolatum",16.0791666666667,-91.6708333333333,"2000-11-27","change1: Filled coordinateUncertaintyInMeters from decimal-place precision (conservative). | epi_taxo: acceptedName(match1); authorship_epig(match1); genus_from_scientificName; family_WFO; order_majorGroup_WCVP [2026-03-11] | CoordinateCleaner QA applied without sea test (validity, equal, zeros, capitals, centroids, gbif, institutions) [2026-03-29]","standardized authors names in identifiedBy","Colección","G.H.C.","M.A. Pérez-Farrera"
"3935","HEM2025_3935","PreservedSpecimen","Coleccion",NA,"UNICACH","SPECIES","HEM","M.G.D.","336","M.G.D.","E","HEM2025",1,"Polypodium thyssanolepis",15.0366666666667,-92.1227777777778,"2005-06-23","change1: Filled coordinateUncertaintyInMeters from decimal-place precision (conservative). | epi_taxo: acceptedName(match1); authorship_epig(match1); genus_from_scientificName; family_WFO; order_majorGroup_WCVP [2026-03-11] | CoordinateCleaner QA applied without sea test (validity, equal, zeros, capitals, centroids, gbif, institutions) [2026-03-29]","","Colección","M.G.D.","M.G.D."
"3936","HEM2025_3936","PreservedSpecimen","Coleccion",NA,"UNICACH","SPECIES","HEM","Camilo, R.M.","843","Perez-Farrera, M.A.","E","HEM2025",1,"Polypodium thyssanolepis",16.9472222222222,-93.2211111111111,"2002-10-03","change1: Filled coordinateUncertaintyInMeters from decimal-place precision (conservative). | epi_taxo: acceptedName(match1); authorship_epig(match1); genus_from_scientificName; family_WFO; order_majorGroup_WCVP [2026-03-11] | CoordinateCleaner QA applied without sea test (validity, equal, zeros, capitals, centroids, gbif, institutions) [2026-03-29]","standardized authors names in recordedBy / standardized authors names in identifiedBy","Colección","R.M. Camilo","M.A. Pérez-Farrera"
"3937","HEM2025_3937","PreservedSpecimen","Coleccion",NA,"UNICACH","SPECIES","HEM","M.P.H.","5","Perez-Farrera, M.A.","E","HEM2025",1,"Polypodium thyssanolepis",16.8583333333333,-93.1441666666667,"1998-11-23","change1: Filled coordinateUncertaintyInMeters from decimal-place precision (conservative). | epi_taxo: acceptedName(match1); authorship_epig(match1); genus_from_scientificName; family_WFO; order_majorGroup_WCVP [2026-03-11] | CoordinateCleaner QA applied without sea test (validity, equal, zeros, capitals, centroids, gbif, institutions) [2026-03-29]","standardized authors names in identifiedBy","Colección","M.P.H.","M.A. Pérez-Farrera"
"3938","HEM2025_3938","PreservedSpecimen","Coleccion",NA,"UNICACH","SPECIES","HEM","N.G.C.","10","M.E.L.M.","E","HEM2025",1,"Polypodium thyssanolepis",16.9372222222222,-93.1752777777778,"2003-09-04","change1: Filled coordinateUncertaintyInMeters from decimal-place precision (conservative). | epi_taxo: acceptedName(match1); authorship_epig(match1); genus_from_scientificName; family_WFO; order_majorGroup_WCVP [2026-03-11] | CoordinateCleaner QA applied without sea test (validity, equal, zeros, capitals, centroids, gbif, institutions) [2026-03-29]","","Colección","N.G.C.","M.E.L.M."
"3939","HEM2025_3939","PreservedSpecimen","Coleccion",NA,"UNICACH","SPECIES","HEM","M.E.L.M.","10","Riba, R.","E","HEM2025",1,"Polypodium thyssanolepis",15.8666666666667,-93.1666666666667,"1998-01-22","change1: Filled coordinateUncertaintyInMeters from decimal-place precision (conservative). | epi_taxo: acceptedName(match1); authorship_epig(match1); genus_from_scientificName; family_WFO; order_majorGroup_WCVP [2026-03-11] | CoordinateCleaner QA applied without sea test (validity, equal, zeros, capitals, centroids, gbif, institutions) [2026-03-29]","standardized authors names in identifiedBy","Colección","M.E.L.M.","R. Riba"
"3940","HEM2025_3940","PreservedSpecimen","Coleccion",NA,"UNICACH","SPECIES","HEM","V.M.M.","1","M.E.L.M.","E","HEM2025",1,"Polypodium thyssanolepis",16.8591666666667,-93.2094444444444,"2002-09-29","change1: Filled coordinateUncertaintyInMeters from decimal-place precision (conservative). | epi_taxo: acceptedName(match1); authorship_epig(match1); genus_from_scientificName; family_WFO; order_majorGroup_WCVP [2026-03-11] | CoordinateCleaner QA applied without sea test (validity, equal, zeros, capitals, centroids, gbif, institutions) [2026-03-29]","","Colección","V.M.M.","M.E.L.M."
"3941","HEM2025_3941","PreservedSpecimen","Coleccion",NA,"UNICACH","SPECIES","HEM","V.M.M.","1","V.M.M.","E","HEM2025",1,"Polypodium thyssanolepis",16.8591666666667,-93.2094444444444,"2002-09-29","change1: Filled coordinateUncertaintyInMeters from decimal-place precision (conservative). | epi_taxo: acceptedName(match1); authorship_epig(match1); genus_from_scientificName; family_WFO; order_majorGroup_WCVP [2026-03-11] | CoordinateCleaner QA applied without sea test (validity, equal, zeros, capitals, centroids, gbif, institutions) [2026-03-29]","","Colección","V.M.M.","V.M.M."
"3942","HEM2025_3942","PreservedSpecimen","Coleccion",NA,"UNICACH","SPECIES","HEM","R.E.G.R.","15","M.E.L.M.","E","HEM2025",1,"Polypodium thyssanolepis",17.2519444444444,-93.0258333333333,"2002-10-12","change1: Filled coordinateUncertaintyInMeters from decimal-place precision (conservative). | epi_taxo: acceptedName(match1); authorship_epig(match1); genus_from_scientificName; family_WFO; order_majorGroup_WCVP [2026-03-11] | CoordinateCleaner QA applied without sea test (validity, equal, zeros, capitals, centroids, gbif, institutions) [2026-03-29]","","Colección","R.E.G.R.","M.E.L.M."
"3943","HEM2025_3943","PreservedSpecimen","Coleccion",NA,"UNICACH","SPECIES","HEM","R.E.G.R.","15","M.E.L.M.","E","HEM2025",1,"Polypodium thyssanolepis",17.2519444444444,-93.0258333333333,"2002-10-12","change1: Filled coordinateUncertaintyInMeters from decimal-place precision (conservative). | epi_taxo: acceptedName(match1); authorship_epig(match1); genus_from_scientificName; family_WFO; order_majorGroup_WCVP [2026-03-11] | CoordinateCleaner QA applied without sea test (validity, equal, zeros, capitals, centroids, gbif, institutions) [2026-03-29]","","Colección","R.E.G.R.","M.E.L.M."
"3944","HEM2025_3944","PreservedSpecimen","Coleccion",NA,"UNICACH","SPECIES","HEM","J.A.E.J.","1017","J.A.E.J.","E","HEM2025",1,"Polypodium thyssanolepis",16.9336916666667,-93.1304777777778,"2009-09-25","change1: Filled coordinateUncertaintyInMeters from decimal-place precision (conservative). | epi_taxo: acceptedName(match1); authorship_epig(match1); genus_from_scientificName; family_WFO; order_majorGroup_WCVP [2026-03-11] | CoordinateCleaner QA applied without sea test (validity, equal, zeros, capitals, centroids, gbif, institutions) [2026-03-29]","","Colección","J.A.E.J.","J.A.E.J."
"3945","HEM2025_3945","PreservedSpecimen","Coleccion",NA,"UNICACH","SPECIES","HEM","J.A.E.J.","869","J.A.E.J.","E","HEM2025",1,"Polypodium thyssanolepis",16.9129972222222,-93.0579444444444,"2009-07-08","change1: Filled coordinateUncertaintyInMeters from decimal-place precision (conservative). | epi_taxo: acceptedName(match1); authorship_epig(match1); genus_from_scientificName; family_WFO; order_majorGroup_WCVP [2026-03-11] | CoordinateCleaner QA applied without sea test (validity, equal, zeros, capitals, centroids, gbif, institutions) [2026-03-29]","","Colección","J.A.E.J.","J.A.E.J."
"3946","HEM2025_3946","PreservedSpecimen","Coleccion",NA,"UNICACH","SPECIES","HEM","M.L.M.J.","15","E.V.M.","E","HEM2025",1,"Polypodium thyssanolepis",16.7802777777778,-92.5366666666667,"2002-10-16","change1: Filled coordinateUncertaintyInMeters from decimal-place precision (conservative). | epi_taxo: acceptedName(match1); authorship_epig(match1); genus_from_scientificName; family_WFO; order_majorGroup_WCVP [2026-03-11] | CoordinateCleaner QA applied without sea test (validity, equal, zeros, capitals, centroids, gbif, institutions) [2026-03-29]","","Colección","M.L.M.J.","E.V.M."
"3947","HEM2025_3947","PreservedSpecimen","Coleccion",NA,"UNICACH","SPECIES","HEM","J.A.J.F.","1","Perez-Farrera, M.A.","E","HEM2025",1,"Polypodium thyssanolepis",16.7513888888889,-92.8361111111111,"1997-12-06","change1: Filled coordinateUncertaintyInMeters from decimal-place precision (conservative). | epi_taxo: acceptedName(match1); authorship_epig(match1); genus_from_scientificName; family_WFO; order_majorGroup_WCVP [2026-03-11] | CoordinateCleaner QA applied without sea test (validity, equal, zeros, capitals, centroids, gbif, institutions) [2026-03-29]","standardized authors names in identifiedBy","Colección","J.A.J.F.","M.A. Pérez-Farrera"
"3948","HEM2025_3948","PreservedSpecimen","Coleccion",NA,"UNICACH","SPECIES","HEM","J.A.J.F.","1","Perez-Farrera, M.A.","E","HEM2025",1,"Polypodium thyssanolepis",16.7513888888889,-92.8361111111111,"1997-12-06","change1: Filled coordinateUncertaintyInMeters from decimal-place precision (conservative). | epi_taxo: acceptedName(match1); authorship_epig(match1); genus_from_scientificName; family_WFO; order_majorGroup_WCVP [2026-03-11] | CoordinateCleaner QA applied without sea test (validity, equal, zeros, capitals, centroids, gbif, institutions) [2026-03-29]","standardized authors names in identifiedBy","Colección","J.A.J.F.","M.A. Pérez-Farrera"
"3949","HEM2025_3949","PreservedSpecimen","Coleccion",NA,"UNICACH","SPECIES","HEM","T.B.C.","47183","W.D.S","E","HEM2025",1,"Serpocaulon falcaria",15.0925,-92.1244444444444,"1979-02-10","change1: Filled coordinateUncertaintyInMeters from decimal-place precision (conservative). | epi_taxo: acceptedName(match1); authorship_epig(match1); genus_from_scientificName; family_WFO; order_majorGroup_WCVP [2026-03-11] | CoordinateCleaner QA applied without sea test (validity, equal, zeros, capitals, centroids, gbif, institutions) [2026-03-29]","","Colección","T.B.C.","W.D.S"
"3950","HEM2025_3950","PreservedSpecimen","Coleccion",NA,"UNICACH","SPECIES","HEM","Najarro, F.H.","1831","Najarro, F.H.","E","HEM2025",1,"Serpocaulon falcaria",15.0574166666667,-92.0956111111111,"2005-07-27","change1: Filled coordinateUncertaintyInMeters from decimal-place precision (conservative). | epi_taxo: acceptedName(match1); authorship_epig(match1); genus_from_scientificName; family_WFO; order_majorGroup_WCVP [2026-03-11] | CoordinateCleaner QA applied without sea test (validity, equal, zeros, capitals, centroids, gbif, institutions) [2026-03-29]","standardized authors names in recordedBy / standardized authors names in identifiedBy","Colección","F.H. Najarro","F.H. Najarro"
"3951","HEM2025_3951","PreservedSpecimen","Coleccion",NA,"UNICACH","SPECIES","HEM","T.A.S.","136","Perez-Farrera, M.A.","E","HEM2025",1,"Serpocaulon falcaria",16.7458333333333,-92.6961111111111,"1988-08-13","change1: Filled coordinateUncertaintyInMeters from decimal-place precision (conservative). | epi_taxo: acceptedName(match1); authorship_epig(match1); genus_from_scientificName; family_WFO; order_majorGroup_WCVP [2026-03-11] | CoordinateCleaner QA applied without sea test (validity, equal, zeros, capitals, centroids, gbif, institutions) [2026-03-29]","standardized authors names in identifiedBy","Colección","T.A.S.","M.A. Pérez-Farrera"
"3952","HEM2025_3952","PreservedSpecimen","Coleccion",NA,"UNICACH","SPECIES","HEM","M.E.L.M.","281","M.E.L.M.","E","HEM2025",1,"Serpocaulon falcaria",15.7013888888889,-92.9838888888889,"1999-04-14","change1: Filled coordinateUncertaintyInMeters from decimal-place precision (conservative). | epi_taxo: acceptedName(match1); authorship_epig(match1); genus_from_scientificName; family_WFO; order_majorGroup_WCVP [2026-03-11] | CoordinateCleaner QA applied without sea test (validity, equal, zeros, capitals, centroids, gbif, institutions) [2026-03-29]","","Colección","M.E.L.M.","M.E.L.M."
"3953","HEM2025_3953","PreservedSpecimen","Coleccion",NA,"UNICACH","SPECIES","HEM","H.G.D.","1029","H.G.D.","E","HEM2025",1,"Serpocaulon falcaria",15.5991388888889,-92.6927777777778,"2005-06-13","change1: Filled coordinateUncertaintyInMeters from decimal-place precision (conservative). | epi_taxo: acceptedName(match1); authorship_epig(match1); genus_from_scientificName; family_WFO; order_majorGroup_WCVP [2026-03-11] | CoordinateCleaner QA applied without sea test (validity, equal, zeros, capitals, centroids, gbif, institutions) [2026-03-29]","","Colección","H.G.D.","H.G.D."
"3954","HEM2025_3954","PreservedSpecimen","Coleccion",NA,"UNICACH","SPECIES","HEM","Gonzalez, A.G.","12","M.E.L.M.","E","HEM2025",1,"Serpocaulon falcaria",17.2119444444444,-92.9694444444444,"2002-10-20","change1: Filled coordinateUncertaintyInMeters from decimal-place precision (conservative). | epi_taxo: acceptedName(match1); authorship_epig(match1); genus_from_scientificName; family_WFO; order_majorGroup_WCVP [2026-03-11] | CoordinateCleaner QA applied without sea test (validity, equal, zeros, capitals, centroids, gbif, institutions) [2026-03-29]","standardized authors names in recordedBy","Colección","A.G. González","M.E.L.M."
"3955","HEM2025_3955","PreservedSpecimen","Coleccion",NA,"UNICACH","SPECIES","HEM","M.G.P.M.","8-bis","M.E.L.M.","E","HEM2025",1,"Serpocaulon falcaria",17.0663888888889,-92.8630555555555,"2003-05-05","change1: Filled coordinateUncertaintyInMeters from decimal-place precision (conservative). | epi_taxo: acceptedName(match1); authorship_epig(match1); genus_from_scientificName; family_WFO; order_majorGroup_WCVP [2026-03-11] | CoordinateCleaner QA applied without sea test (validity, equal, zeros, capitals, centroids, gbif, institutions) [2026-03-29]","","Colección","M.G.P.M.","M.E.L.M."
"3956","HEM2025_3956","PreservedSpecimen","Coleccion",NA,"UNICACH","SPECIES","HEM","J.M.M.","1204","M.E.L.M.","E","HEM2025",1,"Serpocaulon falcaria",15.4841388888889,-92.6805277777778,"2006-03-23","change1: Filled coordinateUncertaintyInMeters from decimal-place precision (conservative). | epi_taxo: acceptedName(match1); authorship_epig(match1); genus_from_scientificName; family_WFO; order_majorGroup_WCVP [2026-03-11] | CoordinateCleaner QA applied without sea test (validity, equal, zeros, capitals, centroids, gbif, institutions) [2026-03-29]","","Colección","J.M.M.","M.E.L.M."
"3957","HEM2025_3957","PreservedSpecimen","Coleccion",NA,"UNICACH","SPECIES","HEM","H.G.D.","1384","H.G.D.","E","HEM2025",1,"Serpocaulon falcaria",15.7441416666667,-93.0340888888889,"","change1: Filled coordinateUncertaintyInMeters from decimal-place precision (conservative). | epi_taxo: acceptedName(match1); authorship_epig(match1); genus_from_scientificName; family_WFO; order_majorGroup_WCVP [2026-03-11] | CoordinateCleaner QA applied without sea test (validity, equal, zeros, capitals, centroids, gbif, institutions) [2026-03-29]","","Colección","H.G.D.","H.G.D."
"3958","HEM2025_3958","PreservedSpecimen","Coleccion",NA,"UNICACH","SPECIES","HEM","Gonzalez, A.G.","20","M.E.L.M.","E","HEM2025",1,"Serpocaulon falcaria",16.8955555555556,-93.1802777777778,"2002-10-22","change1: Filled coordinateUncertaintyInMeters from decimal-place precision (conservative). | epi_taxo: acceptedName(match1); authorship_epig(match1); genus_from_scientificName; family_WFO; order_majorGroup_WCVP [2026-03-11] | CoordinateCleaner QA applied without sea test (validity, equal, zeros, capitals, centroids, gbif, institutions) [2026-03-29]","standardized authors names in recordedBy","Colección","A.G. González","M.E.L.M."
"3959","HEM2025_3959","PreservedSpecimen","Coleccion",NA,"UNICACH","SPECIES","HEM","N.M.M.","1754","Perez-Farrera, M.A.","E","HEM2025",1,"Serpocaulon falcaria",15.7230555555556,-93.0013888888889,"2006-10-13","change1: Filled coordinateUncertaintyInMeters from decimal-place precision (conservative). | epi_taxo: acceptedName(match1); authorship_epig(match1); genus_from_scientificName; family_WFO; order_majorGroup_WCVP [2026-03-11] | CoordinateCleaner QA applied without sea test (validity, equal, zeros, capitals, centroids, gbif, institutions) [2026-03-29]","standardized authors names in identifiedBy","Colección","N.M.M.","M.A. Pérez-Farrera"
"3960","HEM2025_3960","PreservedSpecimen","Coleccion",NA,"UNICACH","SPECIES","HEM","N.M.M.","1756","Perez-Farrera, M.A.","E","HEM2025",1,"Serpocaulon falcaria",15.7230555555556,-93.0013888888889,"2006-10-13","change1: Filled coordinateUncertaintyInMeters from decimal-place precision (conservative). | epi_taxo: acceptedName(match1); authorship_epig(match1); genus_from_scientificName; family_WFO; order_majorGroup_WCVP [2026-03-11] | CoordinateCleaner QA applied without sea test (validity, equal, zeros, capitals, centroids, gbif, institutions) [2026-03-29]","standardized authors names in identifiedBy","Colección","N.M.M.","M.A. Pérez-Farrera"
"3961","HEM2025_3961","PreservedSpecimen","Coleccion",NA,"UNICACH","SPECIES","HEM","G.L.V.","206","M.E.L.M.","E","HEM2025",1,"Serpocaulon falcaria",15.1027777777778,-92.0880555555556,"2005-11-23","change1: Filled coordinateUncertaintyInMeters from decimal-place precision (conservative). | epi_taxo: acceptedName(match1); authorship_epig(match1); genus_from_scientificName; family_WFO; order_majorGroup_WCVP [2026-03-11] | CoordinateCleaner QA applied without sea test (validity, equal, zeros, capitals, centroids, gbif, institutions) [2026-03-29]","","Colección","G.L.V.","M.E.L.M."
"3962","HEM2025_3962","PreservedSpecimen","Coleccion",NA,"UNICACH","SPECIES","HEM","M.C.P.","17","M.E.L.M.","E","HEM2025",1,"Serpocaulon falcaria",16.2508333333333,-92.1325,"1988-11-10","change1: Filled coordinateUncertaintyInMeters from decimal-place precision (conservative). | epi_taxo: acceptedName(match1); authorship_epig(match1); genus_from_scientificName; family_WFO; order_majorGroup_WCVP [2026-03-11] | CoordinateCleaner QA applied without sea test (validity, equal, zeros, capitals, centroids, gbif, institutions) [2026-03-29]","","Colección","M.C.P.","M.E.L.M."
"3963","HEM2025_3963","PreservedSpecimen","Coleccion",NA,"UNICACH","SPECIES","HEM","M.C.P.","17","M.E.L.M.","E","HEM2025",1,"Serpocaulon falcaria",16.2508333333333,-92.1325,"1988-11-10","change1: Filled coordinateUncertaintyInMeters from decimal-place precision (conservative). | epi_taxo: acceptedName(match1); authorship_epig(match1); genus_from_scientificName; family_WFO; order_majorGroup_WCVP [2026-03-11] | CoordinateCleaner QA applied without sea test (validity, equal, zeros, capitals, centroids, gbif, institutions) [2026-03-29]","","Colección","M.C.P.","M.E.L.M."
"3964","HEM2025_3964","PreservedSpecimen","Coleccion",NA,"UNICACH","SPECIES","HEM","M.M.M. | M.D.E.M.","1325","N.M.M.","E","HEM2025",1,"Serpocaulon falcaria",15.0847777777778,-92.0990833333333,"2013-04-28","change1: Filled coordinateUncertaintyInMeters from decimal-place precision (conservative). | epi_taxo: acceptedName(match1); authorship_epig(match1); genus_from_scientificName; family_WFO; order_majorGroup_WCVP [2026-03-11] | CoordinateCleaner QA applied without sea test (validity, equal, zeros, capitals, centroids, gbif, institutions) [2026-03-29]","standardized authors names in recordedBy","Colección","M.M.M. & M.D.E.M.","N.M.M."
"3965","HEM2025_3965","PreservedSpecimen","Coleccion",NA,"UNICACH","SPECIES","HEM","M.M.M. | M.A.D.V.","2034","N.M.M.","E","HEM2025",1,"Serpocaulon falcaria",15.101,-92.0952222222222,"2013-06-27","change1: Filled coordinateUncertaintyInMeters from decimal-place precision (conservative). | epi_taxo: acceptedName(match1); authorship_epig(match1); genus_from_scientificName; family_WFO; order_majorGroup_WCVP [2026-03-11] | CoordinateCleaner QA applied without sea test (validity, equal, zeros, capitals, centroids, gbif, institutions) [2026-03-29]","standardized authors names in recordedBy","Colección","M.M.M. & M.A.D.V.","N.M.M."
"3966","HEM2025_3966","PreservedSpecimen","Coleccion",NA,"UNICACH","SPECIES","HEM","M.M.M. | M.C.R.M.","2478","Perez-Farrera, M.A.","E","HEM2025",1,"Serpocaulon falcaria",15.1533333333333,-92.1438611111111,"2013-11-13","change1: Filled coordinateUncertaintyInMeters from decimal-place precision (conservative). | epi_taxo: acceptedName(match1); authorship_epig(match1); genus_from_scientificName; family_WFO; order_majorGroup_WCVP [2026-03-11] | CoordinateCleaner QA applied without sea test (validity, equal, zeros, capitals, centroids, gbif, institutions) [2026-03-29]","standardized authors names in recordedBy / standardized authors names in identifiedBy","Colección","M.M.M. & M.C.R.M.","M.A. Pérez-Farrera"
"3967","HEM2025_3967","PreservedSpecimen","Coleccion",NA,"UNICACH","SPECIES","HEM","M.M.M. | M.C.R.M.","2813","N.M.M.","E","HEM2025",1,"Serpocaulon falcaria",15.1546944444444,-92.1363888888889,"2013-11-19","change1: Filled coordinateUncertaintyInMeters from decimal-place precision (conservative). | epi_taxo: acceptedName(match1); authorship_epig(match1); genus_from_scientificName; family_WFO; order_majorGroup_WCVP [2026-03-11] | CoordinateCleaner QA applied without sea test (validity, equal, zeros, capitals, centroids, gbif, institutions) [2026-03-29]","standardized authors names in recordedBy","Colección","M.M.M. & M.C.R.M.","N.M.M."
"3968","HEM2025_3968","PreservedSpecimen","Coleccion",NA,"UNICACH","SPECIES","HEM","M.M.M. | M.C.R.M.","2871","N.M.M.","E","HEM2025",1,"Serpocaulon falcaria",15.1515555555556,-92.1447222222222,"2013-11-30","change1: Filled coordinateUncertaintyInMeters from decimal-place precision (conservative). | epi_taxo: acceptedName(match1); authorship_epig(match1); genus_from_scientificName; family_WFO; order_majorGroup_WCVP [2026-03-11] | CoordinateCleaner QA applied without sea test (validity, equal, zeros, capitals, centroids, gbif, institutions) [2026-03-29]","standardized authors names in recordedBy","Colección","M.M.M. & M.C.R.M.","N.M.M."
"3969","HEM2025_3969","PreservedSpecimen","Coleccion",NA,"UNICACH","SPECIES","HEM","M.M.M. | M.C.R.M.","3013","N.M.M.","E","HEM2025",1,"Serpocaulon falcaria",15.1627222222222,-92.1505277777778,"2013-12-02","change1: Filled coordinateUncertaintyInMeters from decimal-place precision (conservative). | epi_taxo: acceptedName(match1); authorship_epig(match1); genus_from_scientificName; family_WFO; order_majorGroup_WCVP [2026-03-11] | CoordinateCleaner QA applied without sea test (validity, equal, zeros, capitals, centroids, gbif, institutions) [2026-03-29]","standardized authors names in recordedBy","Colección","M.M.M. & M.C.R.M.","N.M.M."
"3970","HEM2025_3970","PreservedSpecimen","Coleccion",NA,"UNICACH","SPECIES","HEM","M.M.M. | D.A.J.L.","3243","N.M.M.","E","HEM2025",1,"Serpocaulon falcaria",15.1439444444444,-92.1372777777778,"2013-12-13","change1: Filled coordinateUncertaintyInMeters from decimal-place precision (conservative). | epi_taxo: acceptedName(match1); authorship_epig(match1); genus_from_scientificName; family_WFO; order_majorGroup_WCVP [2026-03-11] | CoordinateCleaner QA applied without sea test (validity, equal, zeros, capitals, centroids, gbif, institutions) [2026-03-29]","standardized authors names in recordedBy","Colección","M.M.M. & D.A.J.L.","N.M.M."
"3971","HEM2025_3971","PreservedSpecimen","Coleccion",NA,"UNICACH","SPECIES","HEM","M.M.M. | M.C.R.M.","3988","N.M.M.","E","HEM2025",1,"Serpocaulon falcaria",15.1558055555556,-92.1452777777778,"2014-02-04","change1: Filled coordinateUncertaintyInMeters from decimal-place precision (conservative). | epi_taxo: acceptedName(match1); authorship_epig(match1); genus_from_scientificName; family_WFO; order_majorGroup_WCVP [2026-03-11] | CoordinateCleaner QA applied without sea test (validity, equal, zeros, capitals, centroids, gbif, institutions) [2026-03-29]","standardized authors names in recordedBy","Colección","M.M.M. & M.C.R.M.","N.M.M."
"3972","HEM2025_3972","PreservedSpecimen","Coleccion",NA,"UNICACH","SPECIES","HEM","Camilo, R.M. | M.I.L.R. | N.A.F.R.","2184","Camilo, R.M.","E","HEM2025",1,"Serpocaulon falcaria",15.1024166666667,-92.1347222222222,"2014-07-04","change1: Filled coordinateUncertaintyInMeters from decimal-place precision (conservative). | epi_taxo: acceptedName(match1); authorship_epig(match1); genus_from_scientificName; family_WFO; order_majorGroup_WCVP [2026-03-11] | CoordinateCleaner QA applied without sea test (validity, equal, zeros, capitals, centroids, gbif, institutions) [2026-03-29]","standardized authors names in recordedBy / standardized authors names in identifiedBy","Colección","R.M. Camilo & M.I.L.R. & N.A.F.R.","R.M. Camilo"
"3973","HEM2025_3973","PreservedSpecimen","Coleccion",NA,"UNICACH","SPECIES","HEM","M.M.M. | N.M.M. | R.J.R.V. | E.C.N.","4235","Perez-Farrera, M.A.","E","HEM2025",1,"Serpocaulon falcaria",15.0893888888889,-92.1465555555556,"2014-06-17","change1: Filled coordinateUncertaintyInMeters from decimal-place precision (conservative). | epi_taxo: acceptedName(match1); authorship_epig(match1); genus_from_scientificName; family_WFO; order_majorGroup_WCVP [2026-03-11] | CoordinateCleaner QA applied without sea test (validity, equal, zeros, capitals, centroids, gbif, institutions) [2026-03-29]","standardized authors names in recordedBy / standardized authors names in identifiedBy","Colección","M.M.M. & N.M.M. & R.J.R.V. & E.C.N.","M.A. Pérez-Farrera"
"3974","HEM2025_3974","PreservedSpecimen","Coleccion",NA,"UNICACH","SPECIES","HEM","M.M.M. | A.L.C.","4877","N.M.M.","E","HEM2025",1,"Serpocaulon falcaria",15.0976111111111,-92.168,"2014-08-16","change1: Filled coordinateUncertaintyInMeters from decimal-place precision (conservative). | epi_taxo: acceptedName(match1); authorship_epig(match1); genus_from_scientificName; family_WFO; order_majorGroup_WCVP [2026-03-11] | CoordinateCleaner QA applied without sea test (validity, equal, zeros, capitals, centroids, gbif, institutions) [2026-03-29]","standardized authors names in recordedBy","Colección","M.M.M. & A.L.C.","N.M.M."
"3975","HEM2025_3975","PreservedSpecimen","Coleccion",NA,"UNICACH","SPECIES","HEM","M.M.M. | A.L.C.","5001","N.M.M.","E","HEM2025",1,"Serpocaulon falcaria",15.10025,-92.1743333333333,"2014-08-18","change1: Filled coordinateUncertaintyInMeters from decimal-place precision (conservative). | epi_taxo: acceptedName(match1); authorship_epig(match1); genus_from_scientificName; family_WFO; order_majorGroup_WCVP [2026-03-11] | CoordinateCleaner QA applied without sea test (validity, equal, zeros, capitals, centroids, gbif, institutions) [2026-03-29]","standardized authors names in recordedBy","Colección","M.M.M. & A.L.C.","N.M.M."
"3976","HEM2025_3976","PreservedSpecimen","Coleccion",NA,"UNICACH","SPECIES","HEM","N.M.M. | M.M.M. | R.V.H.","3063","N.M.M.","E","HEM2025",1,"Serpocaulon falcaria",15.1036666666667,-92.1015277777778,"2014-09-22","change1: Filled coordinateUncertaintyInMeters from decimal-place precision (conservative). | epi_taxo: acceptedName(match1); authorship_epig(match1); genus_from_scientificName; family_WFO; order_majorGroup_WCVP [2026-03-11] | CoordinateCleaner QA applied without sea test (validity, equal, zeros, capitals, centroids, gbif, institutions) [2026-03-29]","standardized authors names in recordedBy","Colección","N.M.M. & M.M.M. & R.V.H.","N.M.M."
"3977","HEM2025_3977","PreservedSpecimen","Coleccion",NA,"UNICACH","SPECIES","HEM","M.E.L.M.","84-bis","A.R.S.","E","HEM2025",1,"Serpocaulon falcaria",15.6333333333333,-92.8333333333333,"1998-02-24","change1: Filled coordinateUncertaintyInMeters from decimal-place precision (conservative). | epi_taxo: acceptedName(match1); authorship_epig(match1); genus_from_scientificName; family_WFO; order_majorGroup_WCVP [2026-03-11] | CoordinateCleaner QA applied without sea test (validity, equal, zeros, capitals, centroids, gbif, institutions) [2026-03-29]","","Colección","M.E.L.M.","A.R.S."
"3978","HEM2025_3978","PreservedSpecimen","Coleccion",NA,"UNICACH","SPECIES","HEM","M.E.L.M.","113","M.E.L.M.","E","HEM2025",1,"Serpocaulon falcaria",15.6638888888889,-92.8202777777778,"1998-02-25","change1: Filled coordinateUncertaintyInMeters from decimal-place precision (conservative). | epi_taxo: acceptedName(match1); authorship_epig(match1); genus_from_scientificName; family_WFO; order_majorGroup_WCVP [2026-03-11] | CoordinateCleaner QA applied without sea test (validity, equal, zeros, capitals, centroids, gbif, institutions) [2026-03-29]","","Colección","M.E.L.M.","M.E.L.M."
"3979","HEM2025_3979","PreservedSpecimen","Coleccion",NA,"UNICACH","SPECIES","HEM","M.E.L.M.","139","M.E.L.M.","E","HEM2025",1,"Serpocaulon falcaria",15.6941666666667,-92.7941666666667,"1998-02-28","change1: Filled coordinateUncertaintyInMeters from decimal-place precision (conservative). | epi_taxo: acceptedName(match1); authorship_epig(match1); genus_from_scientificName; family_WFO; order_majorGroup_WCVP [2026-03-11] | CoordinateCleaner QA applied without sea test (validity, equal, zeros, capitals, centroids, gbif, institutions) [2026-03-29]","","Colección","M.E.L.M.","M.E.L.M."
"3980","HEM2025_3980","PreservedSpecimen","Coleccion",NA,"UNICACH","SPECIES","HEM","M.E.L.M.","84","A.R.S.","E","HEM2025",1,"Serpocaulon falcaria",15.6333333333333,-92.8333333333333,"1998-02-24","change1: Filled coordinateUncertaintyInMeters from decimal-place precision (conservative). | epi_taxo: acceptedName(match1); authorship_epig(match1); genus_from_scientificName; family_WFO; order_majorGroup_WCVP [2026-03-11] | CoordinateCleaner QA applied without sea test (validity, equal, zeros, capitals, centroids, gbif, institutions) [2026-03-29]","","Colección","M.E.L.M.","A.R.S."
"3981","HEM2025_3981","PreservedSpecimen","Coleccion",NA,"UNICACH","SPECIES","HEM","M.E.L.M.","122-bis","A.R.S.","E","HEM2025",1,"Serpocaulon falcaria",15.6666666666667,-92.805,"1998-02-26","change1: Filled coordinateUncertaintyInMeters from decimal-place precision (conservative). | epi_taxo: acceptedName(match1); authorship_epig(match1); genus_from_scientificName; family_WFO; order_majorGroup_WCVP [2026-03-11] | CoordinateCleaner QA applied without sea test (validity, equal, zeros, capitals, centroids, gbif, institutions) [2026-03-29]","","Colección","M.E.L.M.","A.R.S."
"3982","HEM2025_3982","PreservedSpecimen","Coleccion",NA,"UNICACH","SPECIES","HEM","M.E.L.M.","64","M.E.L.M.","E","HEM2025",1,"Serpocaulon falcaria",15.425,-92.6333333333333,"1998-01-26","change1: Filled coordinateUncertaintyInMeters from decimal-place precision (conservative). | epi_taxo: acceptedName(match1); authorship_epig(match1); genus_from_scientificName; family_WFO; order_majorGroup_WCVP [2026-03-11] | CoordinateCleaner QA applied without sea test (validity, equal, zeros, capitals, centroids, gbif, institutions) [2026-03-29]","","Colección","M.E.L.M.","M.E.L.M."
"3983","HEM2025_3983","PreservedSpecimen","Coleccion",NA,"UNICACH","SPECIES","HEM","M.E.L.M.","122","A.R.S.","E","HEM2025",1,"Serpocaulon falcaria",15.6666666666667,-92.805,"1998-02-26","change1: Filled coordinateUncertaintyInMeters from decimal-place precision (conservative). | epi_taxo: acceptedName(match1); authorship_epig(match1); genus_from_scientificName; family_WFO; order_majorGroup_WCVP [2026-03-11] | CoordinateCleaner QA applied without sea test (validity, equal, zeros, capitals, centroids, gbif, institutions) [2026-03-29]","","Colección","M.E.L.M.","A.R.S."
"3984","HEM2025_3984","PreservedSpecimen","Coleccion",NA,"UNICACH","SPECIES","HEM","M.E.L.M.","128-bis","A.R.S.","E","HEM2025",1,"Serpocaulon falcaria",15.6666666666667,-92.805,"1998-02-26","change1: Filled coordinateUncertaintyInMeters from decimal-place precision (conservative). | epi_taxo: acceptedName(match1); authorship_epig(match1); genus_from_scientificName; family_WFO; order_majorGroup_WCVP [2026-03-11] | CoordinateCleaner QA applied without sea test (validity, equal, zeros, capitals, centroids, gbif, institutions) [2026-03-29]","","Colección","M.E.L.M.","A.R.S."
"3985","HEM2025_3985","PreservedSpecimen","Coleccion",NA,"UNICACH","GENUS","HEM","M.M.M. | S.H.J. | J.A.B.B.","5866","N.M.M.","E","HEM2025",NA,"",15.2288611111111,-92.3057777777778,"2015-05-02","change1: Genus placeholder (sp./spp.): moved to 'genus', set taxonRank=GENUS, cleared scientificName; kept original in verbatim. | change2: Filled coordinateUncertaintyInMeters from decimal-place precision (conservative). | epi_taxo: acceptedName(match1); authorship_epig(match1); genus_from_scientificName; family_WFO; order_majorGroup_WCVP [2026-03-11] | CoordinateCleaner QA applied without sea test (validity, equal, zeros, capitals, centroids, gbif, institutions) [2026-03-29]","standardized authors names in recordedBy","Colección","M.M.M. & S.H.J. & J.A.B.B.","N.M.M."
"3986","HEM2025_3986","PreservedSpecimen","Coleccion",NA,"UNICACH","SPECIES","HEM","Najarro, F.H.","1844","Najarro, F.H.","E","HEM2025",1,"Serpocaulon triseriale",15.0574166666667,-92.0956111111111,"2005-07-27","change1: Filled coordinateUncertaintyInMeters from decimal-place precision (conservative). | epi_taxo: acceptedName(match1); authorship_epig(match1); genus_from_scientificName; family_WFO; order_majorGroup_WCVP [2026-03-11] | CoordinateCleaner QA applied without sea test (validity, equal, zeros, capitals, centroids, gbif, institutions) [2026-03-29]","standardized authors names in recordedBy / standardized authors names in identifiedBy","Colección","F.H. Najarro","F.H. Najarro"
"3987","HEM2025_3987","PreservedSpecimen","Coleccion",NA,"UNICACH","SPECIES","HEM","Perez-Farrera, M.A.","950","M.E.L.M.","E","HEM2025",1,"Serpocaulon triseriale",15.425,-92.6333333333333,"1996-07-25","change1: Filled coordinateUncertaintyInMeters from decimal-place precision (conservative). | epi_taxo: acceptedName(match1); authorship_epig(match1); genus_from_scientificName; family_WFO; order_majorGroup_WCVP [2026-03-11] | CoordinateCleaner QA applied without sea test (validity, equal, zeros, capitals, centroids, gbif, institutions) [2026-03-29]","standardized authors names in recordedBy","Colección","M.A. Pérez-Farrera","M.E.L.M."
"3988","HEM2025_3988","PreservedSpecimen","Coleccion",NA,"UNICACH","SPECIES","HEM","J.M.M.","1058","M.E.L.M.","E","HEM2025",1,"Serpocaulon triseriale",15.4533611111111,-92.6497222222222,"2005-07-21","change1: Filled coordinateUncertaintyInMeters from decimal-place precision (conservative). | epi_taxo: acceptedName(match1); authorship_epig(match1); genus_from_scientificName; family_WFO; order_majorGroup_WCVP [2026-03-11] | CoordinateCleaner QA applied without sea test (validity, equal, zeros, capitals, centroids, gbif, institutions) [2026-03-29]","","Colección","J.M.M.","M.E.L.M."
"3989","HEM2025_3989","PreservedSpecimen","Coleccion",NA,"UNICACH","SPECIES","HEM","Najarro, F.H.","820","E.V.M.","E","HEM2025",1,"Serpocaulon triseriale",16.8941666666667,-93.3941666666667,"1999-11-25","change1: Filled coordinateUncertaintyInMeters from decimal-place precision (conservative). | epi_taxo: acceptedName(match1); authorship_epig(match1); genus_from_scientificName; family_WFO; order_majorGroup_WCVP [2026-03-11] | CoordinateCleaner QA applied without sea test (validity, equal, zeros, capitals, centroids, gbif, institutions) [2026-03-29]","standardized authors names in recordedBy","Colección","F.H. Najarro","E.V.M."
"3990","HEM2025_3990","PreservedSpecimen","Coleccion",NA,"UNICACH","SPECIES","HEM","Najarro, F.H.","820","E.V.M.","E","HEM2025",1,"Serpocaulon triseriale",16.8941666666667,-93.3941666666667,"1999-11-25","change1: Filled coordinateUncertaintyInMeters from decimal-place precision (conservative). | epi_taxo: acceptedName(match1); authorship_epig(match1); genus_from_scientificName; family_WFO; order_majorGroup_WCVP [2026-03-11] | CoordinateCleaner QA applied without sea test (validity, equal, zeros, capitals, centroids, gbif, institutions) [2026-03-29]","standardized authors names in recordedBy","Colección","F.H. Najarro","E.V.M."
"3991","HEM2025_3991","PreservedSpecimen","Coleccion",NA,"UNICACH","SPECIES","HEM","Perez-Farrera, M.A.","521","M.E.L.M.","E","HEM2025",1,"Serpocaulon triseriale",15.9416666666667,-93.2916666666667,"1995-07-11","change1: Filled coordinateUncertaintyInMeters from decimal-place precision (conservative). | epi_taxo: acceptedName(match1); authorship_epig(match1); genus_from_scientificName; family_WFO; order_majorGroup_WCVP [2026-03-11] | CoordinateCleaner QA applied without sea test (validity, equal, zeros, capitals, centroids, gbif, institutions) [2026-03-29]","standardized authors names in recordedBy","Colección","M.A. Pérez-Farrera","M.E.L.M."
"3992","HEM2025_3992","PreservedSpecimen","Coleccion",NA,"UNICACH","SPECIES","HEM","V.M.M.","12-BIS","M.E.L.M.","E","HEM2025",1,"Serpocaulon triseriale",16.8061111111111,-93.2780555555556,"2002-10-20","change1: Filled coordinateUncertaintyInMeters from decimal-place precision (conservative). | epi_taxo: acceptedName(match1); authorship_epig(match1); genus_from_scientificName; family_WFO; order_majorGroup_WCVP [2026-03-11] | CoordinateCleaner QA applied without sea test (validity, equal, zeros, capitals, centroids, gbif, institutions) [2026-03-29]","","Colección","V.M.M.","M.E.L.M."
"3993","HEM2025_3993","PreservedSpecimen","Coleccion",NA,"UNICACH","SPECIES","HEM","K.G.D.","8","M.E.L.M.","E","HEM2025",1,"Serpocaulon triseriale",16.7475,-93.25,"2002-08-31","change1: Filled coordinateUncertaintyInMeters from decimal-place precision (conservative). | epi_taxo: acceptedName(match1); authorship_epig(match1); genus_from_scientificName; family_WFO; order_majorGroup_WCVP [2026-03-11] | CoordinateCleaner QA applied without sea test (validity, equal, zeros, capitals, centroids, gbif, institutions) [2026-03-29]","","Colección","K.G.D.","M.E.L.M."
"3994","HEM2025_3994","PreservedSpecimen","Coleccion",NA,"UNICACH","SPECIES","HEM","K.G.D.","8","M.E.L.M.","E","HEM2025",1,"Serpocaulon triseriale",16.7475,-93.25,"2002-08-31","change1: Filled coordinateUncertaintyInMeters from decimal-place precision (conservative). | epi_taxo: acceptedName(match1); authorship_epig(match1); genus_from_scientificName; family_WFO; order_majorGroup_WCVP [2026-03-11] | CoordinateCleaner QA applied without sea test (validity, equal, zeros, capitals, centroids, gbif, institutions) [2026-03-29]","","Colección","K.G.D.","M.E.L.M."
"3995","HEM2025_3995","PreservedSpecimen","Coleccion",NA,"UNICACH","SPECIES","HEM","J.A.V.V.","10","M.E.L.M.","E","HEM2025",1,"Serpocaulon triseriale",16.7888888888889,-93.4855555555555,"2002-08-16","change1: Filled coordinateUncertaintyInMeters from decimal-place precision (conservative). | epi_taxo: acceptedName(match1); authorship_epig(match1); genus_from_scientificName; family_WFO; order_majorGroup_WCVP [2026-03-11] | CoordinateCleaner QA applied without sea test (validity, equal, zeros, capitals, centroids, gbif, institutions) [2026-03-29]","","Colección","J.A.V.V.","M.E.L.M."
"3996","HEM2025_3996","PreservedSpecimen","Coleccion",NA,"UNICACH","SPECIES","HEM","J.A.V.V.","10","M.E.L.M.","E","HEM2025",1,"Serpocaulon triseriale",16.7888888888889,-93.4855555555555,"2002-08-16","change1: Filled coordinateUncertaintyInMeters from decimal-place precision (conservative). | epi_taxo: acceptedName(match1); authorship_epig(match1); genus_from_scientificName; family_WFO; order_majorGroup_WCVP [2026-03-11] | CoordinateCleaner QA applied without sea test (validity, equal, zeros, capitals, centroids, gbif, institutions) [2026-03-29]","","Colección","J.A.V.V.","M.E.L.M."
"3997","HEM2025_3997","PreservedSpecimen","Coleccion",NA,"UNICACH","SPECIES","HEM","V.M.M.","12","M.E.L.M.","E","HEM2025",1,"Serpocaulon triseriale",16.8061111111111,-93.2780555555556,"2002-10-20","change1: Filled coordinateUncertaintyInMeters from decimal-place precision (conservative). | epi_taxo: acceptedName(match1); authorship_epig(match1); genus_from_scientificName; family_WFO; order_majorGroup_WCVP [2026-03-11] | CoordinateCleaner QA applied without sea test (validity, equal, zeros, capitals, centroids, gbif, institutions) [2026-03-29]","","Colección","V.M.M.","M.E.L.M."
"3998","HEM2025_3998","PreservedSpecimen","Coleccion",NA,"UNICACH","SPECIES","HEM","Camilo, R.M.","1000","M.E.L.M.","E","HEM2025",1,"Serpocaulon triseriale",15.6844444444444,-92.7186111111111,"2006-07-20","change1: Filled coordinateUncertaintyInMeters from decimal-place precision (conservative). | epi_taxo: acceptedName(match1); authorship_epig(match1); genus_from_scientificName; family_WFO; order_majorGroup_WCVP [2026-03-11] | CoordinateCleaner QA applied without sea test (validity, equal, zeros, capitals, centroids, gbif, institutions) [2026-03-29]","standardized authors names in recordedBy","Colección","R.M. Camilo","M.E.L.M."
"3999","HEM2025_3999","PreservedSpecimen","Coleccion",NA,"UNICACH","SPECIES","HEM","Perez-Farrera, M.A.","2986","Perez-Farrera, M.A.","E","HEM2025",1,"Serpocaulon triseriale",16.2100555555556,-93.5839166666667,"2006-08-10","change1: Filled coordinateUncertaintyInMeters from decimal-place precision (conservative). | epi_taxo: acceptedName(match1); authorship_epig(match1); genus_from_scientificName; family_WFO; order_majorGroup_WCVP [2026-03-11] | CoordinateCleaner QA applied without sea test (validity, equal, zeros, capitals, centroids, gbif, institutions) [2026-03-29]","standardized authors names in recordedBy / standardized authors names in identifiedBy","Colección","M.A. Pérez-Farrera","M.A. Pérez-Farrera"
"4000","HEM2025_4000","PreservedSpecimen","Coleccion",NA,"UNICACH","SPECIES","HEM","N.D.","11","M.E.L.M.","E","HEM2025",1,"Serpocaulon triseriale",16.8791666666667,-93.4566666666667,"2001-09-04","change1: Filled coordinateUncertaintyInMeters from decimal-place precision (conservative). | epi_taxo: acceptedName(match1); authorship_epig(match1); genus_from_scientificName; family_WFO; order_majorGroup_WCVP [2026-03-11] | CoordinateCleaner QA applied without sea test (validity, equal, zeros, capitals, centroids, gbif, institutions) [2026-03-29]","standardized authors names in recordedBy","Colección","ND","M.E.L.M."
"4001","HEM2025_4001","PreservedSpecimen","Coleccion",NA,"UNICACH","SPECIES","HEM","N.D.","11","M.E.L.M.","E","HEM2025",1,"Serpocaulon triseriale",16.8791666666667,-93.4566666666667,"2001-09-04","change1: Filled coordinateUncertaintyInMeters from decimal-place precision (conservative). | epi_taxo: acceptedName(match1); authorship_epig(match1); genus_from_scientificName; family_WFO; order_majorGroup_WCVP [2026-03-11] | CoordinateCleaner QA applied without sea test (validity, equal, zeros, capitals, centroids, gbif, institutions) [2026-03-29]","standardized authors names in recordedBy","Colección","ND","M.E.L.M."
"4002","HEM2025_4002","PreservedSpecimen","Coleccion",NA,"UNICACH","SPECIES","HEM","H.G.D.","1514","H.G.D.","E","HEM2025",1,"Serpocaulon triseriale",15.4261388888889,-92.629,"2006-11-15","change1: Filled coordinateUncertaintyInMeters from decimal-place precision (conservative). | epi_taxo: acceptedName(match1); authorship_epig(match1); genus_from_scientificName; family_WFO; order_majorGroup_WCVP [2026-03-11] | CoordinateCleaner QA applied without sea test (validity, equal, zeros, capitals, centroids, gbif, institutions) [2026-03-29]","","Colección","H.G.D.","H.G.D."
"4003","HEM2025_4003","PreservedSpecimen","Coleccion",NA,"UNICACH","SPECIES","HEM","H.H.J.","8","M.E.L.M.","E","HEM2025",1,"Serpocaulon triseriale",16.8108333333333,-92.6775,"2002-10-18","change1: Filled coordinateUncertaintyInMeters from decimal-place precision (conservative). | epi_taxo: acceptedName(match1); authorship_epig(match1); genus_from_scientificName; family_WFO; order_majorGroup_WCVP [2026-03-11] | CoordinateCleaner QA applied without sea test (validity, equal, zeros, capitals, centroids, gbif, institutions) [2026-03-29]","","Colección","H.H.J.","M.E.L.M."
"4004","HEM2025_4004","PreservedSpecimen","Coleccion",NA,"UNICACH","SPECIES","HEM","Chagala, J.L.","88","M.E.L.M.","E","HEM2025",1,"Serpocaulon triseriale",15.5750277777778,-92.7436944444444,"","change1: Filled coordinateUncertaintyInMeters from decimal-place precision (conservative). | epi_taxo: acceptedName(match1); authorship_epig(match1); genus_from_scientificName; family_WFO; order_majorGroup_WCVP [2026-03-11] | CoordinateCleaner QA applied without sea test (validity, equal, zeros, capitals, centroids, gbif, institutions) [2026-03-29]","standardized authors names in recordedBy","Colección","J.L. Chagala","M.E.L.M."
"4005","HEM2025_4005","PreservedSpecimen","Coleccion",NA,"UNICACH","SPECIES","HEM","M.J.G.M.","10-bis","M.E.L.M.","E","HEM2025",1,"Serpocaulon triseriale",16.0791666666667,-91.6708333333333,"2000-11-21","change1: Filled coordinateUncertaintyInMeters from decimal-place precision (conservative). | epi_taxo: acceptedName(match1); authorship_epig(match1); genus_from_scientificName; family_WFO; order_majorGroup_WCVP [2026-03-11] | CoordinateCleaner QA applied without sea test (validity, equal, zeros, capitals, centroids, gbif, institutions) [2026-03-29]","","Colección","M.J.G.M.","M.E.L.M."
"4006","HEM2025_4006","PreservedSpecimen","Coleccion",NA,"UNICACH","SPECIES","HEM","M.A.B.R.","122","M.A.B.R.","E","HEM2025",1,"Serpocaulon triseriale",17.0402833333333,-93.1313388888889,"2009-09-15","change1: Filled coordinateUncertaintyInMeters from decimal-place precision (conservative). | epi_taxo: acceptedName(match1); authorship_epig(match1); genus_from_scientificName; family_WFO; order_majorGroup_WCVP [2026-03-11] | CoordinateCleaner QA applied without sea test (validity, equal, zeros, capitals, centroids, gbif, institutions) [2026-03-29]","","Colección","M.A.B.R.","M.A.B.R."
"4007","HEM2025_4007","PreservedSpecimen","Coleccion",NA,"UNICACH","SPECIES","HEM","U.G.M. | Najarro, F.H.","15","U.G.M.","E","HEM2025",1,"Serpocaulon triseriale",15.9802777777778,-93.4677777777778,"2002-10-12","change1: Filled coordinateUncertaintyInMeters from decimal-place precision (conservative). | epi_taxo: acceptedName(match1); authorship_epig(match1); genus_from_scientificName; family_WFO; order_majorGroup_WCVP [2026-03-11] | CoordinateCleaner QA applied without sea test (validity, equal, zeros, capitals, centroids, gbif, institutions) [2026-03-29]","standardized authors names in recordedBy","Colección","U.G.M. & F.H. Najarro","U.G.M."
"4008","HEM2025_4008","PreservedSpecimen","Coleccion",NA,"UNICACH","SPECIES","HEM","M.N.M.G.","569","Perez-Farrera, M.A.","E","HEM2025",1,"Serpocaulon triseriale",15.9727777777778,-93.4708333333333,"2002-10-12","change1: Filled coordinateUncertaintyInMeters from decimal-place precision (conservative). | epi_taxo: acceptedName(match1); authorship_epig(match1); genus_from_scientificName; family_WFO; order_majorGroup_WCVP [2026-03-11] | CoordinateCleaner QA applied without sea test (validity, equal, zeros, capitals, centroids, gbif, institutions) [2026-03-29]","standardized authors names in identifiedBy","Colección","M.N.M.G.","M.A. Pérez-Farrera"
"4009","HEM2025_4009","PreservedSpecimen","Coleccion",NA,"UNICACH","SPECIES","HEM","M.M.M. | M.A.D.V.","2018","N.M.M.","E","HEM2025",1,"Serpocaulon triseriale",15.101,-92.0952222222222,"2013-06-27","change1: Filled coordinateUncertaintyInMeters from decimal-place precision (conservative). | epi_taxo: acceptedName(match1); authorship_epig(match1); genus_from_scientificName; family_WFO; order_majorGroup_WCVP [2026-03-11] | CoordinateCleaner QA applied without sea test (validity, equal, zeros, capitals, centroids, gbif, institutions) [2026-03-29]","standardized authors names in recordedBy","Colección","M.M.M. & M.A.D.V.","N.M.M."
"4010","HEM2025_4010","PreservedSpecimen","Coleccion",NA,"UNICACH","SPECIES","HEM","M.M.M. | M.A.D.V.","2150","Perez-Farrera, M.A.","E","HEM2025",1,"Serpocaulon triseriale",15.04225,-92.1473611111111,"2013-06-30","change1: Filled coordinateUncertaintyInMeters from decimal-place precision (conservative). | epi_taxo: acceptedName(match1); authorship_epig(match1); genus_from_scientificName; family_WFO; order_majorGroup_WCVP [2026-03-11] | CoordinateCleaner QA applied without sea test (validity, equal, zeros, capitals, centroids, gbif, institutions) [2026-03-29]","standardized authors names in recordedBy / standardized authors names in identifiedBy","Colección","M.M.M. & M.A.D.V.","M.A. Pérez-Farrera"
"4011","HEM2025_4011","PreservedSpecimen","Coleccion",NA,"UNICACH","SPECIES","HEM","M.M.M. | M.C.R.M.","2662","N.M.M.","E","HEM2025",1,"Serpocaulon triseriale",15.1569722222222,-92.1405555555556,"2013-11-16","change1: Filled coordinateUncertaintyInMeters from decimal-place precision (conservative). | epi_taxo: acceptedName(match1); authorship_epig(match1); genus_from_scientificName; family_WFO; order_majorGroup_WCVP [2026-03-11] | CoordinateCleaner QA applied without sea test (validity, equal, zeros, capitals, centroids, gbif, institutions) [2026-03-29]","standardized authors names in recordedBy","Colección","M.M.M. & M.C.R.M.","N.M.M."
"4012","HEM2025_4012","PreservedSpecimen","Coleccion",NA,"UNICACH","SPECIES","HEM","M.M.M. | M.C.R.M.","3005","N.M.M.","E","HEM2025",1,"Serpocaulon triseriale",15.1627222222222,-92.1505277777778,"2013-12-02","change1: Filled coordinateUncertaintyInMeters from decimal-place precision (conservative). | epi_taxo: acceptedName(match1); authorship_epig(match1); genus_from_scientificName; family_WFO; order_majorGroup_WCVP [2026-03-11] | CoordinateCleaner QA applied without sea test (validity, equal, zeros, capitals, centroids, gbif, institutions) [2026-03-29]","standardized authors names in recordedBy","Colección","M.M.M. & M.C.R.M.","N.M.M."
"4013","HEM2025_4013","PreservedSpecimen","Coleccion",NA,"UNICACH","SPECIES","HEM","Camilo, R.M. | M.I.L.R. | N.A.F.R.","2344","Camilo, R.M.","E","HEM2025",1,"Serpocaulon triseriale",15.0905833333333,-92.1476388888889,"2014-07-06","change1: Filled coordinateUncertaintyInMeters from decimal-place precision (conservative). | epi_taxo: acceptedName(match1); authorship_epig(match1); genus_from_scientificName; family_WFO; order_majorGroup_WCVP [2026-03-11] | CoordinateCleaner QA applied without sea test (validity, equal, zeros, capitals, centroids, gbif, institutions) [2026-03-29]","standardized authors names in recordedBy / standardized authors names in identifiedBy","Colección","R.M. Camilo & M.I.L.R. & N.A.F.R.","R.M. Camilo"
"4014","HEM2025_4014","PreservedSpecimen","Coleccion",NA,"UNICACH","SPECIES","HEM","M.M.M. | N.M.M. | R.J.R.V. | E.C.N.","4214","Perez-Farrera, M.A.","E","HEM2025",1,"Serpocaulon triseriale",15.0893888888889,-92.1465555555556,"2014-06-17","change1: Filled coordinateUncertaintyInMeters from decimal-place precision (conservative). | epi_taxo: acceptedName(match1); authorship_epig(match1); genus_from_scientificName; family_WFO; order_majorGroup_WCVP [2026-03-11] | CoordinateCleaner QA applied without sea test (validity, equal, zeros, capitals, centroids, gbif, institutions) [2026-03-29]","standardized authors names in recordedBy / standardized authors names in identifiedBy","Colección","M.M.M. & N.M.M. & R.J.R.V. & E.C.N.","M.A. Pérez-Farrera"
"4015","HEM2025_4015","PreservedSpecimen","Coleccion",NA,"UNICACH","SPECIES","HEM","M.M.M. | N.M.M. | R.J.R.V. | E.C.N.","4322","N.M.M.","E","HEM2025",1,"Serpocaulon triseriale",15.096,-92.1404722222222,"2014-06-19","change1: Filled coordinateUncertaintyInMeters from decimal-place precision (conservative). | epi_taxo: acceptedName(match1); authorship_epig(match1); genus_from_scientificName; family_WFO; order_majorGroup_WCVP [2026-03-11] | CoordinateCleaner QA applied without sea test (validity, equal, zeros, capitals, centroids, gbif, institutions) [2026-03-29]","standardized authors names in recordedBy","Colección","M.M.M. & N.M.M. & R.J.R.V. & E.C.N.","N.M.M."
"4016","HEM2025_4016","PreservedSpecimen","Coleccion",NA,"UNICACH","SPECIES","HEM","M.M.M. | N.M.M. | R.J.R.V. | E.C.N.","4696","N.M.M.","E","HEM2025",1,"Serpocaulon triseriale",15.0869166666667,-92.1446111111111,"2014-07-06","change1: Filled coordinateUncertaintyInMeters from decimal-place precision (conservative). | epi_taxo: acceptedName(match1); authorship_epig(match1); genus_from_scientificName; family_WFO; order_majorGroup_WCVP [2026-03-11] | CoordinateCleaner QA applied without sea test (validity, equal, zeros, capitals, centroids, gbif, institutions) [2026-03-29]","standardized authors names in recordedBy","Colección","M.M.M. & N.M.M. & R.J.R.V. & E.C.N.","N.M.M."
"4017","HEM2025_4017","PreservedSpecimen","Coleccion",NA,"UNICACH","SPECIES","HEM","M.M.M. | Camilo, R.M. | E.A.M.A. | M.I.L.R. | N.A.F.R.","4734","N.M.M.","E","HEM2025",1,"Serpocaulon triseriale",15.0926111111111,-92.1466944444444,"2014-07-07","change1: Filled coordinateUncertaintyInMeters from decimal-place precision (conservative). | epi_taxo: acceptedName(match1); authorship_epig(match1); genus_from_scientificName; family_WFO; order_majorGroup_WCVP [2026-03-11] | CoordinateCleaner QA applied without sea test (validity, equal, zeros, capitals, centroids, gbif, institutions) [2026-03-29]","standardized authors names in recordedBy","Colección","M.M.M. & R.M. Camilo & E.A.M.A. & M.I.L.R. & N.A.F.R.","N.M.M."
"4018","HEM2025_4018","PreservedSpecimen","Coleccion",NA,"UNICACH","SPECIES","HEM","M.M.M. | M.C.R.M.","5069","N.M.M.","E","HEM2025",1,"Serpocaulon triseriale",15.0993611111111,-92.1659722222222,"2014-09-16","change1: Filled coordinateUncertaintyInMeters from decimal-place precision (conservative). | epi_taxo: acceptedName(match1); authorship_epig(match1); genus_from_scientificName; family_WFO; order_majorGroup_WCVP [2026-03-11] | CoordinateCleaner QA applied without sea test (validity, equal, zeros, capitals, centroids, gbif, institutions) [2026-03-29]","standardized authors names in recordedBy","Colección","M.M.M. & M.C.R.M.","N.M.M."
"4019","HEM2025_4019","PreservedSpecimen","Coleccion",NA,"UNICACH","SPECIES","HEM","M.M.M. | M.C.R.M.","5193","N.M.M.","E","HEM2025",1,"Serpocaulon triseriale",15.1063611111111,-92.1741944444445,"2014-09-18","change1: Filled coordinateUncertaintyInMeters from decimal-place precision (conservative). | epi_taxo: acceptedName(match1); authorship_epig(match1); genus_from_scientificName; family_WFO; order_majorGroup_WCVP [2026-03-11] | CoordinateCleaner QA applied without sea test (validity, equal, zeros, capitals, centroids, gbif, institutions) [2026-03-29]","standardized authors names in recordedBy","Colección","M.M.M. & M.C.R.M.","N.M.M."
"4020","HEM2025_4020","PreservedSpecimen","Coleccion",NA,"UNICACH","SPECIES","HEM","M.M.M. | M.C.R.M.","5206","N.M.M.","E","HEM2025",1,"Serpocaulon triseriale",15.1063611111111,-92.1741944444445,"2014-09-18","change1: Filled coordinateUncertaintyInMeters from decimal-place precision (conservative). | epi_taxo: acceptedName(match1); authorship_epig(match1); genus_from_scientificName; family_WFO; order_majorGroup_WCVP [2026-03-11] | CoordinateCleaner QA applied without sea test (validity, equal, zeros, capitals, centroids, gbif, institutions) [2026-03-29]","standardized authors names in recordedBy","Colección","M.M.M. & M.C.R.M.","N.M.M."
"4021","HEM2025_4021","PreservedSpecimen","Coleccion",NA,"UNICACH","SPECIES","HEM","M.M.M. | M.C.R.M.","5263","N.M.M.","E","HEM2025",1,"Serpocaulon triseriale",15.1086388888889,-92.1911666666667,"2014-09-20","change1: Filled coordinateUncertaintyInMeters from decimal-place precision (conservative). | epi_taxo: acceptedName(match1); authorship_epig(match1); genus_from_scientificName; family_WFO; order_majorGroup_WCVP [2026-03-11] | CoordinateCleaner QA applied without sea test (validity, equal, zeros, capitals, centroids, gbif, institutions) [2026-03-29]","standardized authors names in recordedBy","Colección","M.M.M. & M.C.R.M.","N.M.M."
"4022","HEM2025_4022","PreservedSpecimen","Coleccion",NA,"UNICACH","SPECIES","HEM","Camilo, R.M. | N.M.M.","2553","Camilo, R.M.","E","HEM2025",1,"Serpocaulon triseriale",15.0969444444444,-92.1347222222222,"2014-08-15","change1: Filled coordinateUncertaintyInMeters from decimal-place precision (conservative). | epi_taxo: acceptedName(match1); authorship_epig(match1); genus_from_scientificName; family_WFO; order_majorGroup_WCVP [2026-03-11] | CoordinateCleaner QA applied without sea test (validity, equal, zeros, capitals, centroids, gbif, institutions) [2026-03-29]","standardized authors names in recordedBy / standardized authors names in identifiedBy","Colección","R.M. Camilo & N.M.M.","R.M. Camilo"
"4023","HEM2025_4023","PreservedSpecimen","Coleccion",NA,"UNICACH","SPECIES","HEM","Camilo, R.M. | N.M.M.","2569","Camilo, R.M.","E","HEM2025",1,"Serpocaulon triseriale",15.0969444444444,-92.1347222222222,"2014-08-15","change1: Filled coordinateUncertaintyInMeters from decimal-place precision (conservative). | epi_taxo: acceptedName(match1); authorship_epig(match1); genus_from_scientificName; family_WFO; order_majorGroup_WCVP [2026-03-11] | CoordinateCleaner QA applied without sea test (validity, equal, zeros, capitals, centroids, gbif, institutions) [2026-03-29]","standardized authors names in recordedBy / standardized authors names in identifiedBy","Colección","R.M. Camilo & N.M.M.","R.M. Camilo"
"4024","HEM2025_4024","PreservedSpecimen","Coleccion",NA,"UNICACH","SPECIES","HEM","Camilo, R.M. | N.M.M.","2625","Camilo, R.M.","E","HEM2025",1,"Serpocaulon triseriale",15.0988611111111,-92.1681388888889,"2014-08-16","change1: Filled coordinateUncertaintyInMeters from decimal-place precision (conservative). | epi_taxo: acceptedName(match1); authorship_epig(match1); genus_from_scientificName; family_WFO; order_majorGroup_WCVP [2026-03-11] | CoordinateCleaner QA applied without sea test (validity, equal, zeros, capitals, centroids, gbif, institutions) [2026-03-29]","standardized authors names in recordedBy / standardized authors names in identifiedBy","Colección","R.M. Camilo & N.M.M.","R.M. Camilo"
"4025","HEM2025_4025","PreservedSpecimen","Coleccion",NA,"UNICACH","SPECIES","HEM","Camilo, R.M. | N.M.M.","828","M.E.L.M.","E","HEM2025",1,"Serpocaulon triseriale",17.3958333333333,-94.0694444444444,"2004-01-11","change1: Filled coordinateUncertaintyInMeters from decimal-place precision (conservative). | epi_taxo: acceptedName(match1); authorship_epig(match1); genus_from_scientificName; family_WFO; order_majorGroup_WCVP [2026-03-11] | CoordinateCleaner QA applied without sea test (validity, equal, zeros, capitals, centroids, gbif, institutions) [2026-03-29]","standardized authors names in recordedBy","Colección","R.M. Camilo & N.M.M.","M.E.L.M."
"4026","HEM2025_4026","PreservedSpecimen","Coleccion",NA,"UNICACH","SPECIES","HEM","M.M.M. | D.A.J.L. | R.J.R.V.","5426","N.M.M.","E","HEM2025",1,"Serpocaulon triseriale",15.07075,-92.1635277777778,"2015-03-24","change1: Filled coordinateUncertaintyInMeters from decimal-place precision (conservative). | epi_taxo: acceptedName(match1); authorship_epig(match1); genus_from_scientificName; family_WFO; order_majorGroup_WCVP [2026-03-11] | CoordinateCleaner QA applied without sea test (validity, equal, zeros, capitals, centroids, gbif, institutions) [2026-03-29]","standardized authors names in recordedBy","Colección","M.M.M. & D.A.J.L. & R.J.R.V.","N.M.M."
"4027","HEM2025_4027","PreservedSpecimen","Coleccion",NA,"UNICACH","SPECIES","HEM","A.R.G.","963","M.E.L.M.","E","HEM2025",1,"Serpocaulon triseriale",16.7530555555556,-93.2708333333333,"1988-09-17","change1: Filled coordinateUncertaintyInMeters from decimal-place precision (conservative). | epi_taxo: acceptedName(match1); authorship_epig(match1); genus_from_scientificName; family_WFO; order_majorGroup_WCVP [2026-03-11] | CoordinateCleaner QA applied without sea test (validity, equal, zeros, capitals, centroids, gbif, institutions) [2026-03-29]","","Colección","A.R.G.","M.E.L.M."
"4028","HEM2025_4028","PreservedSpecimen","Coleccion",NA,"UNICACH","SPECIES","HEM","A.R.G.","963","M.E.L.M.","E","HEM2025",1,"Serpocaulon triseriale",16.7530555555556,-93.2708333333333,"1988-09-17","change1: Filled coordinateUncertaintyInMeters from decimal-place precision (conservative). | epi_taxo: acceptedName(match1); authorship_epig(match1); genus_from_scientificName; family_WFO; order_majorGroup_WCVP [2026-03-11] | CoordinateCleaner QA applied without sea test (validity, equal, zeros, capitals, centroids, gbif, institutions) [2026-03-29]","","Colección","A.R.G.","M.E.L.M."
"4029","HEM2025_4029","PreservedSpecimen","Coleccion",NA,"UNICACH","SPECIES","HEM","C.C.G.","19","Perez-Farrera, M.A.","E","HEM2025",1,"Serpocaulon triseriale",16.8777777777778,-93.4558333333333,"2002-09-14","change1: Filled coordinateUncertaintyInMeters from decimal-place precision (conservative). | epi_taxo: acceptedName(match1); authorship_epig(match1); genus_from_scientificName; family_WFO; order_majorGroup_WCVP [2026-03-11] | CoordinateCleaner QA applied without sea test (validity, equal, zeros, capitals, centroids, gbif, institutions) [2026-03-29]","standardized authors names in identifiedBy","Colección","C.C.G.","M.A. Pérez-Farrera"
"4030","HEM2025_4030","PreservedSpecimen","Coleccion",NA,"UNICACH","SPECIES","HEM","C.C.G.","19","Perez-Farrera, M.A.","E","HEM2025",1,"Serpocaulon triseriale",16.8777777777778,-93.4558333333333,"2002-09-14","change1: Filled coordinateUncertaintyInMeters from decimal-place precision (conservative). | epi_taxo: acceptedName(match1); authorship_epig(match1); genus_from_scientificName; family_WFO; order_majorGroup_WCVP [2026-03-11] | CoordinateCleaner QA applied without sea test (validity, equal, zeros, capitals, centroids, gbif, institutions) [2026-03-29]","standardized authors names in identifiedBy","Colección","C.C.G.","M.A. Pérez-Farrera"
"4031","HEM2025_4031","PreservedSpecimen","Coleccion",NA,"UNICACH","SPECIES","HEM","H.P.U.","30","A.M.R.","E","HEM2025",1,"Serpocaulon triseriale",17.2397222222222,-92.3330555555555,"1986-08-31","change1: Filled coordinateUncertaintyInMeters from decimal-place precision (conservative). | epi_taxo: acceptedName(match1); authorship_epig(match1); genus_from_scientificName; family_WFO; order_majorGroup_WCVP [2026-03-11] | CoordinateCleaner QA applied without sea test (validity, equal, zeros, capitals, centroids, gbif, institutions) [2026-03-29]","","Colección","H.P.U.","A.M.R."
"4032","HEM2025_4032","PreservedSpecimen","Coleccion",NA,"UNICACH","SPECIES","HEM","H.P.U.","30","A.M.R.","E","HEM2025",1,"Serpocaulon triseriale",17.2397222222222,-92.3330555555555,"1986-08-31","change1: Filled coordinateUncertaintyInMeters from decimal-place precision (conservative). | epi_taxo: acceptedName(match1); authorship_epig(match1); genus_from_scientificName; family_WFO; order_majorGroup_WCVP [2026-03-11] | CoordinateCleaner QA applied without sea test (validity, equal, zeros, capitals, centroids, gbif, institutions) [2026-03-29]","","Colección","H.P.U.","A.M.R."
"4033","HEM2025_4033","PreservedSpecimen","Coleccion",NA,"UNICACH","SPECIES","HEM","N.V.A.","14","E.V.M.","E","HEM2025",1,"Serpocaulon triseriale",17.2144444444444,-93.0816666666667,"2002-10-12","change1: Filled coordinateUncertaintyInMeters from decimal-place precision (conservative). | epi_taxo: acceptedName(match1); authorship_epig(match1); genus_from_scientificName; family_WFO; order_majorGroup_WCVP [2026-03-11] | CoordinateCleaner QA applied without sea test (validity, equal, zeros, capitals, centroids, gbif, institutions) [2026-03-29]","","Colección","N.V.A.","E.V.M."
"4034","HEM2025_4034","PreservedSpecimen","Coleccion",NA,"UNICACH","SPECIES","HEM","D.A.L.G.","10","E.V.M.","E","HEM2025",1,"Serpocaulon triseriale",16.0466666666667,-93.3066666666667,"2002-09-28","change1: Filled coordinateUncertaintyInMeters from decimal-place precision (conservative). | epi_taxo: acceptedName(match1); authorship_epig(match1); genus_from_scientificName; family_WFO; order_majorGroup_WCVP [2026-03-11] | CoordinateCleaner QA applied without sea test (validity, equal, zeros, capitals, centroids, gbif, institutions) [2026-03-29]","","Colección","D.A.L.G.","E.V.M."
"4035","HEM2025_4035","PreservedSpecimen","Coleccion",NA,"UNICACH","SPECIES","HEM","D.A.L.G.","10","E.V.M.","E","HEM2025",1,"Serpocaulon triseriale",16.0466666666667,-93.3066666666667,"2002-09-28","change1: Filled coordinateUncertaintyInMeters from decimal-place precision (conservative). | epi_taxo: acceptedName(match1); authorship_epig(match1); genus_from_scientificName; family_WFO; order_majorGroup_WCVP [2026-03-11] | CoordinateCleaner QA applied without sea test (validity, equal, zeros, capitals, centroids, gbif, institutions) [2026-03-29]","","Colección","D.A.L.G.","E.V.M."
"4036","HEM2025_4036","PreservedSpecimen","Coleccion",NA,"UNICACH","SPECIES","HEM","H.M.C.","6","E.V.M.","E","HEM2025",1,"Serpocaulon triseriale",16.8105555555556,-93.4166666666667,"2002-08-31","change1: Filled coordinateUncertaintyInMeters from decimal-place precision (conservative). | epi_taxo: acceptedName(match1); authorship_epig(match1); genus_from_scientificName; family_WFO; order_majorGroup_WCVP [2026-03-11] | CoordinateCleaner QA applied without sea test (validity, equal, zeros, capitals, centroids, gbif, institutions) [2026-03-29]","","Colección","H.M.C.","E.V.M."
"4037","HEM2025_4037","PreservedSpecimen","Coleccion",NA,"UNICACH","SPECIES","HEM","Gonzalez, A.G.","19","E.V.M.","E","HEM2025",1,"Serpocaulon triseriale",16.9941666666667,-93.1275,"2002-10-22","change1: Filled coordinateUncertaintyInMeters from decimal-place precision (conservative). | epi_taxo: acceptedName(match1); authorship_epig(match1); genus_from_scientificName; family_WFO; order_majorGroup_WCVP [2026-03-11] | CoordinateCleaner QA applied without sea test (validity, equal, zeros, capitals, centroids, gbif, institutions) [2026-03-29]","standardized authors names in recordedBy","Colección","A.G. González","E.V.M."
"4038","HEM2025_4038","PreservedSpecimen","Coleccion",NA,"UNICACH","SPECIES","HEM","M.E.L.M.","547","M.E.L.M.","E","HEM2025",1,"Serpocaulon triseriale",15.8275,-93.0441666666667,"1999-11-18","change1: Filled coordinateUncertaintyInMeters from decimal-place precision (conservative). | epi_taxo: acceptedName(match1); authorship_epig(match1); genus_from_scientificName; family_WFO; order_majorGroup_WCVP [2026-03-11] | CoordinateCleaner QA applied without sea test (validity, equal, zeros, capitals, centroids, gbif, institutions) [2026-03-29]","","Colección","M.E.L.M.","M.E.L.M."
"4039","HEM2025_4039","PreservedSpecimen","Coleccion",NA,"UNICACH","SPECIES","HEM","H.G.D.","1453","M.E.L.M.","E","HEM2025",1,"Grammitis anfractuosa",16.1958333333333,-93.6125,"2005-08-20","change1: Filled coordinateUncertaintyInMeters from decimal-place precision (conservative). | epi_taxo: acceptedName(match1); authorship_epig(match1); genus_from_scientificName; family_WFO; order_majorGroup_WCVP [2026-03-11] | CoordinateCleaner QA applied without sea test (validity, equal, zeros, capitals, centroids, gbif, institutions) [2026-03-29]","","Colección","H.G.D.","M.E.L.M."
"4040","HEM2025_4040","PreservedSpecimen","Coleccion",NA,"UNICACH","SPECIES","HEM","T.B.C.","47143","A.L.M.","E","HEM2025",1,"Grammitis cultrata",15.0925,-92.1244444444444,"1979-02-10","change1: Filled coordinateUncertaintyInMeters from decimal-place precision (conservative). | epi_taxo: acceptedName(match1); authorship_epig(match1); genus_from_scientificName; family_WFO; order_majorGroup_WCVP [2026-03-11] | CoordinateCleaner QA applied without sea test (validity, equal, zeros, capitals, centroids, gbif, institutions) [2026-03-29]","","Colección","T.B.C.","A.L.M."
"4041","HEM2025_4041","PreservedSpecimen","Coleccion",NA,"UNICACH","SPECIES","HEM","Perez-Farrera, M.A.","1305","M.E.L.M.","E","HEM2025",1,"Grammitis cultrata",15.7213888888889,-92.9522222222222,"1996-11-05","change1: Filled coordinateUncertaintyInMeters from decimal-place precision (conservative). | epi_taxo: acceptedName(match1); authorship_epig(match1); genus_from_scientificName; family_WFO; order_majorGroup_WCVP [2026-03-11] | CoordinateCleaner QA applied without sea test (validity, equal, zeros, capitals, centroids, gbif, institutions) [2026-03-29]","standardized authors names in recordedBy","Colección","M.A. Pérez-Farrera","M.E.L.M."
"4042","HEM2025_4042","PreservedSpecimen","Coleccion",NA,"UNICACH","SPECIES","HEM","N.M.M.","1780","Perez-Farrera, M.A.","E","HEM2025",1,"Grammitis cultrata",15.7230555555556,-93.0013888888889,"2006-10-13","change1: Filled coordinateUncertaintyInMeters from decimal-place precision (conservative). | epi_taxo: acceptedName(match1); authorship_epig(match1); genus_from_scientificName; family_WFO; order_majorGroup_WCVP [2026-03-11] | CoordinateCleaner QA applied without sea test (validity, equal, zeros, capitals, centroids, gbif, institutions) [2026-03-29]","standardized authors names in identifiedBy","Colección","N.M.M.","M.A. Pérez-Farrera"
"4043","HEM2025_4043","PreservedSpecimen","Coleccion",NA,"UNICACH","SPECIES","HEM","M.E.L.M.","95-bis","M.E.L.M.","E","HEM2025",1,"Grammitis cultrata",15.6333333333333,-92.8333333333333,"1998-02-24","change1: Filled coordinateUncertaintyInMeters from decimal-place precision (conservative). | epi_taxo: acceptedName(match1); authorship_epig(match1); genus_from_scientificName; family_WFO; order_majorGroup_WCVP [2026-03-11] | CoordinateCleaner QA applied without sea test (validity, equal, zeros, capitals, centroids, gbif, institutions) [2026-03-29]","","Colección","M.E.L.M.","M.E.L.M."
"4044","HEM2025_4044","PreservedSpecimen","Coleccion",NA,"UNICACH","SPECIES","HEM","M.E.L.M.","95","M.E.L.M.","E","HEM2025",1,"Grammitis cultrata",15.6333333333333,-92.8333333333333,"1998-02-24","change1: Filled coordinateUncertaintyInMeters from decimal-place precision (conservative). | epi_taxo: acceptedName(match1); authorship_epig(match1); genus_from_scientificName; family_WFO; order_majorGroup_WCVP [2026-03-11] | CoordinateCleaner QA applied without sea test (validity, equal, zeros, capitals, centroids, gbif, institutions) [2026-03-29]","","Colección","M.E.L.M.","M.E.L.M."
"4045","HEM2025_4045","PreservedSpecimen","Coleccion",NA,"UNICACH","SPECIES","HEM","M.E.L.M.","326","M.E.L.M.","E","HEM2025",1,"Grammitis delicatula",15.6966666666667,-92.9888888888889,"1999-04-15","change1: Filled coordinateUncertaintyInMeters from decimal-place precision (conservative). | epi_taxo: acceptedName(match1); authorship_epig(match1); genus_from_scientificName; family_WFO; order_majorGroup_WCVP [2026-03-11] | CoordinateCleaner QA applied without sea test (validity, equal, zeros, capitals, centroids, gbif, institutions) [2026-03-29]","","Colección","M.E.L.M.","M.E.L.M."
"4046","HEM2025_4046","PreservedSpecimen","Coleccion",NA,"UNICACH","SPECIES","HEM","M.E.L.M.","1010","M.E.L.M.","E","HEM2025",1,"Grammitis semihirsuta",15.6641666666667,-92.8136111111111,"1996-08-09","change1: Filled coordinateUncertaintyInMeters from decimal-place precision (conservative). | epi_taxo: acceptedName(match1); authorship_epig(match1); genus_from_scientificName; family_WFO; order_majorGroup_WCVP [2026-03-11] | CoordinateCleaner QA applied without sea test (validity, equal, zeros, capitals, centroids, gbif, institutions) [2026-03-29]","","Colección","M.E.L.M.","M.E.L.M."
"4047","HEM2025_4047","PreservedSpecimen","Coleccion",NA,"UNICACH","SPECIES","HEM","M.E.L.M.","132","M.E.L.M.","E","HEM2025",1,"Grammitis semihirsuta",15.6641666666667,-92.8136111111111,"1998-02-26","change1: Filled coordinateUncertaintyInMeters from decimal-place precision (conservative). | epi_taxo: acceptedName(match1); authorship_epig(match1); genus_from_scientificName; family_WFO; order_majorGroup_WCVP [2026-03-11] | CoordinateCleaner QA applied without sea test (validity, equal, zeros, capitals, centroids, gbif, institutions) [2026-03-29]","","Colección","M.E.L.M.","M.E.L.M."
"4048","HEM2025_4048","PreservedSpecimen","Coleccion",NA,"UNICACH","SPECIES","HEM","H.G.D.","863","M.E.L.M.","E","HEM2025",1,"Grammitis semihirsuta",15.6641666666667,-92.8136111111111,"2005-01-11","change1: Filled coordinateUncertaintyInMeters from decimal-place precision (conservative). | epi_taxo: acceptedName(match1); authorship_epig(match1); genus_from_scientificName; family_WFO; order_majorGroup_WCVP [2026-03-11] | CoordinateCleaner QA applied without sea test (validity, equal, zeros, capitals, centroids, gbif, institutions) [2026-03-29]","","Colección","H.G.D.","M.E.L.M."
"4049","HEM2025_4049","PreservedSpecimen","Coleccion",NA,"UNICACH","SPECIES","HEM","N.M.M.","1801-bis","Perez-Farrera, M.A.","E","HEM2025",1,"Grammitis semihirsuta",15.7230555555556,-93.0013888888889,"2006-10-13","change1: Filled coordinateUncertaintyInMeters from decimal-place precision (conservative). | epi_taxo: acceptedName(match1); authorship_epig(match1); genus_from_scientificName; family_WFO; order_majorGroup_WCVP [2026-03-11] | CoordinateCleaner QA applied without sea test (validity, equal, zeros, capitals, centroids, gbif, institutions) [2026-03-29]","standardized authors names in identifiedBy","Colección","N.M.M.","M.A. Pérez-Farrera"
"4050","HEM2025_4050","PreservedSpecimen","Coleccion",NA,"UNICACH","SPECIES","HEM","Camilo, R.M.","289","Perez-Farrera, M.A.","E","HEM2025",1,"Grammitis semihirsuta",15.7,-92.9805555555556,"2001-12-22","change1: Filled coordinateUncertaintyInMeters from decimal-place precision (conservative). | epi_taxo: acceptedName(match1); authorship_epig(match1); genus_from_scientificName; family_WFO; order_majorGroup_WCVP [2026-03-11] | CoordinateCleaner QA applied without sea test (validity, equal, zeros, capitals, centroids, gbif, institutions) [2026-03-29]","standardized authors names in recordedBy / standardized authors names in identifiedBy","Colección","R.M. Camilo","M.A. Pérez-Farrera"
"4051","HEM2025_4051","PreservedSpecimen","Coleccion",NA,"UNICACH","SPECIES","HEM","E.M.S. | A.M.G. | G.U. | M.R.","19587","Perez-Farrera, M.A.","E","HEM2025",1,"Grammitis senilis",15.1275,-92.1108333333333,"1987-02-06","change1: Filled coordinateUncertaintyInMeters from decimal-place precision (conservative). | epi_taxo: acceptedName(match1); authorship_epig(match1); genus_from_scientificName; family_WFO; order_majorGroup_WCVP [2026-03-11] | CoordinateCleaner QA applied without sea test (validity, equal, zeros, capitals, centroids, gbif, institutions) [2026-03-29]","standardized authors names in recordedBy / standardized authors names in identifiedBy","Colección","E.M.S. & A.M.G. & G.U. & M.R.","M.A. Pérez-Farrera"
"4052","HEM2025_4052","PreservedSpecimen","Coleccion",NA,"UNICACH","SPECIES","HEM","H.G.D.","916","H.G.D.","E","HEM2025",1,"Grammitis subtilis",15.6641666666667,-92.8136111111111,"2004-11-11","change1: Filled coordinateUncertaintyInMeters from decimal-place precision (conservative). | epi_taxo: acceptedName(match1); authorship_epig(match1); genus_from_scientificName; family_WFO; order_majorGroup_WCVP [2026-03-11] | CoordinateCleaner QA applied without sea test (validity, equal, zeros, capitals, centroids, gbif, institutions) [2026-03-29]","","Colección","H.G.D.","H.G.D."
"4053","HEM2025_4053","PreservedSpecimen","Coleccion",NA,"UNICACH","SPECIES","HEM","E.I.S.","ND","Perez-Farrera, M.A.","E","HEM2025",1,"Adiantum andicola",17.18,-92.905,"1990-09-24","change1: Filled coordinateUncertaintyInMeters from decimal-place precision (conservative). | epi_taxo: acceptedName(match1); authorship_epig(match1); genus_from_scientificName; family_WFO; order_majorGroup_WCVP [2026-03-11] | CoordinateCleaner QA applied without sea test (validity, equal, zeros, capitals, centroids, gbif, institutions) [2026-03-29]","standardized authors names in identifiedBy","Colección","E.I.S.","M.A. Pérez-Farrera"
"4054","HEM2025_4054","PreservedSpecimen","Coleccion",NA,"UNICACH","SPECIES","HEM","T.A.S.","148","T.A.S.","E","HEM2025",3,"Adiantum alarconianum",16.7458333333333,-92.6961111111111,"1988-08-13","change1: Filled coordinateUncertaintyInMeters from decimal-place precision (conservative). | epi_taxo: acceptedName(match1); authorship_epig(match1); genus_from_scientificName; family_WFO; order_majorGroup_WCVP [2026-03-11] | CoordinateCleaner QA applied without sea test (validity, equal, zeros, capitals, centroids, gbif, institutions) [2026-03-29]","","Colección","T.A.S.","T.A.S."
"4055","HEM2025_4055","PreservedSpecimen","Coleccion",NA,"UNICACH","SPECIES","HEM","J.M.M.","1092","J.M.M.","E","HEM2025",3,"Adiantum alarconianum",15.8013055555556,-93.0518333333333,"2005-08-23","change1: Filled coordinateUncertaintyInMeters from decimal-place precision (conservative). | epi_taxo: acceptedName(match1); authorship_epig(match1); genus_from_scientificName; family_WFO; order_majorGroup_WCVP [2026-03-11] | CoordinateCleaner QA applied without sea test (validity, equal, zeros, capitals, centroids, gbif, institutions) [2026-03-29]","","Colección","J.M.M.","J.M.M."
"4056","HEM2025_4056","PreservedSpecimen","Coleccion",NA,"UNICACH","SPECIES","HEM","J.M.M.","633","Perez-Farrera, M.A.","E","HEM2025",3,"Adiantum alarconianum",15.8079722222222,-93.0486666666667,"2004-11-07","change1: Filled coordinateUncertaintyInMeters from decimal-place precision (conservative). | epi_taxo: acceptedName(match1); authorship_epig(match1); genus_from_scientificName; family_WFO; order_majorGroup_WCVP [2026-03-11] | CoordinateCleaner QA applied without sea test (validity, equal, zeros, capitals, centroids, gbif, institutions) [2026-03-29]","standardized authors names in identifiedBy","Colección","J.M.M.","M.A. Pérez-Farrera"
"4057","HEM2025_4057","PreservedSpecimen","Coleccion",NA,"UNICACH","SPECIES","HEM","P.R.","6","M.E.L.M.","E","HEM2025",3,"Adiantum alarconianum",16.8583333333333,-93.1441666666667,"1998-11-23","change1: Filled coordinateUncertaintyInMeters from decimal-place precision (conservative). | epi_taxo: acceptedName(match1); authorship_epig(match1); genus_from_scientificName; family_WFO; order_majorGroup_WCVP [2026-03-11] | CoordinateCleaner QA applied without sea test (validity, equal, zeros, capitals, centroids, gbif, institutions) [2026-03-29]","","Colección","P.R.","M.E.L.M."
"4058","HEM2025_4058","PreservedSpecimen","Coleccion",NA,"UNICACH","SPECIES","HEM","G.C.L.H.","I-3","E.V.M.","E","HEM2025",3,"Adiantum alarconianum",16.7627777777778,-93.1594444444444,"1999-10-01","change1: Filled coordinateUncertaintyInMeters from decimal-place precision (conservative). | epi_taxo: acceptedName(match1); authorship_epig(match1); genus_from_scientificName; family_WFO; order_majorGroup_WCVP [2026-03-11] | CoordinateCleaner QA applied without sea test (validity, equal, zeros, capitals, centroids, gbif, institutions) [2026-03-29]","","Colección","G.C.L.H.","E.V.M."
"4059","HEM2025_4059","PreservedSpecimen","Coleccion",NA,"UNICACH","SPECIES","HEM","G.C.L.H.","I-3","E.V.M.","E","HEM2025",3,"Adiantum alarconianum",16.7627777777778,-93.1594444444444,"1999-10-01","change1: Filled coordinateUncertaintyInMeters from decimal-place precision (conservative). | epi_taxo: acceptedName(match1); authorship_epig(match1); genus_from_scientificName; family_WFO; order_majorGroup_WCVP [2026-03-11] | CoordinateCleaner QA applied without sea test (validity, equal, zeros, capitals, centroids, gbif, institutions) [2026-03-29]","","Colección","G.C.L.H.","E.V.M."
"4060","HEM2025_4060","PreservedSpecimen","Coleccion",NA,"UNICACH","SPECIES","HEM","M.E.L.M.","586","M.E.L.M.","E","HEM2025",3,"Davallia repens",15.855,-93.1397222222222,"2000-03-20","change1: Filled coordinateUncertaintyInMeters from decimal-place precision (conservative). | epi_taxo: acceptedName(match1); authorship_epig(match1); genus_from_scientificName; family_WFO; order_majorGroup_WCVP [2026-03-11] | CoordinateCleaner QA applied without sea test (validity, equal, zeros, capitals, centroids, gbif, institutions) [2026-03-29]","","Colección","M.E.L.M.","M.E.L.M."
"4061","HEM2025_4061","PreservedSpecimen","Coleccion",NA,"UNICACH","SPECIES","HEM","M.A.R.V.","12","M.E.L.M.","E","HEM2025",3,"Hemionitis radiata",17.2108333333333,-93.0441666666667,"2003-04-15","change1: Filled coordinateUncertaintyInMeters from decimal-place precision (conservative). | epi_taxo: acceptedName(match1); authorship_epig(match1); genus_from_scientificName; family_WFO; order_majorGroup_WCVP [2026-03-11] | CoordinateCleaner QA applied without sea test (validity, equal, zeros, capitals, centroids, gbif, institutions) [2026-03-29]","","Colección","M.A.R.V.","M.E.L.M."
"4062","HEM2025_4062","PreservedSpecimen","Coleccion",NA,"UNICACH","GENUS","HEM","T.A.S.","177","T.A.S.","E","HEM2025",NA,"",16.7275,-92.7108333333333,"1988-11-26","change1: Genus placeholder (sp./spp.): moved to 'genus', set taxonRank=GENUS, cleared scientificName; kept original in verbatim. | change2: Filled coordinateUncertaintyInMeters from decimal-place precision (conservative). | epi_taxo: acceptedName(match1); authorship_epig(match1); genus_from_scientificName; family_WFO; order_majorGroup_WCVP [2026-03-11] | CoordinateCleaner QA applied without sea test (validity, equal, zeros, capitals, centroids, gbif, institutions) [2026-03-29]","","Colección","T.A.S.","T.A.S."
"4063","HEM2025_4063","PreservedSpecimen","Coleccion",NA,"UNICACH","GENUS","HEM","M.E.L.M.","216","A.R.S.","E","HEM2025",NA,"",15.7213888888889,-92.9522222222222,"1999-03-11","change1: Genus placeholder (sp./spp.): moved to 'genus', set taxonRank=GENUS, cleared scientificName; kept original in verbatim. | change2: Filled coordinateUncertaintyInMeters from decimal-place precision (conservative). | epi_taxo: acceptedName(match1); authorship_epig(match1); genus_from_scientificName; family_WFO; order_majorGroup_WCVP [2026-03-11] | CoordinateCleaner QA applied without sea test (validity, equal, zeros, capitals, centroids, gbif, institutions) [2026-03-29]","","Colección","M.E.L.M.","A.R.S."
"4064","HEM2025_4064","PreservedSpecimen","Coleccion",NA,"UNICACH","SPECIES","HEM","H.P.U.","41-bis","Perez-Farrera, M.A.","E","HEM2025",1,"Adiantum wilesianum",17.0091666666667,-92.3088888888889,"1987-04-09","change1: Filled coordinateUncertaintyInMeters from decimal-place precision (conservative). | epi_taxo: acceptedName(match1); authorship_epig(match1); genus_from_scientificName; family_WFO; order_majorGroup_WCVP [2026-03-11] | CoordinateCleaner QA applied without sea test (validity, equal, zeros, capitals, centroids, gbif, institutions) [2026-03-29]","standardized authors names in identifiedBy","Colección","H.P.U.","M.A. Pérez-Farrera"
"4065","HEM2025_4065","PreservedSpecimen","Coleccion",NA,"UNICACH","SPECIES","HEM","H.P.U.","41-bis","Perez-Farrera, M.A.","E","HEM2025",1,"Adiantum wilesianum",17.0091666666667,-92.3088888888889,"1987-04-09","change1: Filled coordinateUncertaintyInMeters from decimal-place precision (conservative). | epi_taxo: acceptedName(match1); authorship_epig(match1); genus_from_scientificName; family_WFO; order_majorGroup_WCVP [2026-03-11] | CoordinateCleaner QA applied without sea test (validity, equal, zeros, capitals, centroids, gbif, institutions) [2026-03-29]","standardized authors names in identifiedBy","Colección","H.P.U.","M.A. Pérez-Farrera"
"4066","HEM2025_4066","PreservedSpecimen","Coleccion",NA,"UNICACH","SPECIES","HEM","Perez-Farrera, M.A.","1347","M.E.L.M.","E","HEM2025",1,"Scoliosorus ensiformis",15.7213888888889,-92.9522222222222,"1996-11-05","change1: Filled coordinateUncertaintyInMeters from decimal-place precision (conservative). | epi_taxo: acceptedName(match1); authorship_epig(match1); genus_from_scientificName; family_WFO; order_majorGroup_WCVP [2026-03-11] | CoordinateCleaner QA applied without sea test (validity, equal, zeros, capitals, centroids, gbif, institutions) [2026-03-29]","standardized authors names in recordedBy","Colección","M.A. Pérez-Farrera","M.E.L.M."
"4067","HEM2025_4067","PreservedSpecimen","Coleccion",NA,"UNICACH","SPECIES","HEM","Perez-Farrera, M.A.","302","M.E.L.M.","E","HEM2025",0,"",16.625,-93.5941666666667,"","change1: Filled coordinateUncertaintyInMeters from decimal-place precision (conservative). | epi_taxo: acceptedName(match1); authorship_epig(match1); genus_from_scientificName; family_WFO; order_majorGroup_WCVP [2026-03-11] | CoordinateCleaner QA applied without sea test (validity, equal, zeros, capitals, centroids, gbif, institutions) [2026-03-29]","standardized authors names in recordedBy","Colección","M.A. Pérez-Farrera","M.E.L.M."
"4068","HEM2025_4068","PreservedSpecimen","Coleccion",NA,"UNICACH","SPECIES","HEM","Perez-Farrera, M.A.","302","M.E.L.M.","E","HEM2025",0,"",16.625,-93.5941666666667,"","change1: Filled coordinateUncertaintyInMeters from decimal-place precision (conservative). | epi_taxo: acceptedName(match1); authorship_epig(match1); genus_from_scientificName; family_WFO; order_majorGroup_WCVP [2026-03-11] | CoordinateCleaner QA applied without sea test (validity, equal, zeros, capitals, centroids, gbif, institutions) [2026-03-29]","standardized authors names in recordedBy","Colección","M.A. Pérez-Farrera","M.E.L.M."
"4069","HEM2025_4069","PreservedSpecimen","Coleccion",NA,"UNICACH","SPECIES","HEM","A.G.V.","4","Perez-Farrera, M.A.","E","HEM2025",0,"",16.7883333333333,-92.5405555555556,"1997-11-02","change1: Filled coordinateUncertaintyInMeters from decimal-place precision (conservative). | epi_taxo: acceptedName(match1); authorship_epig(match1); genus_from_scientificName; family_WFO; order_majorGroup_WCVP [2026-03-11] | CoordinateCleaner QA applied without sea test (validity, equal, zeros, capitals, centroids, gbif, institutions) [2026-03-29]","standardized authors names in identifiedBy","Colección","A.G.V.","M.A. Pérez-Farrera"
"4070","HEM2025_4070","PreservedSpecimen","Coleccion",NA,"UNICACH","SPECIES","HEM","M.E.L.M.","606","M.E.L.M.","E","HEM2025",3,"Hemionitis marantae",15.4836111111111,-92.6005555555555,"1999-07-03","change1: Filled coordinateUncertaintyInMeters from decimal-place precision (conservative). | epi_taxo: acceptedName(match1); authorship_epig(match1); genus_from_scientificName; family_WFO; order_majorGroup_WCVP [2026-03-11] | CoordinateCleaner QA applied without sea test (validity, equal, zeros, capitals, centroids, gbif, institutions) [2026-03-29]","","Colección","M.E.L.M.","M.E.L.M."
"4071","HEM2025_4071","PreservedSpecimen","Coleccion",NA,"UNICACH","SPECIES","HEM","K.G.D.","14","M.E.L.M.","E","HEM2025",0,"",16.7475,-93.25,"2002-08-31","change1: Filled coordinateUncertaintyInMeters from decimal-place precision (conservative). | epi_taxo: acceptedName(match1); authorship_epig(match1); genus_from_scientificName; family_WFO; order_majorGroup_WCVP [2026-03-11] | CoordinateCleaner QA applied without sea test (validity, equal, zeros, capitals, centroids, gbif, institutions) [2026-03-29]","","Colección","K.G.D.","M.E.L.M."
"4072","HEM2025_4072","PreservedSpecimen","Coleccion",NA,"UNICACH","SPECIES","HEM","K.G.D.","14","M.E.L.M.","E","HEM2025",0,"",16.7475,-93.25,"2002-08-31","change1: Filled coordinateUncertaintyInMeters from decimal-place precision (conservative). | epi_taxo: acceptedName(match1); authorship_epig(match1); genus_from_scientificName; family_WFO; order_majorGroup_WCVP [2026-03-11] | CoordinateCleaner QA applied without sea test (validity, equal, zeros, capitals, centroids, gbif, institutions) [2026-03-29]","","Colección","K.G.D.","M.E.L.M."
"4073","HEM2025_4073","PreservedSpecimen","Coleccion",NA,"UNICACH","SPECIES","HEM","D.D.O.","14","E.V.M.","E","HEM2025",0,"",16.74,-92.97,"2002-09-06","change1: Filled coordinateUncertaintyInMeters from decimal-place precision (conservative). | epi_taxo: acceptedName(match1); authorship_epig(match1); genus_from_scientificName; family_WFO; order_majorGroup_WCVP [2026-03-11] | CoordinateCleaner QA applied without sea test (validity, equal, zeros, capitals, centroids, gbif, institutions) [2026-03-29]","","Colección","D.D.O.","E.V.M."
"4074","HEM2025_4074","PreservedSpecimen","Coleccion",NA,"UNICACH","SPECIES","HEM","D.D.O.","14","E.V.M.","E","HEM2025",0,"",16.74,-92.97,"2002-09-06","change1: Filled coordinateUncertaintyInMeters from decimal-place precision (conservative). | epi_taxo: acceptedName(match1); authorship_epig(match1); genus_from_scientificName; family_WFO; order_majorGroup_WCVP [2026-03-11] | CoordinateCleaner QA applied without sea test (validity, equal, zeros, capitals, centroids, gbif, institutions) [2026-03-29]","","Colección","D.D.O.","E.V.M."
"4075","HEM2025_4075","PreservedSpecimen","Coleccion",NA,"UNICACH","SPECIES","HEM","Perez-Farrera, M.A.","717-bis","Perez-Farrera, M.A.","E","HEM2025",3,"Antrophyum callifolium",15.425,-92.6333333333333,"1995-08-28","change1: Filled coordinateUncertaintyInMeters from decimal-place precision (conservative). | epi_taxo: acceptedName(match1); authorship_epig(match1); genus_from_scientificName; family_WFO; order_majorGroup_WCVP [2026-03-11] | CoordinateCleaner QA applied without sea test (validity, equal, zeros, capitals, centroids, gbif, institutions) [2026-03-29]","standardized authors names in recordedBy / standardized authors names in identifiedBy","Colección","M.A. Pérez-Farrera","M.A. Pérez-Farrera"
"4076","HEM2025_4076","PreservedSpecimen","Coleccion",NA,"UNICACH","SPECIES","HEM","Perez-Farrera, M.A.","917","Perez-Farrera, M.A.","E","HEM2025",0,"",15.425,-92.6333333333333,"1996-06-28","change1: Filled coordinateUncertaintyInMeters from decimal-place precision (conservative). | epi_taxo: acceptedName(match1); authorship_epig(match1); genus_from_scientificName; family_WFO; order_majorGroup_WCVP [2026-03-11] | CoordinateCleaner QA applied without sea test (validity, equal, zeros, capitals, centroids, gbif, institutions) [2026-03-29]","standardized authors names in recordedBy / standardized authors names in identifiedBy","Colección","M.A. Pérez-Farrera","M.A. Pérez-Farrera"
"4077","HEM2025_4077","PreservedSpecimen","Coleccion",NA,"UNICACH","SPECIES","HEM","M.E.L.M.","587","A.R.S.","E","HEM2025",3,"Pityrogramma calomelanos",15.855,-93.1397222222222,"2000-03-20","change1: Filled coordinateUncertaintyInMeters from decimal-place precision (conservative). | epi_taxo: acceptedName(match1); authorship_epig(match1); genus_from_scientificName; family_WFO; order_majorGroup_WCVP [2026-03-11] | CoordinateCleaner QA applied without sea test (validity, equal, zeros, capitals, centroids, gbif, institutions) [2026-03-29]","","Colección","M.E.L.M.","A.R.S."
"4078","HEM2025_4078","PreservedSpecimen","Coleccion",NA,"UNICACH","SPECIES","HEM","M.M.M. | M.D.E.M.","731","Perez-Farrera, M.A.","E","HEM2025",2,"Polytaenium cajenense",15.2596666666667,-92.2186388888889,"2013-02-10","change1: Filled coordinateUncertaintyInMeters from decimal-place precision (conservative). | epi_taxo: acceptedName(match1); authorship_epig(match1); genus_from_scientificName; family_WFO; order_majorGroup_WCVP [2026-03-11] | CoordinateCleaner QA applied without sea test (validity, equal, zeros, capitals, centroids, gbif, institutions) [2026-03-29]","standardized authors names in recordedBy / standardized authors names in identifiedBy","Colección","M.M.M. & M.D.E.M.","M.A. Pérez-Farrera"
"4079","HEM2025_4079","PreservedSpecimen","Coleccion",NA,"UNICACH","SPECIES","HEM","M.M.M. | N.M.M. | R.J.R.V. | E.C.N.","4403","Perez-Farrera, M.A.","E","HEM2025",2,"Polytaenium cajenense",15.0996666666667,-92.1376944444444,"2014-06-19","change1: Filled coordinateUncertaintyInMeters from decimal-place precision (conservative). | epi_taxo: acceptedName(match1); authorship_epig(match1); genus_from_scientificName; family_WFO; order_majorGroup_WCVP [2026-03-11] | CoordinateCleaner QA applied without sea test (validity, equal, zeros, capitals, centroids, gbif, institutions) [2026-03-29]","standardized authors names in recordedBy / standardized authors names in identifiedBy","Colección","M.M.M. & N.M.M. & R.J.R.V. & E.C.N.","M.A. Pérez-Farrera"
"4080","HEM2025_4080","PreservedSpecimen","Coleccion",NA,"UNICACH","SPECIES","HEM","M.M.M. | M.C.R.M.","5155","N.M.M.","E","HEM2025",2,"Polytaenium cajenense",15.1046944444444,-92.1807222222222,"2014-09-17","change1: Filled coordinateUncertaintyInMeters from decimal-place precision (conservative). | epi_taxo: acceptedName(match1); authorship_epig(match1); genus_from_scientificName; family_WFO; order_majorGroup_WCVP [2026-03-11] | CoordinateCleaner QA applied without sea test (validity, equal, zeros, capitals, centroids, gbif, institutions) [2026-03-29]","standardized authors names in recordedBy","Colección","M.M.M. & M.C.R.M.","N.M.M."
"4081","HEM2025_4081","PreservedSpecimen","Coleccion",NA,"UNICACH","SPECIES","HEM","M.M.M. | M.C.R.M.","5190","N.M.M.","E","HEM2025",2,"Polytaenium cajenense",15.1063611111111,-92.1741944444445,"2014-09-18","change1: Filled coordinateUncertaintyInMeters from decimal-place precision (conservative). | epi_taxo: acceptedName(match1); authorship_epig(match1); genus_from_scientificName; family_WFO; order_majorGroup_WCVP [2026-03-11] | CoordinateCleaner QA applied without sea test (validity, equal, zeros, capitals, centroids, gbif, institutions) [2026-03-29]","standardized authors names in recordedBy","Colección","M.M.M. & M.C.R.M.","N.M.M."
"4082","HEM2025_4082","PreservedSpecimen","Coleccion",NA,"UNICACH","SPECIES","HEM","M.M.M. | M.C.R.M.","5378-BIS","N.M.M.","E","HEM2025",2,"Polytaenium cajenense",15.0995277777778,-92.1861111111111,"2014-09-23","change1: Filled coordinateUncertaintyInMeters from decimal-place precision (conservative). | epi_taxo: acceptedName(match1); authorship_epig(match1); genus_from_scientificName; family_WFO; order_majorGroup_WCVP [2026-03-11] | CoordinateCleaner QA applied without sea test (validity, equal, zeros, capitals, centroids, gbif, institutions) [2026-03-29]","standardized authors names in recordedBy","Colección","M.M.M. & M.C.R.M.","N.M.M."
"4083","HEM2025_4083","PreservedSpecimen","Coleccion",NA,"UNICACH","SPECIES","HEM","M.M.M. | M.D.E.M.","1541","N.M.M. | J.M.M.","E","HEM2025",1,"Polytaenium chlorosporum",15.0990833333333,-92.0988333333333,"2013-05-02","change1: Filled coordinateUncertaintyInMeters from decimal-place precision (conservative). | epi_taxo: acceptedName(match1); authorship_epig(match1); genus_from_scientificName; family_WFO; order_majorGroup_WCVP [2026-03-11] | CoordinateCleaner QA applied without sea test (validity, equal, zeros, capitals, centroids, gbif, institutions) [2026-03-29]","standardized authors names in recordedBy / standardized authors names in identifiedBy","Colección","M.M.M. & M.D.E.M.","N.M.M. & J.M.M."
"4084","HEM2025_4084","PreservedSpecimen","Coleccion",NA,"UNICACH","SPECIES","HEM","M.M.M. | M.C.R.M.","3025","N.M.M.","E","HEM2025",1,"Polytaenium chlorosporum",15.1627222222222,-92.1505277777778,"2013-12-02","change1: Filled coordinateUncertaintyInMeters from decimal-place precision (conservative). | epi_taxo: acceptedName(match1); authorship_epig(match1); genus_from_scientificName; family_WFO; order_majorGroup_WCVP [2026-03-11] | CoordinateCleaner QA applied without sea test (validity, equal, zeros, capitals, centroids, gbif, institutions) [2026-03-29]","standardized authors names in recordedBy","Colección","M.M.M. & M.C.R.M.","N.M.M."
"4085","HEM2025_4085","PreservedSpecimen","Coleccion",NA,"UNICACH","SPECIES","HEM","M.M.M. | M.C.R.M.","3055","N.M.M.","E","HEM2025",1,"Polytaenium chlorosporum",15.1463055555556,-92.1368888888889,"2013-12-11","change1: Filled coordinateUncertaintyInMeters from decimal-place precision (conservative). | epi_taxo: acceptedName(match1); authorship_epig(match1); genus_from_scientificName; family_WFO; order_majorGroup_WCVP [2026-03-11] | CoordinateCleaner QA applied without sea test (validity, equal, zeros, capitals, centroids, gbif, institutions) [2026-03-29]","standardized authors names in recordedBy","Colección","M.M.M. & M.C.R.M.","N.M.M."
"4086","HEM2025_4086","PreservedSpecimen","Coleccion",NA,"UNICACH","SPECIES","HEM","M.M.M. | M.C.R.M.","3061","N.M.M.","E","HEM2025",1,"Polytaenium chlorosporum",15.1463055555556,-92.1368888888889,"2013-12-11","change1: Filled coordinateUncertaintyInMeters from decimal-place precision (conservative). | epi_taxo: acceptedName(match1); authorship_epig(match1); genus_from_scientificName; family_WFO; order_majorGroup_WCVP [2026-03-11] | CoordinateCleaner QA applied without sea test (validity, equal, zeros, capitals, centroids, gbif, institutions) [2026-03-29]","standardized authors names in recordedBy","Colección","M.M.M. & M.C.R.M.","N.M.M."
"4087","HEM2025_4087","PreservedSpecimen","Coleccion",NA,"UNICACH","SPECIES","HEM","M.M.M. | D.A.J.L.","3269","N.M.M.","E","HEM2025",1,"Polytaenium chlorosporum",15.1383333333333,-92.1394444444445,"2013-12-14","change1: Filled coordinateUncertaintyInMeters from decimal-place precision (conservative). | epi_taxo: acceptedName(match1); authorship_epig(match1); genus_from_scientificName; family_WFO; order_majorGroup_WCVP [2026-03-11] | CoordinateCleaner QA applied without sea test (validity, equal, zeros, capitals, centroids, gbif, institutions) [2026-03-29]","standardized authors names in recordedBy","Colección","M.M.M. & D.A.J.L.","N.M.M."
"4088","HEM2025_4088","PreservedSpecimen","Coleccion",NA,"UNICACH","SPECIES","HEM","Camilo, R.M. | N.M.M.","2566","Camilo, R.M.","E","HEM2025",1,"Polytaenium chlorosporum",15.0969444444444,-92.1347222222222,"2014-08-15","change1: Filled coordinateUncertaintyInMeters from decimal-place precision (conservative). | epi_taxo: acceptedName(match1); authorship_epig(match1); genus_from_scientificName; family_WFO; order_majorGroup_WCVP [2026-03-11] | CoordinateCleaner QA applied without sea test (validity, equal, zeros, capitals, centroids, gbif, institutions) [2026-03-29]","standardized authors names in recordedBy / standardized authors names in identifiedBy","Colección","R.M. Camilo & N.M.M.","R.M. Camilo"
"4089","HEM2025_4089","PreservedSpecimen","Coleccion",NA,"UNICACH","SPECIES","HEM","N.M.M. | M.M.M. | E.C.N.","3949","N.M.M. | Camilo, R.M.","E","HEM2025",1,"Polytaenium chlorosporum",15.1032777777778,-92.1645555555556,"2015-03-10","change1: Filled coordinateUncertaintyInMeters from decimal-place precision (conservative). | epi_taxo: acceptedName(match1); authorship_epig(match1); genus_from_scientificName; family_WFO; order_majorGroup_WCVP [2026-03-11] | CoordinateCleaner QA applied without sea test (validity, equal, zeros, capitals, centroids, gbif, institutions) [2026-03-29]","standardized authors names in recordedBy / standardized authors names in identifiedBy","Colección","N.M.M. & M.M.M. & E.C.N.","N.M.M. & R.M. Camilo"
"4090","HEM2025_4090","PreservedSpecimen","Coleccion",NA,"UNICACH","SPECIES","HEM","M.M.M. | D.A.J.L. | R.J.R.V.","5588","N.M.M.","E","HEM2025",1,"Polytaenium chlorosporum",15.0997777777778,-92.1679444444444,"2015-03-27","change1: Filled coordinateUncertaintyInMeters from decimal-place precision (conservative). | epi_taxo: acceptedName(match1); authorship_epig(match1); genus_from_scientificName; family_WFO; order_majorGroup_WCVP [2026-03-11] | CoordinateCleaner QA applied without sea test (validity, equal, zeros, capitals, centroids, gbif, institutions) [2026-03-29]","standardized authors names in recordedBy","Colección","M.M.M. & D.A.J.L. & R.J.R.V.","N.M.M."
"4091","HEM2025_4091","PreservedSpecimen","Coleccion",NA,"UNICACH","SPECIES","HEM","M.M.M. | S.H.J. | V.E.G.J.","6009","N.M.M.","E","HEM2025",1,"Polytaenium lineatum",15.2405277777778,-92.3088333333333,"2015-05-31","change1: Filled coordinateUncertaintyInMeters from decimal-place precision (conservative). | epi_taxo: acceptedName(match1); authorship_epig(match1); genus_from_scientificName; family_WFO; order_majorGroup_WCVP [2026-03-11] | CoordinateCleaner QA applied without sea test (validity, equal, zeros, capitals, centroids, gbif, institutions) [2026-03-29]","standardized authors names in recordedBy","Colección","M.M.M. & S.H.J. & V.E.G.J.","N.M.M."
"4092","HEM2025_4092","PreservedSpecimen","Coleccion",NA,"UNICACH","SPECIES","HEM","T.A.S.","245","T.A.S.","E","HEM2025",1,"Pteris orizabae",16.7458333333333,-92.6961111111111,"1989-04-01","change1: Filled coordinateUncertaintyInMeters from decimal-place precision (conservative). | epi_taxo: acceptedName(match1); authorship_epig(match1); genus_from_scientificName; family_WFO; order_majorGroup_WCVP [2026-03-11] | CoordinateCleaner QA applied without sea test (validity, equal, zeros, capitals, centroids, gbif, institutions) [2026-03-29]","","Colección","T.A.S.","T.A.S."
"4093","HEM2025_4093","PreservedSpecimen","Coleccion",NA,"UNICACH","SPECIES","HEM","Perez-Farrera, M.A.","1145","Camilo, R.M.","E","HEM2025",1,"Scoliosorus ensiformis",15.6638888888889,-92.8202777777778,"1996-08-11","change1: Canonicalized scientificName to binomial and moved trailing authorship. | change2: Capitalized genus: 'scoliosorus ensiformis' → 'Scoliosorus ensiformis'. | change3: Filled coordinateUncertaintyInMeters from decimal-place precision (conservative). | epi_taxo: acceptedName(match1); authorship_epig(match1); genus_from_scientificName; family_WFO; order_majorGroup_WCVP [2026-03-11] | CoordinateCleaner QA applied without sea test (validity, equal, zeros, capitals, centroids, gbif, institutions) [2026-03-29]","standardized authors names in recordedBy / standardized authors names in identifiedBy","Colección","M.A. Pérez-Farrera","R.M. Camilo"
"4094","HEM2025_4094","PreservedSpecimen","Coleccion",NA,"UNICACH","SPECIES","HEM","Perez-Farrera, M.A.","2215-bis","Perez-Farrera, M.A.","E","HEM2025",1,"Scoliosorus ensiformis",16.8858333333333,-94.1188888888889,"2000-01-20","change1: Canonicalized scientificName to binomial and moved trailing authorship. | change2: Capitalized genus: 'scoliosorus ensiformis' → 'Scoliosorus ensiformis'. | change3: Filled coordinateUncertaintyInMeters from decimal-place precision (conservative). | epi_taxo: acceptedName(match1); authorship_epig(match1); genus_from_scientificName; family_WFO; order_majorGroup_WCVP [2026-03-11] | CoordinateCleaner QA applied without sea test (validity, equal, zeros, capitals, centroids, gbif, institutions) [2026-03-29]","standardized authors names in recordedBy / standardized authors names in identifiedBy","Colección","M.A. Pérez-Farrera","M.A. Pérez-Farrera"
"4095","HEM2025_4095","PreservedSpecimen","Coleccion",NA,"UNICACH","SPECIES","HEM","Perez-Farrera, M.A.","339","Perez-Farrera, M.A.","E","HEM2025",1,"Scoliosorus ensiformis",16.1944444444444,-93.6083333333333,"1995-05-23","change1: Canonicalized scientificName to binomial and moved trailing authorship. | change2: Capitalized genus: 'scoliosorus ensiformis' → 'Scoliosorus ensiformis'. | change3: Filled coordinateUncertaintyInMeters from decimal-place precision (conservative). | epi_taxo: acceptedName(match1); authorship_epig(match1); genus_from_scientificName; family_WFO; order_majorGroup_WCVP [2026-03-11] | CoordinateCleaner QA applied without sea test (validity, equal, zeros, capitals, centroids, gbif, institutions) [2026-03-29]","standardized authors names in recordedBy / standardized authors names in identifiedBy","Colección","M.A. Pérez-Farrera","M.A. Pérez-Farrera"
"4096","HEM2025_4096","PreservedSpecimen","Coleccion",NA,"UNICACH","SPECIES","HEM","Perez-Farrera, M.A.","864-bis","Camilo, R.M.","E","HEM2025",1,"Scoliosorus ensiformis",15.5833333333333,-92.25,"1996-02-25","change1: Canonicalized scientificName to binomial and moved trailing authorship. | change2: Capitalized genus: 'scoliosorus ensiformis' → 'Scoliosorus ensiformis'. | change3: Filled coordinateUncertaintyInMeters from decimal-place precision (conservative). | epi_taxo: acceptedName(match1); authorship_epig(match1); genus_from_scientificName; family_WFO; order_majorGroup_WCVP [2026-03-11] | CoordinateCleaner QA applied without sea test (validity, equal, zeros, capitals, centroids, gbif, institutions) [2026-03-29]","standardized authors names in recordedBy / standardized authors names in identifiedBy","Colección","M.A. Pérez-Farrera","R.M. Camilo"
"4097","HEM2025_4097","PreservedSpecimen","Coleccion",NA,"UNICACH","SPECIES","HEM","Perez-Farrera, M.A.","864-bis","Camilo, R.M.","E","HEM2025",1,"Scoliosorus ensiformis",15.5833333333333,-92.25,"1996-02-25","change1: Canonicalized scientificName to binomial and moved trailing authorship. | change2: Capitalized genus: 'scoliosorus ensiformis' → 'Scoliosorus ensiformis'. | change3: Filled coordinateUncertaintyInMeters from decimal-place precision (conservative). | epi_taxo: acceptedName(match1); authorship_epig(match1); genus_from_scientificName; family_WFO; order_majorGroup_WCVP [2026-03-11] | CoordinateCleaner QA applied without sea test (validity, equal, zeros, capitals, centroids, gbif, institutions) [2026-03-29]","standardized authors names in recordedBy / standardized authors names in identifiedBy","Colección","M.A. Pérez-Farrera","R.M. Camilo"
"4098","HEM2025_4098","PreservedSpecimen","Coleccion",NA,"UNICACH","SPECIES","HEM","Camilo, R.M.","67","Camilo, R.M.","E","HEM2025",1,"Scoliosorus ensiformis",15.7363888888889,-92.9361111111111,"2001-03-22","change1: Canonicalized scientificName to binomial and moved trailing authorship. | change2: Capitalized genus: 'scoliosorus ensiformis' → 'Scoliosorus ensiformis'. | change3: Filled coordinateUncertaintyInMeters from decimal-place precision (conservative). | epi_taxo: acceptedName(match1); authorship_epig(match1); genus_from_scientificName; family_WFO; order_majorGroup_WCVP [2026-03-11] | CoordinateCleaner QA applied without sea test (validity, equal, zeros, capitals, centroids, gbif, institutions) [2026-03-29]","standardized authors names in recordedBy / standardized authors names in identifiedBy","Colección","R.M. Camilo","R.M. Camilo"
"4099","HEM2025_4099","PreservedSpecimen","Coleccion",NA,"UNICACH","SPECIES","HEM","N.M.M.","1806","N.M.M.","E","HEM2025",1,"Scoliosorus ensiformis",15.7230555555556,-93.0013888888889,"2006-10-13","change1: Canonicalized scientificName to binomial and moved trailing authorship. | change2: Capitalized genus: 'scoliosorus ensiformis' → 'Scoliosorus ensiformis'. | change3: Filled coordinateUncertaintyInMeters from decimal-place precision (conservative). | epi_taxo: acceptedName(match1); authorship_epig(match1); genus_from_scientificName; family_WFO; order_majorGroup_WCVP [2026-03-11] | CoordinateCleaner QA applied without sea test (validity, equal, zeros, capitals, centroids, gbif, institutions) [2026-03-29]","","Colección","N.M.M.","N.M.M."
"4100","HEM2025_4100","PreservedSpecimen","Coleccion",NA,"UNICACH","SPECIES","HEM","O.L.G.N.","ND","Camilo, R.M.","E","HEM2025",1,"Scoliosorus ensiformis",17.18,-92.905,"1990-09-24","change1: Canonicalized scientificName to binomial and moved trailing authorship. | change2: Capitalized genus: 'scoliosorus ensiformis' → 'Scoliosorus ensiformis'. | change3: Filled coordinateUncertaintyInMeters from decimal-place precision (conservative). | epi_taxo: acceptedName(match1); authorship_epig(match1); genus_from_scientificName; family_WFO; order_majorGroup_WCVP [2026-03-11] | CoordinateCleaner QA applied without sea test (validity, equal, zeros, capitals, centroids, gbif, institutions) [2026-03-29]","standardized authors names in identifiedBy","Colección","O.L.G.N.","R.M. Camilo"
"4101","HEM2025_4101","PreservedSpecimen","Coleccion",NA,"UNICACH","SPECIES","HEM","V.M.","76","Camilo, R.M.","E","HEM2025",1,"Scoliosorus ensiformis",15.4805555555556,-92.6055555555556,"1999-01-27","change1: Canonicalized scientificName to binomial and moved trailing authorship. | change2: Capitalized genus: 'scoliosorus ensiformis' → 'Scoliosorus ensiformis'. | change3: Filled coordinateUncertaintyInMeters from decimal-place precision (conservative). | epi_taxo: acceptedName(match1); authorship_epig(match1); genus_from_scientificName; family_WFO; order_majorGroup_WCVP [2026-03-11] | CoordinateCleaner QA applied without sea test (validity, equal, zeros, capitals, centroids, gbif, institutions) [2026-03-29]","standardized authors names in identifiedBy","Colección","V.M.","R.M. Camilo"
"4102","HEM2025_4102","PreservedSpecimen","Coleccion",NA,"UNICACH","SPECIES","HEM","M.E.B.","1-BIS","Camilo, R.M.","E","HEM2025",1,"Scoliosorus ensiformis",17.18,-92.905,"1990-09-24","change1: Canonicalized scientificName to binomial and moved trailing authorship. | change2: Capitalized genus: 'scoliosorus ensiformis' → 'Scoliosorus ensiformis'. | change3: Filled coordinateUncertaintyInMeters from decimal-place precision (conservative). | epi_taxo: acceptedName(match1); authorship_epig(match1); genus_from_scientificName; family_WFO; order_majorGroup_WCVP [2026-03-11] | CoordinateCleaner QA applied without sea test (validity, equal, zeros, capitals, centroids, gbif, institutions) [2026-03-29]","standardized authors names in identifiedBy","Colección","M.E.B.","R.M. Camilo"
"4103","HEM2025_4103","PreservedSpecimen","Coleccion",NA,"UNICACH","SPECIES","HEM","M.M.M. | D.A.J.L.","3500","N.M.M.","E","HEM2025",1,"Scoliosorus ensiformis",15.1512777777778,-92.1338888888889,"2014-01-17","change1: Capitalized genus: 'Scoliosorus ensiformis' → 'Scoliosorus ensiformis'. | change2: Filled coordinateUncertaintyInMeters from decimal-place precision (conservative). | epi_taxo: acceptedName(match1); authorship_epig(match1); genus_from_scientificName; family_WFO; order_majorGroup_WCVP [2026-03-11] | CoordinateCleaner QA applied without sea test (validity, equal, zeros, capitals, centroids, gbif, institutions) [2026-03-29]","standardized authors names in recordedBy","Colección","M.M.M. & D.A.J.L.","N.M.M."
"4104","HEM2025_4104","PreservedSpecimen","Coleccion",NA,"UNICACH","SPECIES","HEM","M.M.M. | D.A.J.L. | R.J.R.V.","5460","N.M.M.","E","HEM2025",1,"Scoliosorus ensiformis",15.1071944444444,-92.1756666666667,"2015-03-25","change1: Capitalized genus: 'Scoliosorus ensiformis' → 'Scoliosorus ensiformis'. | change2: Filled coordinateUncertaintyInMeters from decimal-place precision (conservative). | epi_taxo: acceptedName(match1); authorship_epig(match1); genus_from_scientificName; family_WFO; order_majorGroup_WCVP [2026-03-11] | CoordinateCleaner QA applied without sea test (validity, equal, zeros, capitals, centroids, gbif, institutions) [2026-03-29]","standardized authors names in recordedBy","Colección","M.M.M. & D.A.J.L. & R.J.R.V.","N.M.M."
"4105","HEM2025_4105","PreservedSpecimen","Coleccion",NA,"UNICACH","SPECIES","HEM","M.M.M. | N.M.M. | R.J.R.V. | E.C.N.","4334","Perez-Farrera, M.A.","E","HEM2025",1,"Vittaria bradeorum",15.096,-92.1404722222222,"2014-06-18","change1: Filled coordinateUncertaintyInMeters from decimal-place precision (conservative). | epi_taxo: acceptedName(match1); authorship_epig(match1); genus_from_scientificName; family_WFO; order_majorGroup_WCVP [2026-03-11] | CoordinateCleaner QA applied without sea test (validity, equal, zeros, capitals, centroids, gbif, institutions) [2026-03-29]","standardized authors names in recordedBy / standardized authors names in identifiedBy","Colección","M.M.M. & N.M.M. & R.J.R.V. & E.C.N.","M.A. Pérez-Farrera"
"4106","HEM2025_4106","PreservedSpecimen","Coleccion",NA,"UNICACH","SPECIES","HEM","M.E.L.M.","545","M.E.L.M.","E","HEM2025",1,"Ananthacorus angustifolius",15.8275,-93.0441666666667,"1999-11-18","change1: Filled coordinateUncertaintyInMeters from decimal-place precision (conservative). | epi_taxo: acceptedName(match1); authorship_epig(match1); genus_from_scientificName; family_WFO; order_majorGroup_WCVP [2026-03-11] | CoordinateCleaner QA applied without sea test (validity, equal, zeros, capitals, centroids, gbif, institutions) [2026-03-29]","","Colección","M.E.L.M.","M.E.L.M."
"4107","HEM2025_4107","PreservedSpecimen","Coleccion",NA,"UNICACH","SPECIES","HEM","Perez-Farrera, M.A.","649","Perez-Farrera, M.A.","E","HEM2025",1,"Ananthacorus angustifolius",16.3177777777778,-93.6236111111111,"1995-07-18","change1: Filled coordinateUncertaintyInMeters from decimal-place precision (conservative). | epi_taxo: acceptedName(match1); authorship_epig(match1); genus_from_scientificName; family_WFO; order_majorGroup_WCVP [2026-03-11] | CoordinateCleaner QA applied without sea test (validity, equal, zeros, capitals, centroids, gbif, institutions) [2026-03-29]","standardized authors names in recordedBy / standardized authors names in identifiedBy","Colección","M.A. Pérez-Farrera","M.A. Pérez-Farrera"
"4108","HEM2025_4108","PreservedSpecimen","Coleccion",NA,"UNICACH","SPECIES","HEM","A.L.C.","868","N.M.M.","E","HEM2025",1,"Ananthacorus angustifolius",17.0314722222222,-93.1406111111111,"2009-09-21","change1: Filled coordinateUncertaintyInMeters from decimal-place precision (conservative). | epi_taxo: acceptedName(match1); authorship_epig(match1); genus_from_scientificName; family_WFO; order_majorGroup_WCVP [2026-03-11] | CoordinateCleaner QA applied without sea test (validity, equal, zeros, capitals, centroids, gbif, institutions) [2026-03-29]","","Colección","A.L.C.","N.M.M."
"4109","HEM2025_4109","PreservedSpecimen","Coleccion",NA,"UNICACH","SPECIES","HEM","Perez-Farrera, M.A.","509","Perez-Farrera, M.A.","E","HEM2025",1,"Ananthacorus angustifolius",15.9416666666667,-93.2916666666667,"1995-07-11","change1: Filled coordinateUncertaintyInMeters from decimal-place precision (conservative). | epi_taxo: acceptedName(match1); authorship_epig(match1); genus_from_scientificName; family_WFO; order_majorGroup_WCVP [2026-03-11] | CoordinateCleaner QA applied without sea test (validity, equal, zeros, capitals, centroids, gbif, institutions) [2026-03-29]","standardized authors names in recordedBy / standardized authors names in identifiedBy","Colección","M.A. Pérez-Farrera","M.A. Pérez-Farrera"
"4110","HEM2025_4110","PreservedSpecimen","Coleccion",NA,"UNICACH","SPECIES","HEM","E.M.S. | A.M.G. | G.U. | M.R.","20008","Perez-Farrera, M.A.","E","HEM2025",1,"Vittaria graminifolia",15.4027777777778,-92.2469444444445,"1987-02-11","change1: Filled coordinateUncertaintyInMeters from decimal-place precision (conservative). | epi_taxo: acceptedName(match1); authorship_epig(match1); genus_from_scientificName; family_WFO; order_majorGroup_WCVP [2026-03-11] | CoordinateCleaner QA applied without sea test (validity, equal, zeros, capitals, centroids, gbif, institutions) [2026-03-29]","standardized authors names in recordedBy / standardized authors names in identifiedBy","Colección","E.M.S. & A.M.G. & G.U. & M.R.","M.A. Pérez-Farrera"
"4111","HEM2025_4111","PreservedSpecimen","Coleccion",NA,"UNICACH","SPECIES","HEM","M.M.M. | M.D.E.M.","1316","Perez-Farrera, M.A.","E","HEM2025",1,"Vittaria flavicosta",15.0864722222222,-92.0991666666667,"2013-04-27","change1: Filled coordinateUncertaintyInMeters from decimal-place precision (conservative). | epi_taxo: acceptedName(match1); authorship_epig(match1); genus_from_scientificName; family_WFO; order_majorGroup_WCVP [2026-03-11] | CoordinateCleaner QA applied without sea test (validity, equal, zeros, capitals, centroids, gbif, institutions) [2026-03-29]","standardized authors names in recordedBy / standardized authors names in identifiedBy","Colección","M.M.M. & M.D.E.M.","M.A. Pérez-Farrera"
"4112","HEM2025_4112","PreservedSpecimen","Coleccion",NA,"UNICACH","SPECIES","HEM","Camilo, R.M. | M.I.L.R. | N.A.F.R.","2201","N.M.M.","E","HEM2025",1,"Vittaria flavicosta",15.1024166666667,-92.1347222222222,"2014-07-04","change1: Filled coordinateUncertaintyInMeters from decimal-place precision (conservative). | epi_taxo: acceptedName(match1); authorship_epig(match1); genus_from_scientificName; family_WFO; order_majorGroup_WCVP [2026-03-11] | CoordinateCleaner QA applied without sea test (validity, equal, zeros, capitals, centroids, gbif, institutions) [2026-03-29]","standardized authors names in recordedBy","Colección","R.M. Camilo & M.I.L.R. & N.A.F.R.","N.M.M."
"4113","HEM2025_4113","PreservedSpecimen","Coleccion",NA,"UNICACH","SPECIES","HEM","D.E.B. | Almeda, F.","47741","D.E.B.","E","HEM2025",1,"Vittaria graminifolia",15.1108333333333,-92.1108333333333,"1980-11-23","change1: Filled coordinateUncertaintyInMeters from decimal-place precision (conservative). | epi_taxo: acceptedName(match1); authorship_epig(match1); genus_from_scientificName; family_WFO; order_majorGroup_WCVP [2026-03-11] | CoordinateCleaner QA applied without sea test (validity, equal, zeros, capitals, centroids, gbif, institutions) [2026-03-29]","standardized authors names in recordedBy","Colección","D.E.B. & F. Almeda","D.E.B."
"4114","HEM2025_4114","PreservedSpecimen","Coleccion",NA,"UNICACH","SPECIES","HEM","T.A.S.","255","T.A.S.","E","HEM2025",1,"Vittaria graminifolia",16.7608333333333,-91.1108333333333,"1989-05-11","change1: Filled coordinateUncertaintyInMeters from decimal-place precision (conservative). | epi_taxo: acceptedName(match1); authorship_epig(match1); genus_from_scientificName; family_WFO; order_majorGroup_WCVP [2026-03-11] | CoordinateCleaner QA applied without sea test (validity, equal, zeros, capitals, centroids, gbif, institutions) [2026-03-29]","","Colección","T.A.S.","T.A.S."
"4115","HEM2025_4115","PreservedSpecimen","Coleccion",NA,"UNICACH","SPECIES","HEM","M.E.L.M.","148","M.E.L.M.","E","HEM2025",1,"Vittaria graminifolia",15.6441666666667,-92.8275,"1998-03-02","change1: Filled coordinateUncertaintyInMeters from decimal-place precision (conservative). | epi_taxo: acceptedName(match1); authorship_epig(match1); genus_from_scientificName; family_WFO; order_majorGroup_WCVP [2026-03-11] | CoordinateCleaner QA applied without sea test (validity, equal, zeros, capitals, centroids, gbif, institutions) [2026-03-29]","","Colección","M.E.L.M.","M.E.L.M."
"4116","HEM2025_4116","PreservedSpecimen","Coleccion",NA,"UNICACH","SPECIES","HEM","H.G.D.","847","Perez-Farrera, M.A.","E","HEM2025",1,"Vittaria graminifolia",15.6641666666667,-92.8136111111111,"2004-11-11","change1: Filled coordinateUncertaintyInMeters from decimal-place precision (conservative). | epi_taxo: acceptedName(match1); authorship_epig(match1); genus_from_scientificName; family_WFO; order_majorGroup_WCVP [2026-03-11] | CoordinateCleaner QA applied without sea test (validity, equal, zeros, capitals, centroids, gbif, institutions) [2026-03-29]","standardized authors names in identifiedBy","Colección","H.G.D.","M.A. Pérez-Farrera"
"4117","HEM2025_4117","PreservedSpecimen","Coleccion",NA,"UNICACH","SPECIES","HEM","J.M.M.","1077","J.M.M.","E","HEM2025",1,"Vittaria graminifolia",15.8013055555556,-93.0518333333333,"2005-08-23","change1: Filled coordinateUncertaintyInMeters from decimal-place precision (conservative). | epi_taxo: acceptedName(match1); authorship_epig(match1); genus_from_scientificName; family_WFO; order_majorGroup_WCVP [2026-03-11] | CoordinateCleaner QA applied without sea test (validity, equal, zeros, capitals, centroids, gbif, institutions) [2026-03-29]","","Colección","J.M.M.","J.M.M."
"4118","HEM2025_4118","PreservedSpecimen","Coleccion",NA,"UNICACH","SPECIES","HEM","Perez-Farrera, M.A.","340","Perez-Farrera, M.A.","E","HEM2025",1,"Vittaria graminifolia",16.2094444444444,-93.5922222222222,"1995-05-23","change1: Filled coordinateUncertaintyInMeters from decimal-place precision (conservative). | epi_taxo: acceptedName(match1); authorship_epig(match1); genus_from_scientificName; family_WFO; order_majorGroup_WCVP [2026-03-11] | CoordinateCleaner QA applied without sea test (validity, equal, zeros, capitals, centroids, gbif, institutions) [2026-03-29]","standardized authors names in recordedBy / standardized authors names in identifiedBy","Colección","M.A. Pérez-Farrera","M.A. Pérez-Farrera"
"4119","HEM2025_4119","PreservedSpecimen","Coleccion",NA,"UNICACH","SPECIES","HEM","J.M.M.","1057","J.M.M.","E","HEM2025",1,"Vittaria graminifolia",15.4533611111111,-92.6497222222222,"2005-07-21","change1: Filled coordinateUncertaintyInMeters from decimal-place precision (conservative). | epi_taxo: acceptedName(match1); authorship_epig(match1); genus_from_scientificName; family_WFO; order_majorGroup_WCVP [2026-03-11] | CoordinateCleaner QA applied without sea test (validity, equal, zeros, capitals, centroids, gbif, institutions) [2026-03-29]","","Colección","J.M.M.","J.M.M."
"4120","HEM2025_4120","PreservedSpecimen","Coleccion",NA,"UNICACH","SPECIES","HEM","J.M.M.","575","Perez-Farrera, M.A.","E","HEM2025",1,"Vittaria graminifolia",15.8123888888889,-93.0490555555556,"2004-11-05","change1: Filled coordinateUncertaintyInMeters from decimal-place precision (conservative). | epi_taxo: acceptedName(match1); authorship_epig(match1); genus_from_scientificName; family_WFO; order_majorGroup_WCVP [2026-03-11] | CoordinateCleaner QA applied without sea test (validity, equal, zeros, capitals, centroids, gbif, institutions) [2026-03-29]","standardized authors names in identifiedBy","Colección","J.M.M.","M.A. Pérez-Farrera"
"4121","HEM2025_4121","PreservedSpecimen","Coleccion",NA,"UNICACH","SPECIES","HEM","T.A.S.","255","T.A.S.","E","HEM2025",1,"Vittaria graminifolia",16.7608333333333,-91.1108333333333,"1989-05-11","change1: Filled coordinateUncertaintyInMeters from decimal-place precision (conservative). | epi_taxo: acceptedName(match1); authorship_epig(match1); genus_from_scientificName; family_WFO; order_majorGroup_WCVP [2026-03-11] | CoordinateCleaner QA applied without sea test (validity, equal, zeros, capitals, centroids, gbif, institutions) [2026-03-29]","","Colección","T.A.S.","T.A.S."
"4122","HEM2025_4122","PreservedSpecimen","Coleccion",NA,"UNICACH","SPECIES","HEM","M.E.L.M.","404","A.R.S.","E","HEM2025",1,"Vittaria graminifolia",15.4836111111111,-92.6005555555555,"1999-07-01","change1: Filled coordinateUncertaintyInMeters from decimal-place precision (conservative). | epi_taxo: acceptedName(match1); authorship_epig(match1); genus_from_scientificName; family_WFO; order_majorGroup_WCVP [2026-03-11] | CoordinateCleaner QA applied without sea test (validity, equal, zeros, capitals, centroids, gbif, institutions) [2026-03-29]","","Colección","M.E.L.M.","A.R.S."
"4123","HEM2025_4123","PreservedSpecimen","Coleccion",NA,"UNICACH","SPECIES","HEM","M.E.L.M.","66","M.E.L.M.","E","HEM2025",1,"Vittaria graminifolia",15.425,-92.6333333333333,"1998-01-26","change1: Filled coordinateUncertaintyInMeters from decimal-place precision (conservative). | epi_taxo: acceptedName(match1); authorship_epig(match1); genus_from_scientificName; family_WFO; order_majorGroup_WCVP [2026-03-11] | CoordinateCleaner QA applied without sea test (validity, equal, zeros, capitals, centroids, gbif, institutions) [2026-03-29]","","Colección","M.E.L.M.","M.E.L.M."
"4124","HEM2025_4124","PreservedSpecimen","Coleccion",NA,"UNICACH","SPECIES","HEM","Perez-Farrera, M.A.","970","M.E.L.M.","E","HEM2025",1,"Vittaria graminifolia",15.6641666666667,-92.8136111111111,"","change1: Filled coordinateUncertaintyInMeters from decimal-place precision (conservative). | epi_taxo: acceptedName(match1); authorship_epig(match1); genus_from_scientificName; family_WFO; order_majorGroup_WCVP [2026-03-11] | CoordinateCleaner QA applied without sea test (validity, equal, zeros, capitals, centroids, gbif, institutions) [2026-03-29]","standardized authors names in recordedBy","Colección","M.A. Pérez-Farrera","M.E.L.M."
"4125","HEM2025_4125","PreservedSpecimen","Coleccion",NA,"UNICACH","SPECIES","HEM","H.G.D.","1234","H.G.D.","E","HEM2025",1,"Vittaria graminifolia",15.5525833333333,-92.6349166666667,"","change1: Filled coordinateUncertaintyInMeters from decimal-place precision (conservative). | epi_taxo: acceptedName(match1); authorship_epig(match1); genus_from_scientificName; family_WFO; order_majorGroup_WCVP [2026-03-11] | CoordinateCleaner QA applied without sea test (validity, equal, zeros, capitals, centroids, gbif, institutions) [2026-03-29]","","Colección","H.G.D.","H.G.D."
"4126","HEM2025_4126","PreservedSpecimen","Coleccion",NA,"UNICACH","SPECIES","HEM","E.M.S. | A.M.G. | G.U. | M.R.","19719","Perez-Farrera, M.A.","E","HEM2025",1,"Vittaria graminifolia",15.0902777777778,-92.1013888888889,"1987-02-07","change1: Filled coordinateUncertaintyInMeters from decimal-place precision (conservative). | epi_taxo: acceptedName(match1); authorship_epig(match1); genus_from_scientificName; family_WFO; order_majorGroup_WCVP [2026-03-11] | CoordinateCleaner QA applied without sea test (validity, equal, zeros, capitals, centroids, gbif, institutions) [2026-03-29]","standardized authors names in recordedBy / standardized authors names in identifiedBy","Colección","E.M.S. & A.M.G. & G.U. & M.R.","M.A. Pérez-Farrera"
"4127","HEM2025_4127","PreservedSpecimen","Coleccion",NA,"UNICACH","SPECIES","HEM","N.M.M.","1533","N.M.M.","E","HEM2025",1,"Vittaria graminifolia",15.8138888888889,-93.0305555555556,"2006-04-20","change1: Filled coordinateUncertaintyInMeters from decimal-place precision (conservative). | epi_taxo: acceptedName(match1); authorship_epig(match1); genus_from_scientificName; family_WFO; order_majorGroup_WCVP [2026-03-11] | CoordinateCleaner QA applied without sea test (validity, equal, zeros, capitals, centroids, gbif, institutions) [2026-03-29]","","Colección","N.M.M.","N.M.M."
"4128","HEM2025_4128","PreservedSpecimen","Coleccion",NA,"UNICACH","SPECIES","HEM","N.M.M.","1777","Perez-Farrera, M.A.","E","HEM2025",1,"Vittaria graminifolia",15.7230555555556,-93.0013888888889,"2006-10-13","change1: Filled coordinateUncertaintyInMeters from decimal-place precision (conservative). | epi_taxo: acceptedName(match1); authorship_epig(match1); genus_from_scientificName; family_WFO; order_majorGroup_WCVP [2026-03-11] | CoordinateCleaner QA applied without sea test (validity, equal, zeros, capitals, centroids, gbif, institutions) [2026-03-29]","standardized authors names in identifiedBy","Colección","N.M.M.","M.A. Pérez-Farrera"
"4129","HEM2025_4129","PreservedSpecimen","Coleccion",NA,"UNICACH","SPECIES","HEM","J.M.M.","1545","J.M.M.","E","HEM2025",1,"Vittaria graminifolia",15.7572222222222,-93.0236111111111,"2006-10-15","change1: Filled coordinateUncertaintyInMeters from decimal-place precision (conservative). | epi_taxo: acceptedName(match1); authorship_epig(match1); genus_from_scientificName; family_WFO; order_majorGroup_WCVP [2026-03-11] | CoordinateCleaner QA applied without sea test (validity, equal, zeros, capitals, centroids, gbif, institutions) [2026-03-29]","","Colección","J.M.M.","J.M.M."
"4130","HEM2025_4130","PreservedSpecimen","Coleccion",NA,"UNICACH","SPECIES","HEM","U.G.M. | Najarro, F.H.","24","U.G.M.","E","HEM2025",1,"Vittaria graminifolia",15.9802777777778,-93.4677777777778,"2002-10-12","change1: Filled coordinateUncertaintyInMeters from decimal-place precision (conservative). | epi_taxo: acceptedName(match1); authorship_epig(match1); genus_from_scientificName; family_WFO; order_majorGroup_WCVP [2026-03-11] | CoordinateCleaner QA applied without sea test (validity, equal, zeros, capitals, centroids, gbif, institutions) [2026-03-29]","standardized authors names in recordedBy","Colección","U.G.M. & F.H. Najarro","U.G.M."
"4131","HEM2025_4131","PreservedSpecimen","Coleccion",NA,"UNICACH","SPECIES","HEM","Perez-Farrera, M.A.","410","Perez-Farrera, M.A.","E","HEM2025",1,"Vittaria graminifolia",16.1972222222222,-93.7083333333333,"1995-05-24","change1: Filled coordinateUncertaintyInMeters from decimal-place precision (conservative). | epi_taxo: acceptedName(match1); authorship_epig(match1); genus_from_scientificName; family_WFO; order_majorGroup_WCVP [2026-03-11] | CoordinateCleaner QA applied without sea test (validity, equal, zeros, capitals, centroids, gbif, institutions) [2026-03-29]","standardized authors names in recordedBy / standardized authors names in identifiedBy","Colección","M.A. Pérez-Farrera","M.A. Pérez-Farrera"
"4132","HEM2025_4132","PreservedSpecimen","Coleccion",NA,"UNICACH","SPECIES","HEM","Perez-Farrera, M.A.","508","Perez-Farrera, M.A.","E","HEM2025",1,"Vittaria graminifolia",16.1972222222222,-93.7083333333333,"1996-06-11","change1: Filled coordinateUncertaintyInMeters from decimal-place precision (conservative). | epi_taxo: acceptedName(match1); authorship_epig(match1); genus_from_scientificName; family_WFO; order_majorGroup_WCVP [2026-03-11] | CoordinateCleaner QA applied without sea test (validity, equal, zeros, capitals, centroids, gbif, institutions) [2026-03-29]","standardized authors names in recordedBy / standardized authors names in identifiedBy","Colección","M.A. Pérez-Farrera","M.A. Pérez-Farrera"
"4133","HEM2025_4133","PreservedSpecimen","Coleccion",NA,"UNICACH","SPECIES","HEM","Perez-Farrera, M.A.","1317","M.E.L.M.","E","HEM2025",1,"Vittaria graminifolia",15.7213888888889,-92.9522222222222,"1996-11-05","change1: Filled coordinateUncertaintyInMeters from decimal-place precision (conservative). | epi_taxo: acceptedName(match1); authorship_epig(match1); genus_from_scientificName; family_WFO; order_majorGroup_WCVP [2026-03-11] | CoordinateCleaner QA applied without sea test (validity, equal, zeros, capitals, centroids, gbif, institutions) [2026-03-29]","standardized authors names in recordedBy","Colección","M.A. Pérez-Farrera","M.E.L.M."
"4134","HEM2025_4134","PreservedSpecimen","Coleccion",NA,"UNICACH","SPECIES","HEM","V.M.","68-bis","Perez-Farrera, M.A.","E","HEM2025",1,"Vittaria graminifolia",15.4805555555556,-92.6055555555556,"1999-01-27","change1: Filled coordinateUncertaintyInMeters from decimal-place precision (conservative). | epi_taxo: acceptedName(match1); authorship_epig(match1); genus_from_scientificName; family_WFO; order_majorGroup_WCVP [2026-03-11] | CoordinateCleaner QA applied without sea test (validity, equal, zeros, capitals, centroids, gbif, institutions) [2026-03-29]","standardized authors names in identifiedBy","Colección","V.M.","M.A. Pérez-Farrera"
"4135","HEM2025_4135","PreservedSpecimen","Coleccion",NA,"UNICACH","SPECIES","HEM","M.M.M. | M.D.E.M.","692","Perez-Farrera, M.A.","E","HEM2025",1,"Vittaria graminifolia",15.2601388888889,-92.2172777777778,"2013-02-08","change1: Filled coordinateUncertaintyInMeters from decimal-place precision (conservative). | epi_taxo: acceptedName(match1); authorship_epig(match1); genus_from_scientificName; family_WFO; order_majorGroup_WCVP [2026-03-11] | CoordinateCleaner QA applied without sea test (validity, equal, zeros, capitals, centroids, gbif, institutions) [2026-03-29]","standardized authors names in recordedBy / standardized authors names in identifiedBy","Colección","M.M.M. & M.D.E.M.","M.A. Pérez-Farrera"
"4136","HEM2025_4136","PreservedSpecimen","Coleccion",NA,"UNICACH","SPECIES","HEM","M.M.M. | M.D.E.M.","1285","Perez-Farrera, M.A.","E","HEM2025",1,"Vittaria graminifolia",15.08625,-92.0986944444444,"2013-04-27","change1: Filled coordinateUncertaintyInMeters from decimal-place precision (conservative). | epi_taxo: acceptedName(match1); authorship_epig(match1); genus_from_scientificName; family_WFO; order_majorGroup_WCVP [2026-03-11] | CoordinateCleaner QA applied without sea test (validity, equal, zeros, capitals, centroids, gbif, institutions) [2026-03-29]","standardized authors names in recordedBy / standardized authors names in identifiedBy","Colección","M.M.M. & M.D.E.M.","M.A. Pérez-Farrera"
"4137","HEM2025_4137","PreservedSpecimen","Coleccion",NA,"UNICACH","SPECIES","HEM","M.M.M. | M.A.D.V.","1601","N.M.M. | J.M.M.","E","HEM2025",1,"Vittaria graminifolia",15.0990833333333,-92.0988333333333,"2013-05-03","change1: Filled coordinateUncertaintyInMeters from decimal-place precision (conservative). | epi_taxo: acceptedName(match1); authorship_epig(match1); genus_from_scientificName; family_WFO; order_majorGroup_WCVP [2026-03-11] | CoordinateCleaner QA applied without sea test (validity, equal, zeros, capitals, centroids, gbif, institutions) [2026-03-29]","standardized authors names in recordedBy / standardized authors names in identifiedBy","Colección","M.M.M. & M.A.D.V.","N.M.M. & J.M.M."
"4138","HEM2025_4138","PreservedSpecimen","Coleccion",NA,"UNICACH","SPECIES","HEM","M.M.M. | M.A.D.V.","1702","Perez-Farrera, M.A.","E","HEM2025",1,"Vittaria graminifolia",15.0828333333333,-92.0994444444444,"2013-05-25","change1: Filled coordinateUncertaintyInMeters from decimal-place precision (conservative). | epi_taxo: acceptedName(match1); authorship_epig(match1); genus_from_scientificName; family_WFO; order_majorGroup_WCVP [2026-03-11] | CoordinateCleaner QA applied without sea test (validity, equal, zeros, capitals, centroids, gbif, institutions) [2026-03-29]","standardized authors names in recordedBy / standardized authors names in identifiedBy","Colección","M.M.M. & M.A.D.V.","M.A. Pérez-Farrera"
"4139","HEM2025_4139","PreservedSpecimen","Coleccion",NA,"UNICACH","SPECIES","HEM","M.M.M. | M.A.D.V.","2144","N.M.M.","E","HEM2025",1,"Vittaria graminifolia",15.04225,-92.1473611111111,"2013-06-30","change1: Filled coordinateUncertaintyInMeters from decimal-place precision (conservative). | epi_taxo: acceptedName(match1); authorship_epig(match1); genus_from_scientificName; family_WFO; order_majorGroup_WCVP [2026-03-11] | CoordinateCleaner QA applied without sea test (validity, equal, zeros, capitals, centroids, gbif, institutions) [2026-03-29]","standardized authors names in recordedBy","Colección","M.M.M. & M.A.D.V.","N.M.M."
"4140","HEM2025_4140","PreservedSpecimen","Coleccion",NA,"UNICACH","SPECIES","HEM","Perez-Farrera, M.A.","457","Perez-Farrera, M.A.","E","HEM2025",1,"Vittaria graminifolia",16.3416666666667,-93.7083333333333,"1995-05-25","change1: Filled coordinateUncertaintyInMeters from decimal-place precision (conservative). | epi_taxo: acceptedName(match1); authorship_epig(match1); genus_from_scientificName; family_WFO; order_majorGroup_WCVP [2026-03-11] | CoordinateCleaner QA applied without sea test (validity, equal, zeros, capitals, centroids, gbif, institutions) [2026-03-29]","standardized authors names in recordedBy / standardized authors names in identifiedBy","Colección","M.A. Pérez-Farrera","M.A. Pérez-Farrera"
"4141","HEM2025_4141","PreservedSpecimen","Coleccion",NA,"UNICACH","SPECIES","HEM","M.M.M. | M.C.R.M.","2696","N.M.M.","E","HEM2025",1,"Vittaria graminifolia",15.1569722222222,-92.1405555555556,"2013-11-16","change1: Filled coordinateUncertaintyInMeters from decimal-place precision (conservative). | epi_taxo: acceptedName(match1); authorship_epig(match1); genus_from_scientificName; family_WFO; order_majorGroup_WCVP [2026-03-11] | CoordinateCleaner QA applied without sea test (validity, equal, zeros, capitals, centroids, gbif, institutions) [2026-03-29]","standardized authors names in recordedBy","Colección","M.M.M. & M.C.R.M.","N.M.M."
"4142","HEM2025_4142","PreservedSpecimen","Coleccion",NA,"UNICACH","SPECIES","HEM","M.E.L.M.","561","M.E.L.M.","E","HEM2025",1,"Vittaria graminifolia",15.8275,-93.0441666666667,"1999-11-18","change1: Filled coordinateUncertaintyInMeters from decimal-place precision (conservative). | epi_taxo: acceptedName(match1); authorship_epig(match1); genus_from_scientificName; family_WFO; order_majorGroup_WCVP [2026-03-11] | CoordinateCleaner QA applied without sea test (validity, equal, zeros, capitals, centroids, gbif, institutions) [2026-03-29]","","Colección","M.E.L.M.","M.E.L.M."
"4143","HEM2025_4143","PreservedSpecimen","Coleccion",NA,"UNICACH","SPECIES","HEM","Camilo, R.M. | M.I.L.R. | N.A.F.R.","2342","Camilo, R.M.","E","HEM2025",1,"Vittaria graminifolia",15.0905833333333,-92.1476388888889,"2014-07-06","change1: Filled coordinateUncertaintyInMeters from decimal-place precision (conservative). | epi_taxo: acceptedName(match1); authorship_epig(match1); genus_from_scientificName; family_WFO; order_majorGroup_WCVP [2026-03-11] | CoordinateCleaner QA applied without sea test (validity, equal, zeros, capitals, centroids, gbif, institutions) [2026-03-29]","standardized authors names in recordedBy / standardized authors names in identifiedBy","Colección","R.M. Camilo & M.I.L.R. & N.A.F.R.","R.M. Camilo"
"4144","HEM2025_4144","PreservedSpecimen","Coleccion",NA,"UNICACH","SPECIES","HEM","Camilo, R.M. | M.I.L.R. | N.A.F.R.","2404","Camilo, R.M.","E","HEM2025",1,"Vittaria graminifolia",15.1038611111111,-92.1321111111111,"2014-07-09","change1: Filled coordinateUncertaintyInMeters from decimal-place precision (conservative). | epi_taxo: acceptedName(match1); authorship_epig(match1); genus_from_scientificName; family_WFO; order_majorGroup_WCVP [2026-03-11] | CoordinateCleaner QA applied without sea test (validity, equal, zeros, capitals, centroids, gbif, institutions) [2026-03-29]","standardized authors names in recordedBy / standardized authors names in identifiedBy","Colección","R.M. Camilo & M.I.L.R. & N.A.F.R.","R.M. Camilo"
"4145","HEM2025_4145","PreservedSpecimen","Coleccion",NA,"UNICACH","SPECIES","HEM","M.M.M. | N.M.M. | R.J.R.V. | E.C.N.","4203","N.M.M.","E","HEM2025",1,"Vittaria graminifolia",15.0893888888889,-92.1465555555556,"2014-06-17","change1: Filled coordinateUncertaintyInMeters from decimal-place precision (conservative). | epi_taxo: acceptedName(match1); authorship_epig(match1); genus_from_scientificName; family_WFO; order_majorGroup_WCVP [2026-03-11] | CoordinateCleaner QA applied without sea test (validity, equal, zeros, capitals, centroids, gbif, institutions) [2026-03-29]","standardized authors names in recordedBy","Colección","M.M.M. & N.M.M. & R.J.R.V. & E.C.N.","N.M.M."
"4146","HEM2025_4146","PreservedSpecimen","Coleccion",NA,"UNICACH","SPECIES","HEM","M.M.M. | N.M.M. | R.J.R.V. | E.C.N.","4401","Perez-Farrera, M.A.","E","HEM2025",1,"Vittaria graminifolia",15.0996666666667,-92.1376944444444,"2014-06-19","change1: Filled coordinateUncertaintyInMeters from decimal-place precision (conservative). | epi_taxo: acceptedName(match1); authorship_epig(match1); genus_from_scientificName; family_WFO; order_majorGroup_WCVP [2026-03-11] | CoordinateCleaner QA applied without sea test (validity, equal, zeros, capitals, centroids, gbif, institutions) [2026-03-29]","standardized authors names in recordedBy / standardized authors names in identifiedBy","Colección","M.M.M. & N.M.M. & R.J.R.V. & E.C.N.","M.A. Pérez-Farrera"
"4147","HEM2025_4147","PreservedSpecimen","Coleccion",NA,"UNICACH","SPECIES","HEM","M.M.M. | A.L.C.","4892","N.M.M.","E","HEM2025",1,"Vittaria graminifolia",15.0976111111111,-92.168,"2014-08-16","change1: Filled coordinateUncertaintyInMeters from decimal-place precision (conservative). | epi_taxo: acceptedName(match1); authorship_epig(match1); genus_from_scientificName; family_WFO; order_majorGroup_WCVP [2026-03-11] | CoordinateCleaner QA applied without sea test (validity, equal, zeros, capitals, centroids, gbif, institutions) [2026-03-29]","standardized authors names in recordedBy","Colección","M.M.M. & A.L.C.","N.M.M."
"4148","HEM2025_4148","PreservedSpecimen","Coleccion",NA,"UNICACH","SPECIES","HEM","Camilo, R.M. | N.M.M.","2201","Camilo, R.M.","E","HEM2025",1,"Vittaria graminifolia",15.0969444444444,-92.1347222222222,"2014-08-15","change1: Filled coordinateUncertaintyInMeters from decimal-place precision (conservative). | epi_taxo: acceptedName(match1); authorship_epig(match1); genus_from_scientificName; family_WFO; order_majorGroup_WCVP [2026-03-11] | CoordinateCleaner QA applied without sea test (validity, equal, zeros, capitals, centroids, gbif, institutions) [2026-03-29]","standardized authors names in recordedBy / standardized authors names in identifiedBy","Colección","R.M. Camilo & N.M.M.","R.M. Camilo"
"4149","HEM2025_4149","PreservedSpecimen","Coleccion",NA,"UNICACH","SPECIES","HEM","M.M.M. | M.C.R.M.","5204","N.M.M.","E","HEM2025",1,"Vittaria graminifolia",15.1063611111111,-92.1741944444445,"2014-09-18","change1: Filled coordinateUncertaintyInMeters from decimal-place precision (conservative). | epi_taxo: acceptedName(match1); authorship_epig(match1); genus_from_scientificName; family_WFO; order_majorGroup_WCVP [2026-03-11] | CoordinateCleaner QA applied without sea test (validity, equal, zeros, capitals, centroids, gbif, institutions) [2026-03-29]","standardized authors names in recordedBy","Colección","M.M.M. & M.C.R.M.","N.M.M."
"4150","HEM2025_4150","PreservedSpecimen","Coleccion",NA,"UNICACH","SPECIES","HEM","Perez-Farrera, M.A.","245","Perez-Farrera, M.A.","E","HEM2025",1,"Vittaria graminifolia",16.1944444444444,-93.6083333333333,"1995-04-04","change1: Filled coordinateUncertaintyInMeters from decimal-place precision (conservative). | epi_taxo: acceptedName(match1); authorship_epig(match1); genus_from_scientificName; family_WFO; order_majorGroup_WCVP [2026-03-11] | CoordinateCleaner QA applied without sea test (validity, equal, zeros, capitals, centroids, gbif, institutions) [2026-03-29]","standardized authors names in recordedBy / standardized authors names in identifiedBy","Colección","M.A. Pérez-Farrera","M.A. Pérez-Farrera"
"4151","HEM2025_4151","PreservedSpecimen","Coleccion",NA,"UNICACH","SPECIES","HEM","M.E.L.M.","9","M.E.L.M.","E","HEM2025",1,"Vittaria graminifolia",15.8530555555556,-93.1511111111111,"1998-01-22","change1: Filled coordinateUncertaintyInMeters from decimal-place precision (conservative). | epi_taxo: acceptedName(match1); authorship_epig(match1); genus_from_scientificName; family_WFO; order_majorGroup_WCVP [2026-03-11] | CoordinateCleaner QA applied without sea test (validity, equal, zeros, capitals, centroids, gbif, institutions) [2026-03-29]","","Colección","M.E.L.M.","M.E.L.M."
"4152","HEM2025_4152","PreservedSpecimen","Coleccion",NA,"UNICACH","SPECIES","HEM","Perez-Farrera, M.A.","1958-bis2","Perez-Farrera, M.A.","E","HEM2025",1,"Vittaria graminifolia",16.5108333333333,-94.1275,"1999-05-20","change1: Filled coordinateUncertaintyInMeters from decimal-place precision (conservative). | epi_taxo: acceptedName(match1); authorship_epig(match1); genus_from_scientificName; family_WFO; order_majorGroup_WCVP [2026-03-11] | CoordinateCleaner QA applied without sea test (validity, equal, zeros, capitals, centroids, gbif, institutions) [2026-03-29]","standardized authors names in recordedBy / standardized authors names in identifiedBy","Colección","M.A. Pérez-Farrera","M.A. Pérez-Farrera"
"4153","HEM2025_4153","PreservedSpecimen","Coleccion",NA,"UNICACH","SPECIES","HEM","M.E.L.M.","66","M.E.L.M.","E","HEM2025",1,"Vittaria graminifolia",15.425,-92.6333333333333,"1998-01-26","change1: Filled coordinateUncertaintyInMeters from decimal-place precision (conservative). | epi_taxo: acceptedName(match1); authorship_epig(match1); genus_from_scientificName; family_WFO; order_majorGroup_WCVP [2026-03-11] | CoordinateCleaner QA applied without sea test (validity, equal, zeros, capitals, centroids, gbif, institutions) [2026-03-29]","","Colección","M.E.L.M.","M.E.L.M."
"4154","HEM2025_4154","PreservedSpecimen","Coleccion",NA,"UNICACH","SPECIES","HEM","Perez-Farrera, M.A.","341","Perez-Farrera, M.A.","E","HEM2025",1,"Vittaria graminifolia",16.1944444444444,-93.6083333333333,"1995-05-23","change1: Filled coordinateUncertaintyInMeters from decimal-place precision (conservative). | epi_taxo: acceptedName(match1); authorship_epig(match1); genus_from_scientificName; family_WFO; order_majorGroup_WCVP [2026-03-11] | CoordinateCleaner QA applied without sea test (validity, equal, zeros, capitals, centroids, gbif, institutions) [2026-03-29]","standardized authors names in recordedBy / standardized authors names in identifiedBy","Colección","M.A. Pérez-Farrera","M.A. Pérez-Farrera"
"4155","HEM2025_4155","PreservedSpecimen","Coleccion",NA,"UNICACH","SPECIES","HEM","M.E.L.M.","120","M.E.L.M.","E","HEM2025",1,"Vittaria graminifolia",15.6638888888889,-92.8202777777778,"1998-02-25","change1: Filled coordinateUncertaintyInMeters from decimal-place precision (conservative). | epi_taxo: acceptedName(match1); authorship_epig(match1); genus_from_scientificName; family_WFO; order_majorGroup_WCVP [2026-03-11] | CoordinateCleaner QA applied without sea test (validity, equal, zeros, capitals, centroids, gbif, institutions) [2026-03-29]","","Colección","M.E.L.M.","M.E.L.M."
"4156","HEM2025_4156","PreservedSpecimen","Coleccion",NA,"UNICACH","SPECIES","HEM","M.E.L.M.","190","M.E.L.M.","E","HEM2025",1,"Vittaria lineata",15.8388888888889,-93.0705555555556,"1999-02-11","change1: Filled coordinateUncertaintyInMeters from decimal-place precision (conservative). | epi_taxo: acceptedName(match1); authorship_epig(match1); genus_from_scientificName; family_WFO; order_majorGroup_WCVP [2026-03-11] | CoordinateCleaner QA applied without sea test (validity, equal, zeros, capitals, centroids, gbif, institutions) [2026-03-29]","","Colección","M.E.L.M.","M.E.L.M."
"4157","HEM2025_4157","PreservedSpecimen","Coleccion",NA,"UNICACH","SPECIES","HEM","M.M.M. | M.D.E.M.","1365","Perez-Farrera, M.A.","E","HEM2025",1,"Vittaria lineata",15.0844166666667,-92.10275,"2013-04-30","change1: Filled coordinateUncertaintyInMeters from decimal-place precision (conservative). | epi_taxo: acceptedName(match1); authorship_epig(match1); genus_from_scientificName; family_WFO; order_majorGroup_WCVP [2026-03-11] | CoordinateCleaner QA applied without sea test (validity, equal, zeros, capitals, centroids, gbif, institutions) [2026-03-29]","standardized authors names in recordedBy / standardized authors names in identifiedBy","Colección","M.M.M. & M.D.E.M.","M.A. Pérez-Farrera"
"4158","HEM2025_4158","PreservedSpecimen","Coleccion",NA,"UNICACH","SPECIES","HEM","M.M.M. | M.A.D.V.","2182","N.M.M.","E","HEM2025",1,"Vittaria lineata",15.0979166666667,-92.0847777777778,"2013-07-02","change1: Filled coordinateUncertaintyInMeters from decimal-place precision (conservative). | epi_taxo: acceptedName(match1); authorship_epig(match1); genus_from_scientificName; family_WFO; order_majorGroup_WCVP [2026-03-11] | CoordinateCleaner QA applied without sea test (validity, equal, zeros, capitals, centroids, gbif, institutions) [2026-03-29]","standardized authors names in recordedBy","Colección","M.M.M. & M.A.D.V.","N.M.M."
"4159","HEM2025_4159","PreservedSpecimen","Coleccion",NA,"UNICACH","SPECIES","HEM","M.M.M. | E.A.M.A.","4652","N.M.M.","E","HEM2025",1,"Vittaria lineata",15.0861111111111,-92.1467222222222,"2014-07-05","change1: Filled coordinateUncertaintyInMeters from decimal-place precision (conservative). | epi_taxo: acceptedName(match1); authorship_epig(match1); genus_from_scientificName; family_WFO; order_majorGroup_WCVP [2026-03-11] | CoordinateCleaner QA applied without sea test (validity, equal, zeros, capitals, centroids, gbif, institutions) [2026-03-29]","standardized authors names in recordedBy","Colección","M.M.M. & E.A.M.A.","N.M.M."
"4160","HEM2025_4160","PreservedSpecimen","Coleccion",NA,"UNICACH","SPECIES","HEM","M.M.M. | Camilo, R.M. | E.A.M.A. | M.I.L.R. | N.A.F.R.","4765","N.M.M.","E","HEM2025",1,"Vittaria lineata",15.0926111111111,-92.1466944444444,"2014-07-07","change1: Filled coordinateUncertaintyInMeters from decimal-place precision (conservative). | epi_taxo: acceptedName(match1); authorship_epig(match1); genus_from_scientificName; family_WFO; order_majorGroup_WCVP [2026-03-11] | CoordinateCleaner QA applied without sea test (validity, equal, zeros, capitals, centroids, gbif, institutions) [2026-03-29]","standardized authors names in recordedBy","Colección","M.M.M. & R.M. Camilo & E.A.M.A. & M.I.L.R. & N.A.F.R.","N.M.M."
"4161","HEM2025_4161","PreservedSpecimen","Coleccion",NA,"UNICACH","SPECIES","HEM","M.M.M. | A.L.C.","4870","N.M.M.","E","HEM2025",1,"Vittaria lineata",15.0942222222222,-92.1718611111111,"2014-08-15","change1: Filled coordinateUncertaintyInMeters from decimal-place precision (conservative). | epi_taxo: acceptedName(match1); authorship_epig(match1); genus_from_scientificName; family_WFO; order_majorGroup_WCVP [2026-03-11] | CoordinateCleaner QA applied without sea test (validity, equal, zeros, capitals, centroids, gbif, institutions) [2026-03-29]","standardized authors names in recordedBy","Colección","M.M.M. & A.L.C.","N.M.M."
"4162","HEM2025_4162","PreservedSpecimen","Coleccion",NA,"UNICACH","SPECIES","HEM","M.M.M. | M.C.R.M.","5091","N.M.M.","E","HEM2025",1,"Vittaria lineata",15.0993611111111,-92.1659722222222,"2014-09-16","change1: Filled coordinateUncertaintyInMeters from decimal-place precision (conservative). | epi_taxo: acceptedName(match1); authorship_epig(match1); genus_from_scientificName; family_WFO; order_majorGroup_WCVP [2026-03-11] | CoordinateCleaner QA applied without sea test (validity, equal, zeros, capitals, centroids, gbif, institutions) [2026-03-29]","standardized authors names in recordedBy","Colección","M.M.M. & M.C.R.M.","N.M.M."
"4163","HEM2025_4163","PreservedSpecimen","Coleccion",NA,"UNICACH","SPECIES","HEM","M.M.M. | M.C.R.M.","5251","N.M.M.","E","HEM2025",1,"Vittaria lineata",15.1086388888889,-92.1911666666667,"2014-09-20","change1: Filled coordinateUncertaintyInMeters from decimal-place precision (conservative). | epi_taxo: acceptedName(match1); authorship_epig(match1); genus_from_scientificName; family_WFO; order_majorGroup_WCVP [2026-03-11] | CoordinateCleaner QA applied without sea test (validity, equal, zeros, capitals, centroids, gbif, institutions) [2026-03-29]","standardized authors names in recordedBy","Colección","M.M.M. & M.C.R.M.","N.M.M."
"4164","HEM2025_4164","PreservedSpecimen","Coleccion",NA,"UNICACH","SPECIES","HEM","M.M.M. | M.C.R.M.","5324","N.M.M.","E","HEM2025",1,"Vittaria lineata",15.0847222222222,-92.175,"2014-09-22","change1: Filled coordinateUncertaintyInMeters from decimal-place precision (conservative). | epi_taxo: acceptedName(match1); authorship_epig(match1); genus_from_scientificName; family_WFO; order_majorGroup_WCVP [2026-03-11] | CoordinateCleaner QA applied without sea test (validity, equal, zeros, capitals, centroids, gbif, institutions) [2026-03-29]","standardized authors names in recordedBy","Colección","M.M.M. & M.C.R.M.","N.M.M."
"4165","HEM2025_4165","PreservedSpecimen","Coleccion",NA,"UNICACH","SPECIES","HEM","M.M.M. | D.A.J.L. | R.J.R.V.","5539","N.M.M.","E","HEM2025",1,"Vittaria lineata",15.1179722222222,-92.1553333333333,"2015-03-26","change1: Filled coordinateUncertaintyInMeters from decimal-place precision (conservative). | epi_taxo: acceptedName(match1); authorship_epig(match1); genus_from_scientificName; family_WFO; order_majorGroup_WCVP [2026-03-11] | CoordinateCleaner QA applied without sea test (validity, equal, zeros, capitals, centroids, gbif, institutions) [2026-03-29]","standardized authors names in recordedBy","Colección","M.M.M. & D.A.J.L. & R.J.R.V.","N.M.M."
"4166","HEM2025_4166","PreservedSpecimen","Coleccion",NA,"UNICACH","SPECIES","HEM","M.M.M. | S.H.J. | J.A.B.B.","5718","N.M.M.","E","HEM2025",1,"Vittaria lineata",15.2408055555556,-92.3045555555556,"2015-04-30","change1: Filled coordinateUncertaintyInMeters from decimal-place precision (conservative). | epi_taxo: acceptedName(match1); authorship_epig(match1); genus_from_scientificName; family_WFO; order_majorGroup_WCVP [2026-03-11] | CoordinateCleaner QA applied without sea test (validity, equal, zeros, capitals, centroids, gbif, institutions) [2026-03-29]","standardized authors names in recordedBy","Colección","M.M.M. & S.H.J. & J.A.B.B.","N.M.M."
"4167","HEM2025_4167","PreservedSpecimen","Coleccion",NA,"UNICACH","SPECIES","HEM","M.M.M. | S.H.J. | J.A.B.B.","5801","N.M.M.","E","HEM2025",1,"Vittaria lineata",15.2348888888889,-92.30525,"2015-05-01","change1: Filled coordinateUncertaintyInMeters from decimal-place precision (conservative). | epi_taxo: acceptedName(match1); authorship_epig(match1); genus_from_scientificName; family_WFO; order_majorGroup_WCVP [2026-03-11] | CoordinateCleaner QA applied without sea test (validity, equal, zeros, capitals, centroids, gbif, institutions) [2026-03-29]","standardized authors names in recordedBy","Colección","M.M.M. & S.H.J. & J.A.B.B.","N.M.M."
"4168","HEM2025_4168","PreservedSpecimen","Coleccion",NA,"UNICACH","SPECIES","HEM","M.M.M. | S.H.J. | J.A.B.B.","5858","N.M.M.","E","HEM2025",1,"Vittaria lineata",15.2288611111111,-92.3057777777778,"2015-05-02","change1: Filled coordinateUncertaintyInMeters from decimal-place precision (conservative). | epi_taxo: acceptedName(match1); authorship_epig(match1); genus_from_scientificName; family_WFO; order_majorGroup_WCVP [2026-03-11] | CoordinateCleaner QA applied without sea test (validity, equal, zeros, capitals, centroids, gbif, institutions) [2026-03-29]","standardized authors names in recordedBy","Colección","M.M.M. & S.H.J. & J.A.B.B.","N.M.M."
"4169","HEM2025_4169","PreservedSpecimen","Coleccion",NA,"UNICACH","SPECIES","HEM","M.M.M. | S.H.J. | V.E.G.J.","5944","N.M.M.","E","HEM2025",1,"Vittaria lineata",15.2297777777778,-92.317,"2015-05-30","change1: Filled coordinateUncertaintyInMeters from decimal-place precision (conservative). | epi_taxo: acceptedName(match1); authorship_epig(match1); genus_from_scientificName; family_WFO; order_majorGroup_WCVP [2026-03-11] | CoordinateCleaner QA applied without sea test (validity, equal, zeros, capitals, centroids, gbif, institutions) [2026-03-29]","standardized authors names in recordedBy","Colección","M.M.M. & S.H.J. & V.E.G.J.","N.M.M."
"4170","HEM2025_4170","PreservedSpecimen","Coleccion",NA,"UNICACH","SPECIES","HEM","M.M.M. | S.H.J. | V.E.G.J.","5958","N.M.M.","E","HEM2025",1,"Vittaria lineata",15.2297777777778,-92.317,"2015-05-30","change1: Filled coordinateUncertaintyInMeters from decimal-place precision (conservative). | epi_taxo: acceptedName(match1); authorship_epig(match1); genus_from_scientificName; family_WFO; order_majorGroup_WCVP [2026-03-11] | CoordinateCleaner QA applied without sea test (validity, equal, zeros, capitals, centroids, gbif, institutions) [2026-03-29]","standardized authors names in recordedBy","Colección","M.M.M. & S.H.J. & V.E.G.J.","N.M.M."
"4171","HEM2025_4171","PreservedSpecimen","Coleccion",NA,"UNICACH","SPECIES","HEM","M.M.M. | S.H.J. | V.E.G.J.","6029","N.M.M.","E","HEM2025",1,"Vittaria lineata",15.2342222222222,-92.3172777777778,"2015-06-01","change1: Filled coordinateUncertaintyInMeters from decimal-place precision (conservative). | epi_taxo: acceptedName(match1); authorship_epig(match1); genus_from_scientificName; family_WFO; order_majorGroup_WCVP [2026-03-11] | CoordinateCleaner QA applied without sea test (validity, equal, zeros, capitals, centroids, gbif, institutions) [2026-03-29]","standardized authors names in recordedBy","Colección","M.M.M. & S.H.J. & V.E.G.J.","N.M.M."
"4172","HEM2025_4172","PreservedSpecimen","Coleccion",NA,"UNICACH","SPECIES","HEM","M.M.M. | D.A.J.L. | R.J.R.V.","5462-BIS","N.M.M.","E","HEM2025",1,"Vittaria lineata",15.07075,-92.1635277777778,"2015-03-24","change1: Filled coordinateUncertaintyInMeters from decimal-place precision (conservative). | epi_taxo: acceptedName(match1); authorship_epig(match1); genus_from_scientificName; family_WFO; order_majorGroup_WCVP [2026-03-11] | CoordinateCleaner QA applied without sea test (validity, equal, zeros, capitals, centroids, gbif, institutions) [2026-03-29]","standardized authors names in recordedBy","Colección","M.M.M. & D.A.J.L. & R.J.R.V.","N.M.M."
"4173","HEM2025_4173","PreservedSpecimen","Coleccion",NA,"UNICACH","SPECIES","HEM","M.M.M. | D.A.J.L. | R.J.R.V.","5602","N.M.M.","E","HEM2025",1,"Vittaria lineata",15.0997777777778,-92.1679444444444,"2015-03-27","change1: Filled coordinateUncertaintyInMeters from decimal-place precision (conservative). | epi_taxo: acceptedName(match1); authorship_epig(match1); genus_from_scientificName; family_WFO; order_majorGroup_WCVP [2026-03-11] | CoordinateCleaner QA applied without sea test (validity, equal, zeros, capitals, centroids, gbif, institutions) [2026-03-29]","standardized authors names in recordedBy","Colección","M.M.M. & D.A.J.L. & R.J.R.V.","N.M.M."
"4174","HEM2025_4174","PreservedSpecimen","Coleccion",NA,"UNICACH","SPECIES","HEM","M.E.L.M.","411","M.E.L.M.","E","HEM2025",1,"Vittaria lineata",15.4836111111111,-92.6005555555555,"1999-07-01","change1: Filled coordinateUncertaintyInMeters from decimal-place precision (conservative). | epi_taxo: acceptedName(match1); authorship_epig(match1); genus_from_scientificName; family_WFO; order_majorGroup_WCVP [2026-03-11] | CoordinateCleaner QA applied without sea test (validity, equal, zeros, capitals, centroids, gbif, institutions) [2026-03-29]","","Colección","M.E.L.M.","M.E.L.M."
"4175","HEM2025_4175","PreservedSpecimen","Coleccion",NA,"UNICACH","SPECIES","HEM","J.M.M.","1679","C.T.","E","HEM2025",1,"Hillia loranthoides",15.8481944444444,-93.0384166666667,"2006-12-20","change1: Filled coordinateUncertaintyInMeters from decimal-place precision (conservative). | epi_taxo: acceptedName(match1); authorship_epig(match1); genus_from_scientificName; family_WFO; order_majorGroup_WCVP [2026-03-11] | CoordinateCleaner QA applied without sea test (validity, equal, zeros, capitals, centroids, gbif, institutions) [2026-03-29]","","Colección","J.M.M.","C.T."
"4176","HEM2025_4176","PreservedSpecimen","Coleccion",NA,"UNICACH","SPECIES","HEM","M.M.M. | N.M.M. | R.J.R.V. | E.C.N.","4392","N.M.M.","E","HEM2025",1,"Hillia loranthoides",15.0996666666667,-92.1376944444444,"2014-06-19","change1: Filled coordinateUncertaintyInMeters from decimal-place precision (conservative). | epi_taxo: acceptedName(match1); authorship_epig(match1); genus_from_scientificName; family_WFO; order_majorGroup_WCVP [2026-03-11] | CoordinateCleaner QA applied without sea test (validity, equal, zeros, capitals, centroids, gbif, institutions) [2026-03-29]","standardized authors names in recordedBy","Colección","M.M.M. & N.M.M. & R.J.R.V. & E.C.N.","N.M.M."
"4177","HEM2025_4177","PreservedSpecimen","Coleccion",NA,"UNICACH","SPECIES","HEM","M.M.M. | N.M.M. | R.J.R.V. | E.C.N.","4277","N.M.M.","E","HEM2025",1,"Hillia loranthoides",15.099,-92.1409722222222,"2014-06-18","change1: Filled coordinateUncertaintyInMeters from decimal-place precision (conservative). | epi_taxo: acceptedName(match1); authorship_epig(match1); genus_from_scientificName; family_WFO; order_majorGroup_WCVP [2026-03-11] | CoordinateCleaner QA applied without sea test (validity, equal, zeros, capitals, centroids, gbif, institutions) [2026-03-29]","standardized authors names in recordedBy","Colección","M.M.M. & N.M.M. & R.J.R.V. & E.C.N.","N.M.M."
"4178","HEM2025_4178","PreservedSpecimen","Coleccion",NA,"UNICACH","SPECIES","HEM","M.M.M. | N.M.M. | R.J.R.V. | E.C.N.","4519","N.M.M.","E","HEM2025",1,"Hillia loranthoides",15.0923888888889,-92.1485277777778,"2014-06-20","change1: Filled coordinateUncertaintyInMeters from decimal-place precision (conservative). | epi_taxo: acceptedName(match1); authorship_epig(match1); genus_from_scientificName; family_WFO; order_majorGroup_WCVP [2026-03-11] | CoordinateCleaner QA applied without sea test (validity, equal, zeros, capitals, centroids, gbif, institutions) [2026-03-29]","standardized authors names in recordedBy","Colección","M.M.M. & N.M.M. & R.J.R.V. & E.C.N.","N.M.M."
"4179","HEM2025_4179","PreservedSpecimen","Coleccion",NA,"UNICACH","SPECIES","HEM","M.M.M. | Camilo, R.M. | E.A.M.A. | M.I.L.R. | N.A.F.R.","4749","N.M.M.","E","HEM2025",1,"Hillia loranthoides",15.0926111111111,-92.1466944444444,"2014-07-07","change1: Filled coordinateUncertaintyInMeters from decimal-place precision (conservative). | epi_taxo: acceptedName(match1); authorship_epig(match1); genus_from_scientificName; family_WFO; order_majorGroup_WCVP [2026-03-11] | CoordinateCleaner QA applied without sea test (validity, equal, zeros, capitals, centroids, gbif, institutions) [2026-03-29]","standardized authors names in recordedBy","Colección","M.M.M. & R.M. Camilo & E.A.M.A. & M.I.L.R. & N.A.F.R.","N.M.M."
"4180","HEM2025_4180","PreservedSpecimen","Coleccion",NA,"UNICACH","SPECIES","HEM","M.M.M. | A.L.C.","4975","N.M.M.","E","HEM2025",1,"Hillia loranthoides",15.10025,-92.1743333333333,"2014-08-18","change1: Filled coordinateUncertaintyInMeters from decimal-place precision (conservative). | epi_taxo: acceptedName(match1); authorship_epig(match1); genus_from_scientificName; family_WFO; order_majorGroup_WCVP [2026-03-11] | CoordinateCleaner QA applied without sea test (validity, equal, zeros, capitals, centroids, gbif, institutions) [2026-03-29]","standardized authors names in recordedBy","Colección","M.M.M. & A.L.C.","N.M.M."
"4181","HEM2025_4181","PreservedSpecimen","Coleccion",NA,"UNICACH","SPECIES","HEM","M.M.M. | M.C.R.M.","5162","N.M.M.","E","HEM2025",1,"Hillia loranthoides",15.1046944444444,-92.1807222222222,"2014-09-17","change1: Filled coordinateUncertaintyInMeters from decimal-place precision (conservative). | epi_taxo: acceptedName(match1); authorship_epig(match1); genus_from_scientificName; family_WFO; order_majorGroup_WCVP [2026-03-11] | CoordinateCleaner QA applied without sea test (validity, equal, zeros, capitals, centroids, gbif, institutions) [2026-03-29]","standardized authors names in recordedBy","Colección","M.M.M. & M.C.R.M.","N.M.M."
"4182","HEM2025_4182","PreservedSpecimen","Coleccion",NA,"UNICACH","SPECIES","HEM","N.M.M. | M.M.M. | E.C.N.","3993","N.M.M. | Camilo, R.M.","E","HEM2025",1,"Hillia loranthoides",15.1061111111111,-92.1593888888889,"2015-03-11","change1: Filled coordinateUncertaintyInMeters from decimal-place precision (conservative). | epi_taxo: acceptedName(match1); authorship_epig(match1); genus_from_scientificName; family_WFO; order_majorGroup_WCVP [2026-03-11] | CoordinateCleaner QA applied without sea test (validity, equal, zeros, capitals, centroids, gbif, institutions) [2026-03-29]","standardized authors names in recordedBy / standardized authors names in identifiedBy","Colección","N.M.M. & M.M.M. & E.C.N.","N.M.M. & R.M. Camilo"
"4183","HEM2025_4183","PreservedSpecimen","Coleccion",NA,"UNICACH","GENUS","HEM","M.M.M. | A.L.C.","5025","N.M.M.","E","HEM2025",NA,"",15.1135833333333,-92.1829444444444,"2014-08-19","change1: Genus placeholder (sp./spp.): moved to 'genus', set taxonRank=GENUS, cleared scientificName; kept original in verbatim. | change2: Filled coordinateUncertaintyInMeters from decimal-place precision (conservative). | epi_taxo: acceptedName(match1); authorship_epig(match1); genus_from_scientificName; family_WFO; order_majorGroup_WCVP [2026-03-11] | CoordinateCleaner QA applied without sea test (validity, equal, zeros, capitals, centroids, gbif, institutions) [2026-03-29]","standardized authors names in recordedBy","Colección","M.M.M. & A.L.C.","N.M.M."
"4184","HEM2025_4184","PreservedSpecimen","Coleccion",NA,"UNICACH","SPECIES","HEM","M.M.M. | E.A.M.A.","4808","N.M.M.","HE","HEM2025",1,"Hillia triflora",15.0935,-92.1405,"2014-07-08","change1: Filled coordinateUncertaintyInMeters from decimal-place precision (conservative). | epi_taxo: acceptedName(match1); authorship_epig(match1); genus_from_scientificName; family_WFO; order_majorGroup_WCVP [2026-03-11] | CoordinateCleaner QA applied without sea test (validity, equal, zeros, capitals, centroids, gbif, institutions) [2026-03-29]","standardized authors names in recordedBy","Colección","M.M.M. & E.A.M.A.","N.M.M."
"4185","HEM2025_4185","PreservedSpecimen","Coleccion",NA,"UNICACH","FORM","HEM","M.M.M. | M.D.E.M.","762","N.M.M. | J.M.M.","E","HEM2025",1,"Nertera granadensis",15.2596666666667,-92.2186388888889,"2013-02-10","change1: Corrected taxonRank (SPECIES→FORM); kept scientificName as-is. | change2: Filled coordinateUncertaintyInMeters from decimal-place precision (conservative). | epi_taxo: acceptedName(match1); authorship_epig(match1); genus_from_scientificName; family_WFO; order_majorGroup_WCVP [2026-03-11] | CoordinateCleaner QA applied without sea test (validity, equal, zeros, capitals, centroids, gbif, institutions) [2026-03-29]","standardized authors names in recordedBy / standardized authors names in identifiedBy","Colección","M.M.M. & M.D.E.M.","N.M.M. & J.M.M."
"4186","HEM2025_4186","PreservedSpecimen","Coleccion",NA,"UNICACH","FORM","HEM","M.M.M. | S.H.J. | V.E.G.J.","5996","N.M.M.","E","HEM2025",1,"Nertera granadensis",15.2405277777778,-92.3088333333333,"2015-05-31","change1: Corrected taxonRank (SPECIES→FORM); kept scientificName as-is. | change2: Filled coordinateUncertaintyInMeters from decimal-place precision (conservative). | epi_taxo: acceptedName(match1); authorship_epig(match1); genus_from_scientificName; family_WFO; order_majorGroup_WCVP [2026-03-11] | CoordinateCleaner QA applied without sea test (validity, equal, zeros, capitals, centroids, gbif, institutions) [2026-03-29]","standardized authors names in recordedBy","Colección","M.M.M. & S.H.J. & V.E.G.J.","N.M.M."
"4187","HEM2025_4187","PreservedSpecimen","Coleccion",NA,"UNICACH","FORM","HEM","N.M.M. | M.M.M. | R.V.H.","4511","N.M.M.","E","HEM2025",1,"Nertera granadensis",15.1179166666667,-92.1011944444444,"2015-05-05","change1: Corrected taxonRank (SPECIES→FORM); kept scientificName as-is. | change2: Filled coordinateUncertaintyInMeters from decimal-place precision (conservative). | epi_taxo: acceptedName(match1); authorship_epig(match1); genus_from_scientificName; family_WFO; order_majorGroup_WCVP [2026-03-11] | CoordinateCleaner QA applied without sea test (validity, equal, zeros, capitals, centroids, gbif, institutions) [2026-03-29]","standardized authors names in recordedBy","Colección","N.M.M. & M.M.M. & R.V.H.","N.M.M."
"4188","HEM2025_4188","PreservedSpecimen","Coleccion",NA,"UNICACH","SPECIES","HEM","M.H. | A.L.","93","J.M.M.","HE","HEM2025",1,"Gibsoniothamnus cornutus",15.6775,-92.8275,"1989-08-07","change1: Filled coordinateUncertaintyInMeters from decimal-place precision (conservative). | epi_taxo: acceptedName(match1); authorship_epig(match1); genus_from_scientificName; family_WFO; order_majorGroup_WCVP [2026-03-11] | CoordinateCleaner QA applied without sea test (validity, equal, zeros, capitals, centroids, gbif, institutions) [2026-03-29]","standardized authors names in recordedBy","Colección","M.H. & A.L.","J.M.M."
"4189","HEM2025_4189","PreservedSpecimen","Coleccion",NA,"UNICACH","SPECIES","HEM","N.M.M.","236","R.R.S.","HE","HEM2025",0,"",15.8011111111111,-93.0177777777778,"2002-02-23","change1: Filled coordinateUncertaintyInMeters from decimal-place precision (conservative). | epi_taxo: acceptedName(match1); authorship_epig(match1); genus_from_scientificName; family_WFO; order_majorGroup_WCVP [2026-03-11] | CoordinateCleaner QA applied without sea test (validity, equal, zeros, capitals, centroids, gbif, institutions) [2026-03-29]","","Colección","N.M.M.","R.R.S."
"4190","HEM2025_4190","PreservedSpecimen","Coleccion",NA,"UNICACH","SPECIES","HEM","Camilo, R.M.","329-BIS","Camilo, R.M.","NV","HEM2025",0,"",15.5976388888889,-92.6570277777778,"2005-07-22","change1: Filled coordinateUncertaintyInMeters from decimal-place precision (conservative). | epi_taxo: acceptedName(match1); authorship_epig(match1); genus_from_scientificName; family_WFO; order_majorGroup_WCVP [2026-03-11] | CoordinateCleaner QA applied without sea test (validity, equal, zeros, capitals, centroids, gbif, institutions) [2026-03-29]","standardized authors names in recordedBy / standardized authors names in identifiedBy","Colección","R.M. Camilo","R.M. Camilo"
"4191","HEM2025_4191","PreservedSpecimen","Coleccion",NA,"UNICACH","SPECIES","HEM","M.G.D.","411","M.G.D.","HE","HEM2025",1,"Juanulloa mexicana",15.1027777777778,-92.0880555555556,"2005-11-23","change1: Filled coordinateUncertaintyInMeters from decimal-place precision (conservative). | epi_taxo: acceptedName(match1); authorship_epig(match1); genus_from_scientificName; family_WFO; order_majorGroup_WCVP [2026-03-11] | CoordinateCleaner QA applied without sea test (validity, equal, zeros, capitals, centroids, gbif, institutions) [2026-03-29]","","Colección","M.G.D.","M.G.D."
"4192","HEM2025_4192","PreservedSpecimen","Coleccion",NA,"UNICACH","SPECIES","HEM","A.R.A.","105","O.F.S.","HE","HEM2025",1,"Juanulloa mexicana",16.0094444444444,-93.3780555555555,"2003-05-02","change1: Filled coordinateUncertaintyInMeters from decimal-place precision (conservative). | epi_taxo: acceptedName(match1); authorship_epig(match1); genus_from_scientificName; family_WFO; order_majorGroup_WCVP [2026-03-11] | CoordinateCleaner QA applied without sea test (validity, equal, zeros, capitals, centroids, gbif, institutions) [2026-03-29]","","Colección","A.R.A.","O.F.S."
"4193","HEM2025_4193","PreservedSpecimen","Coleccion",NA,"UNICACH","SPECIES","HEM","I.P.H.G.","15","O.F.S.","HE","HEM2025",1,"Juanulloa mexicana",15.9841666666667,-93.2883333333333,"2003-05-07","change1: Filled coordinateUncertaintyInMeters from decimal-place precision (conservative). | epi_taxo: acceptedName(match1); authorship_epig(match1); genus_from_scientificName; family_WFO; order_majorGroup_WCVP [2026-03-11] | CoordinateCleaner QA applied without sea test (validity, equal, zeros, capitals, centroids, gbif, institutions) [2026-03-29]","","Colección","I.P.H.G.","O.F.S."
"4194","HEM2025_4194","PreservedSpecimen","Coleccion",NA,"UNICACH","SPECIES","HEM","M.M.M. | M.C.R.M.","5168","N.M.M.","HE","HEM2025",1,"Juanulloa mexicana",15.1046944444444,-92.1807222222222,"2014-09-17","change1: Filled coordinateUncertaintyInMeters from decimal-place precision (conservative). | epi_taxo: acceptedName(match1); authorship_epig(match1); genus_from_scientificName; family_WFO; order_majorGroup_WCVP [2026-03-11] | CoordinateCleaner QA applied without sea test (validity, equal, zeros, capitals, centroids, gbif, institutions) [2026-03-29]","standardized authors names in recordedBy","Colección","M.M.M. & M.C.R.M.","N.M.M."
"4195","HEM2025_4195","PreservedSpecimen","Coleccion",NA,"UNICACH","SPECIES","HEM","M.M.M. | M.C.R.M.","5224","N.M.M.","HE","HEM2025",1,"Juanulloa mexicana",15.1086388888889,-92.1911666666667,"2014-09-20","change1: Filled coordinateUncertaintyInMeters from decimal-place precision (conservative). | epi_taxo: acceptedName(match1); authorship_epig(match1); genus_from_scientificName; family_WFO; order_majorGroup_WCVP [2026-03-11] | CoordinateCleaner QA applied without sea test (validity, equal, zeros, capitals, centroids, gbif, institutions) [2026-03-29]","standardized authors names in recordedBy","Colección","M.M.M. & M.C.R.M.","N.M.M."
"4196","HEM2025_4196","PreservedSpecimen","Coleccion",NA,"UNICACH","SPECIES","HEM","M.M.M. | M.C.R.M.","5320","N.M.M.","HE","HEM2025",1,"Juanulloa mexicana",15.0847222222222,-92.175,"2014-09-22","change1: Filled coordinateUncertaintyInMeters from decimal-place precision (conservative). | epi_taxo: acceptedName(match1); authorship_epig(match1); genus_from_scientificName; family_WFO; order_majorGroup_WCVP [2026-03-11] | CoordinateCleaner QA applied without sea test (validity, equal, zeros, capitals, centroids, gbif, institutions) [2026-03-29]","standardized authors names in recordedBy","Colección","M.M.M. & M.C.R.M.","N.M.M."
"4197","HEM2025_4197","PreservedSpecimen","Coleccion",NA,"UNICACH","SPECIES","HEM","M.M.M. | D.A.J.L. | R.J.R.V.","5427","N.M.M.","HE","HEM2025",1,"Juanulloa mexicana",15.07075,-92.1635277777778,"2015-03-24","change1: Filled coordinateUncertaintyInMeters from decimal-place precision (conservative). | epi_taxo: acceptedName(match1); authorship_epig(match1); genus_from_scientificName; family_WFO; order_majorGroup_WCVP [2026-03-11] | CoordinateCleaner QA applied without sea test (validity, equal, zeros, capitals, centroids, gbif, institutions) [2026-03-29]","standardized authors names in recordedBy","Colección","M.M.M. & D.A.J.L. & R.J.R.V.","N.M.M."
"4198","HEM2025_4198","PreservedSpecimen","Coleccion",NA,"UNICACH","SPECIES","HEM","M.M.M. | D.A.J.L. | R.J.R.V.","5655","N.M.M.","HE","HEM2025",1,"Juanulloa mexicana",15.0619444444444,-92.1101111111111,"2015-03-28","change1: Filled coordinateUncertaintyInMeters from decimal-place precision (conservative). | epi_taxo: acceptedName(match1); authorship_epig(match1); genus_from_scientificName; family_WFO; order_majorGroup_WCVP [2026-03-11] | CoordinateCleaner QA applied without sea test (validity, equal, zeros, capitals, centroids, gbif, institutions) [2026-03-29]","standardized authors names in recordedBy","Colección","M.M.M. & D.A.J.L. & R.J.R.V.","N.M.M."
"4199","HEM2025_4199","PreservedSpecimen","Coleccion",NA,"UNICACH","SPECIES","HEM","M.M.M. | M.C.R.M.","5274","N.M.M.","HE","HEM2025",1,"Juanulloa mexicana",15.0908888888889,-92.1786666666667,"2014-09-21","change1: Filled coordinateUncertaintyInMeters from decimal-place precision (conservative). | epi_taxo: acceptedName(match1); authorship_epig(match1); genus_from_scientificName; family_WFO; order_majorGroup_WCVP [2026-03-11] | CoordinateCleaner QA applied without sea test (validity, equal, zeros, capitals, centroids, gbif, institutions) [2026-03-29]","standardized authors names in recordedBy","Colección","M.M.M. & M.C.R.M.","N.M.M."
"4200","HEM2025_4200","PreservedSpecimen","Coleccion",NA,"UNICACH","SPECIES","HEM","E.M.S. | A.M.G. | G.U. | M.R.","19898","E.M.S.","HE","HEM2025",1,"Juanulloa mexicana",14.9594444444444,-92.1655555555556,"1987-02-09","change1: Filled coordinateUncertaintyInMeters from decimal-place precision (conservative). | epi_taxo: acceptedName(match1); authorship_epig(match1); genus_from_scientificName; family_WFO; order_majorGroup_WCVP [2026-03-11] | CoordinateCleaner QA applied without sea test (validity, equal, zeros, capitals, centroids, gbif, institutions) [2026-03-29]","standardized authors names in recordedBy","Colección","E.M.S. & A.M.G. & G.U. & M.R.","E.M.S."
"4201","HEM2025_4201","PreservedSpecimen","Coleccion",NA,"UNICACH","SPECIES","HEM","J.C.S. | A.R.G. | M.E.L.V. | A.E.","22947","Montero, J.C.","HE","HEM2025",1,"Juanulloa mexicana",16.4366666666667,-93.9269444444444,"2002-04-25","change1: Filled coordinateUncertaintyInMeters from decimal-place precision (conservative). | epi_taxo: acceptedName(match1); authorship_epig(match1); genus_from_scientificName; family_WFO; order_majorGroup_WCVP [2026-03-11] | CoordinateCleaner QA applied without sea test (validity, equal, zeros, capitals, centroids, gbif, institutions) [2026-03-29]","standardized authors names in recordedBy / standardized authors names in identifiedBy","Colección","J.C.S. & A.R.G. & M.E.L.V. & A.E.","J.C. Montero"
"4202","HEM2025_4202","PreservedSpecimen","Coleccion",NA,"UNICACH","SPECIES","HEM","J.A.E.J.","1514","J.A.E.J.","HE","HEM2025",3,"Lycianthes nitida",16.88275,-93.7121666666667,"2012-04-26","change1: Canonicalized scientificName to binomial and moved trailing authorship. | change2: Removed infrageneric parentheticals: 'Lycianthes (Eulycianthes) (Perennans) ciliolata' → 'Lycianthes ciliolata'. | change3: Filled coordinateUncertaintyInMeters from decimal-place precision (conservative). | epi_taxo: acceptedName(match1); authorship_epig(match1); genus_from_scientificName; family_WFO; order_majorGroup_WCVP [2026-03-11] | CoordinateCleaner QA applied without sea test (validity, equal, zeros, capitals, centroids, gbif, institutions) [2026-03-29]","","Colección","J.A.E.J.","J.A.E.J."
"4203","HEM2025_4203","PreservedSpecimen","Coleccion",NA,"UNICACH","SPECIES","HEM","M.M.M. | S.H.J. | V.E.G.J.","6070","N.M.M.","HE","HEM2025",1,"Solandra grandiflora",15.2440833333333,-92.2781111111111,"2015-06-01","change1: Filled coordinateUncertaintyInMeters from decimal-place precision (conservative). | epi_taxo: acceptedName(match1); authorship_epig(match1); genus_from_scientificName; family_WFO; order_majorGroup_WCVP [2026-03-11] | CoordinateCleaner QA applied without sea test (validity, equal, zeros, capitals, centroids, gbif, institutions) [2026-03-29]","standardized authors names in recordedBy","Colección","M.M.M. & S.H.J. & V.E.G.J.","N.M.M."
"4204","HEM2025_4204","PreservedSpecimen","Coleccion",NA,"UNICACH","SPECIES","HEM","M.M.M. | S.H.J. | J.A.B.B.","5755","N.M.M.","HE","HEM2025",1,"Solandra maxima",15.2408055555556,-92.3045555555556,"2015-04-30","change1: Filled coordinateUncertaintyInMeters from decimal-place precision (conservative). | epi_taxo: acceptedName(match1); authorship_epig(match1); genus_from_scientificName; family_WFO; order_majorGroup_WCVP [2026-03-11] | CoordinateCleaner QA applied without sea test (validity, equal, zeros, capitals, centroids, gbif, institutions) [2026-03-29]","standardized authors names in recordedBy","Colección","M.M.M. & S.H.J. & J.A.B.B.","N.M.M."
"4205","HEM2025_4205","PreservedSpecimen","Coleccion",NA,"UNICACH","SPECIES","HEM","M.E.L.M.","436-bis","N.M.M.","HE","HEM2025",1,"Pilea dauciodora",15.4836111111111,-92.6005555555555,"1999-07-01","change1: Filled coordinateUncertaintyInMeters from decimal-place precision (conservative). | epi_taxo: acceptedName(match1); authorship_epig(match1); genus_from_scientificName; family_WFO; order_majorGroup_WCVP [2026-03-11] | CoordinateCleaner QA applied without sea test (validity, equal, zeros, capitals, centroids, gbif, institutions) [2026-03-29]","","Colección","M.E.L.M.","N.M.M."
"4206","HEM2025_4206","PreservedSpecimen","Coleccion",NA,"UNICACH","SPECIES","HEM","M.M.M. | M.D.E.M.","1447","Camilo, R.M.","HE","HEM2025",1,"Pilea dauciodora",15.0858333333333,-92.0996111111111,"2013-04-30","change1: Filled coordinateUncertaintyInMeters from decimal-place precision (conservative). | epi_taxo: acceptedName(match1); authorship_epig(match1); genus_from_scientificName; family_WFO; order_majorGroup_WCVP [2026-03-11] | CoordinateCleaner QA applied without sea test (validity, equal, zeros, capitals, centroids, gbif, institutions) [2026-03-29]","standardized authors names in recordedBy / standardized authors names in identifiedBy","Colección","M.M.M. & M.D.E.M.","R.M. Camilo"
"4207","HEM2025_4207","PreservedSpecimen","Coleccion",NA,"UNICACH","SPECIES","HEM","N.M.M. | M.M.M. | R.V.H.","3127","N.M.M.","HE","HEM2025",1,"Pilea dauciodora",15.1036666666667,-92.1015277777778,"2014-09-23","change1: Filled coordinateUncertaintyInMeters from decimal-place precision (conservative). | epi_taxo: acceptedName(match1); authorship_epig(match1); genus_from_scientificName; family_WFO; order_majorGroup_WCVP [2026-03-11] | CoordinateCleaner QA applied without sea test (validity, equal, zeros, capitals, centroids, gbif, institutions) [2026-03-29]","standardized authors names in recordedBy","Colección","N.M.M. & M.M.M. & R.V.H.","N.M.M."
"4208","HEM2025_4208","PreservedSpecimen","Coleccion",NA,"UNICACH","SPECIES","HEM","M.M.M. | Camilo, R.M. | E.A.M.A. | M.I.L.R. | N.A.F.R.","4767","N.M.M.","HE","HEM2025",1,"Pilea pubescens",15.0926111111111,-92.1466944444444,"2014-07-07","change1: Filled coordinateUncertaintyInMeters from decimal-place precision (conservative). | epi_taxo: acceptedName(match1); authorship_epig(match1); genus_from_scientificName; family_WFO; order_majorGroup_WCVP [2026-03-11] | CoordinateCleaner QA applied without sea test (validity, equal, zeros, capitals, centroids, gbif, institutions) [2026-03-29]","standardized authors names in recordedBy","Colección","M.M.M. & R.M. Camilo & E.A.M.A. & M.I.L.R. & N.A.F.R.","N.M.M."
"4209","HEM2025_4209","PreservedSpecimen","Coleccion",NA,"UNICACH","GENUS","HEM","N.M.M.","124","N.M.M.","HE","HEM2025",NA,"",15.7,-92.9805555555556,"2001-12-21","change1: Genus placeholder (sp./spp.): moved to 'genus', set taxonRank=GENUS, cleared scientificName; kept original in verbatim. | change2: Filled coordinateUncertaintyInMeters from decimal-place precision (conservative). | epi_taxo: acceptedName(match1); authorship_epig(match1); genus_from_scientificName; family_WFO; order_majorGroup_WCVP [2026-03-11] | CoordinateCleaner QA applied without sea test (validity, equal, zeros, capitals, centroids, gbif, institutions) [2026-03-29]","","Colección","N.M.M.","N.M.M."
"4210","HEM2025_4210","PreservedSpecimen","Coleccion",NA,"UNICACH","SPECIES","HEM","A.E.R.A.","9","O.F.S.","NV","HEM2025",0,"",15.9722222222222,-93.3277777777778,"2003-05-06","change1: Filled coordinateUncertaintyInMeters from decimal-place precision (conservative). | epi_taxo: acceptedName(match1); authorship_epig(match1); genus_from_scientificName; family_WFO; order_majorGroup_WCVP [2026-03-11] | CoordinateCleaner QA applied without sea test (validity, equal, zeros, capitals, centroids, gbif, institutions) [2026-03-29]","","Colección","A.E.R.A.","O.F.S."
"4211","HEM2025_4211","PreservedSpecimen","Coleccion",NA,"UNICACH","SPECIES","HEM","M.G.P.D.","3","O.F.S.","NV","HEM2025",0,"",16.0586111111111,-93.3625,"2002-04-29","change1: Filled coordinateUncertaintyInMeters from decimal-place precision (conservative). | epi_taxo: acceptedName(match1); authorship_epig(match1); genus_from_scientificName; family_WFO; order_majorGroup_WCVP [2026-03-11] | CoordinateCleaner QA applied without sea test (validity, equal, zeros, capitals, centroids, gbif, institutions) [2026-03-29]","","Colección","M.G.P.D.","O.F.S."
